206 2
1 0 
1 6 1 1 0 1 0 1
1 16 1 1 1 1 1 0 1 1 0 1 1 0 0 0 0 0
1 54 1 1 1 1 1 0 1 1 1 1 1 1 0 1 1 1 1 1 0 0 0 1 0 1 1 0 1 1 1 1 1 0 0 1 0 1 0 1 0 1 0 1 0 1 1 1 1 1 0 1 1 1 0 1
1 74 1 1 1 1 1 1 1 1 1 1 1 1 1 0 1 1 1 0 1 1 0 1 1 1 1 0 0 0 0 0 1 0 1 1 1 1 1 1 1 1 1 1 0 0 0 0 0 1 1 1 1 1 0 1 1 1 1 1 1 1 1 1 1 0 1 1 1 1 0 0 0 1 1 1
1 24 1 0 1 1 1 1 1 1 1 1 1 1 0 1 1 1 1 0 0 0 0 0 0 1
1 10 1 1 0 1 1 1 0 1 0 1
1 2 0 1
1 54 0 1 1 1 1 0 1 1 1 0 1 1 1 1 1 1 0 1 1 1 1 0 0 0 0 0 0 0 1 1 1 1 1 0 1 1 1 0 1 1 1 0 1 1 0 0 0 1 0 1 0 1 0 1
1 20 0 1 1 1 1 0 1 0 1 0 1 0 1 0 0 0 0 1 1 1
1 20 0 1 1 0 0 0 0 0 0 1 1 1 0 0 0 0 0 0 1 1
1 50 1 1 0 1 1 0 1 1 0 1 1 1 0 0 0 1 1 1 1 1 0 1 1 0 1 1 1 0 1 1 1 1 1 1 1 0 1 1 1 1 1 1 0 1 1 1 1 0 0 0
1 21 0 1 1 1 0 0 0 1 1 0 1 0 1 0 1 0 0 0 0 0 0
1 39 1 1 1 1 0 1 1 1 1 1 1 1 1 1 1 1 1 1 1 0 1 1 0 1 1 1 1 0 0 0 0 1 1 0 1 1 1 0 1
1 64 1 1 0 1 0 1 0 1 1 0 1 1 1 1 1 1 1 1 1 1 0 1 1 1 1 0 0 0 1 0 1 0 1 0 0 0 0 0 1 0 1 1 1 1 1 1 1 1 1 1 1 0 1 1 0 1 0 0 0 0 0 1 0 1
1 51 1 1 0 1 1 1 1 1 0 1 0 0 0 0 0 1 0 1 1 1 0 1 1 0 1 1 0 0 0 0 1 0 1 1 1 1 1 1 0 1 1 1 1 1 0 0 0 0 0 0 0
1 4 1 1 1 1
1 40 1 1 1 1 0 1 0 1 1 1 1 1 0 1 1 1 1 1 1 1 1 1 1 0 1 1 1 0 1 1 1 1 1 1 0 1 1 1 0 0
1 136 1 0 1 1 1 1 1 1 1 1 1 1 0 1 1 0 0 0 0 1 0 1 0 1 0 1 0 1 0 1 1 1 1 0 0 0 0 0 1 1 0 1 1 1 1 1 0 1 1 1 1 1 1 1 1 1 1 1 1 1 0 1 1 1 0 0 1 0 1 1 1 1 1 1 1 0 1 1 1 0 1 1 1 1 1 1 0 1 1 1 1 0 0 0 0 0 0 1 0 1 0 1 0 1 0 1 1 0 1 1 1 1 1 1 0 1 1 1 0 0 0 1 0 1 0 1 0 1 0 0 0 0 1 1 1 0
1 75 0 1 1 1 1 1 0 1 1 1 1 1 1 0 1 1 1 1 1 1 1 1 1 1 1 0 1 1 0 1 0 0 0 0 0 0 1 0 0 0 0 1 0 1 0 1 0 1 1 0 1 0 1 0 1 1 0 1 0 1 0 1 0 1 1 0 1 0 1 0 1 0 1 0 1
1 24 0 1 0 1 1 0 1 1 0 1 1 1 1 0 0 0 0 0 0 0 0 0 0 0
1 30 0 1 0 1 0 1 0 1 1 1 1 1 0 1 0 1 0 1 0 1 0 1 0 1 0 1 0 1 0 1
1 10 1 1 1 1 1 1 0 1 1 1
1 14 1 1 1 1 0 1 1 1 0 1 1 1 0 1
1 36 1 1 1 1 1 0 1 1 1 0 1 1 1 0 1 1 1 1 1 1 0 1 1 1 1 0 0 0 0 1 0 1 0 1 0 1
1 68 0 1 1 1 1 1 1 1 1 1 1 1 1 0 1 1 1 1 1 1 0 1 1 1 1 1 0 0 0 0 1 1 0 1 1 1 1 1 1 1 1 1 1 1 1 1 1 0 1 1 1 1 0 0 0 0 0 1 0 1 0 1 0 1 0 1 0 1
1 26 1 0 1 1 1 1 1 1 1 0 1 1 0 1 1 1 1 1 0 0 0 1 0 1 0 1
1 57 1 0 1 1 1 0 1 1 1 0 1 1 1 0 1 1 0 0 0 0 0 0 1 0 1 1 0 0 0 0 1 0 1 0 1 0 1 0 1 0 0 0 0 1 1 0 1 1 0 1 1 0 0 0 0 0 0
1 37 0 1 0 1 1 1 1 1 1 0 1 1 1 0 1 1 1 0 1 1 1 0 1 1 1 0 1 1 0 1 1 1 0 0 0 0 0
1 14 1 0 1 1 0 1 1 1 1 1 0 0 0 0
0 23 1 1 1 1 1 1 1 1 0 1 1 1 1 1 1 1 1 1 1 1 1 1 1
0 21 1 1 1 1 1 0 1 1 1 0 1 1 1 0 1 1 0 1 1 1 1
0 21 1 0 1 1 1 0 1 1 1 0 1 1 1 1 1 1 0 1 1 1 1
0 2 1 0
0 1 1
0 12 1 0 1 1 1 1 1 1 1 0 1 1
0 17 1 0 1 1 1 0 1 1 1 0 1 1 1 1 1 1 0
0 21 1 1 1 1 1 0 1 1 1 0 1 1 1 0 1 1 1 1 1 1 0
0 27 1 1 1 1 1 1 1 1 0 1 1 1 1 1 1 1 1 1 1 1 1 1 1 1 1 1 1
0 11 1 0 1 1 1 1 1 1 1 0 1
0 15 1 1 1 1 1 0 1 1 1 0 1 1 1 0 1
0 14 1 1 1 1 1 0 1 1 1 1 1 1 1 0
0 19 1 0 1 1 1 0 1 1 1 0 1 1 1 1 1 1 0 1 1
0 17 1 0 1 1 1 1 1 1 1 1 1 1 1 1 1 1 0
0 9 1 1 1 1 0 1 1 1 1
0 16 1 1 1 1 1 0 1 1 1 0 1 1 1 0 1 1
0 15 1 1 1 1 1 1 1 1 0 1 1 1 1 1 1
0 15 1 0 1 1 1 1 1 1 1 1 1 1 1 0 1
0 10 1 0 1 1 1 0 1 1 1 0
0 17 1 1 1 1 1 0 1 1 1 1 1 1 1 1 1 1 1
0 15 1 1 1 1 1 0 1 1 1 1 1 1 0 1 1
0 18 1 0 1 1 1 1 1 1 1 1 1 1 1 1 1 1 0 1
0 11 1 1 1 1 1 1 1 1 0 1 1
0 16 1 0 1 1 1 1 1 1 1 1 1 1 1 0 1 1
0 8 1 0 1 1 0 1 1 1
0 5 1 1 1 1 1
0 16 1 1 1 1 1 0 1 1 1 1 1 1 0 1 1 1
0 9 1 1 1 1 1 0 1 1 1
0 11 1 1 1 1 1 0 1 1 1 1 1
0 18 1 0 1 1 1 0 1 1 1 0 1 1 1 1 1 1 0 1
0 22 1 1 1 1 1 0 1 1 1 0 1 1 1 0 1 1 0 1 1 1 1 1
0 11 1 0 1 1 1 1 1 1 1 1 1
0 16 1 1 1 1 1 0 1 1 1 1 1 1 1 0 1 1
0 21 1 1 1 1 1 0 1 1 1 1 1 1 1 1 1 1 1 0 1 1 0
0 9 1 0 1 1 1 1 1 1 1
0 15 1 1 1 1 1 0 1 1 1 1 1 1 1 1 1
0 5 1 0 1 1 1
0 9 1 0 1 1 1 1 1 1 0
0 13 1 0 1 1 1 1 1 1 1 0 1 1 0
0 25 1 1 1 1 1 0 1 1 1 0 1 1 1 0 1 1 1 1 1 1 0 1 1 1 1
0 18 1 1 1 1 1 0 1 1 1 0 1 1 1 0 1 1 1 1
0 15 1 1 1 1 1 0 1 1 1 1 1 1 1 0 1
0 33 1 1 1 1 1 1 1 1 0 1 1 1 1 1 1 1 1 1 1 1 1 1 1 1 1 1 1 1 1 1 1 1 1
0 17 1 0 1 1 1 1 1 1 1 1 1 1 1 0 1 1 0
0 6 1 0 1 1 1 0
0 16 1 0 1 1 1 1 1 1 1 1 1 1 1 1 1 1
0 19 1 1 1 1 1 0 1 1 1 0 1 1 1 0 1 1 0 1 1
0 17 1 1 1 1 1 0 1 1 1 1 1 1 1 0 1 1 1
0 8 1 1 1 1 1 0 1 1
0 14 1 0 1 1 1 1 1 1 1 1 1 1 1 0
0 14 1 0 1 1 1 1 1 1 1 1 1 1 1 1
0 18 1 1 1 1 1 0 1 1 1 1 1 1 1 0 1 1 1 1
0 16 1 1 1 1 1 1 1 1 1 1 1 1 1 0 1 1
0 21 1 1 1 1 1 1 1 1 1 1 1 1 1 0 1 1 1 0 1 1 0
0 16 1 0 1 1 1 1 1 1 1 0 1 1 0 1 1 1
0 16 1 0 1 1 1 1 1 1 1 1 1 1 0 1 1 1
0 1 0
0 19 1 1 1 1 1 1 1 1 1 1 1 1 1 0 1 1 1 1 1
0 19 1 1 1 1 1 0 1 1 1 0 1 1 1 0 1 1 1 1 1
0 20 1 1 1 1 1 0 1 1 1 0 1 1 1 0 1 1 1 1 1 1
0 3 0 1 1
0 13 1 1 1 1 1 1 1 1 0 1 1 1 1
0 14 1 0 1 1 1 1 1 1 1 0 1 1 1 1
0 10 1 1 1 1 1 0 1 1 1 1
0 3 1 1 1
0 19 1 0 1 1 1 1 1 1 1 1 1 1 1 1 1 1 0 1 1
0 19 1 0 1 1 1 1 1 1 1 0 1 1 1 1 1 1 1 0 1
0 22 1 1 1 1 1 0 1 1 1 1 1 1 1 1 1 1 1 0 1 1 0 1
0 20 1 1 1 1 1 0 1 1 1 1 1 1 1 1 1 1 1 0 1 1
0 24 1 1 1 1 1 1 1 1 1 1 1 1 1 0 1 1 1 1 1 1 0 1 1 1
0 18 1 1 1 1 1 0 1 1 1 1 1 1 1 1 1 1 1 0
0 18 1 0 1 1 1 1 1 1 1 1 1 1 1 0 1 1 0 1
0 13 1 0 1 1 1 1 1 1 1 1 1 1 1
0 22 1 1 1 1 1 1 1 1 1 1 1 1 1 0 1 1 1 1 1 1 0 1
0 15 1 1 1 1 1 1 1 1 1 1 1 1 1 0 1
0 20 1 1 1 1 1 0 1 1 1 0 1 1 1 0 1 1 0 1 1 1
0 14 1 1 1 1 1 0 1 1 1 1 1 1 1 1
0 3 1 0 1
0 23 1 0 1 1 1 1 1 1 1 0 1 1 1 1 1 1 1 0 1 1 0 1 1
0 23 1 1 1 1 1 0 1 1 1 0 1 1 1 0 1 1 1 1 1 1 0 1 1
0 17 1 1 1 1 1 1 1 1 0 1 1 1 1 1 1 1 1
0 9 1 0 1 1 1 0 1 1 1
0 20 1 0 1 1 1 0 1 1 1 0 1 1 1 1 1 1 0 1 1 1
0 3 1 1 0
0 22 1 0 1 1 1 1 1 1 1 0 1 1 1 1 1 1 1 0 1 1 0 1
0 25 1 1 1 1 1 1 1 1 1 1 1 1 1 0 1 1 1 1 1 1 0 1 1 1 1
0 13 1 0 1 1 1 0 1 1 1 0 1 1 0
0 18 1 0 1 1 1 1 1 1 1 0 1 1 1 1 1 1 1 0
0 7 1 1 0 1 1 1 1
0 14 1 0 1 1 1 0 1 1 1 0 1 1 1 1
0 21 1 0 1 1 1 1 1 1 1 1 1 1 1 0 1 1 0 1 1 1 1
0 21 1 1 1 1 1 0 1 1 1 1 1 1 1 0 1 1 1 1 1 1 0
0 5 1 0 1 1 0
0 18 1 1 1 1 1 0 1 1 1 0 1 1 1 0 1 1 0 1
0 13 1 1 1 1 1 1 1 1 1 1 1 1 1
0 16 1 0 1 1 1 0 1 1 1 0 1 1 1 1 1 1
0 8 1 0 1 1 1 1 1 1
0 17 1 1 1 1 1 0 1 1 1 0 1 1 1 0 1 1 1
0 20 1 0 1 1 1 1 1 1 1 1 1 1 1 1 1 1 0 1 1 1
0 11 1 0 1 1 1 0 1 1 1 0 1
0 17 1 1 1 1 1 0 1 1 1 1 1 1 0 1 1 1 1
0 15 1 0 1 1 1 1 1 1 1 0 1 1 1 1 1
0 13 1 1 1 1 1 0 1 1 1 1 1 1 0
0 12 1 1 1 1 1 0 1 1 1 0 1 1
0 22 1 1 1 1 1 0 1 1 1 0 1 1 1 0 1 1 1 1 1 1 0 1
0 15 1 0 1 1 1 0 1 1 1 0 1 1 1 1 1
0 12 1 0 1 1 1 1 1 1 1 1 1 1
0 19 1 1 1 1 1 0 1 1 1 1 1 1 1 0 1 1 1 1 1
0 14 1 0 1 1 1 1 1 1 1 0 1 1 0 1
0 9 1 1 1 1 1 1 1 1 1
0 20 1 1 1 1 1 1 1 1 1 1 1 1 1 0 1 1 1 0 1 1
0 7 1 0 1 1 1 0 1
0 19 1 1 1 1 1 1 1 1 0 1 1 1 1 1 1 1 1 1 1
0 21 1 1 1 1 1 1 1 1 0 1 1 1 1 1 1 1 1 1 1 1 1
0 6 1 1 1 1 1 0
0 6 1 0 1 1 0 1
0 17 1 0 1 1 1 1 1 1 1 0 1 1 1 1 1 1 1
0 18 1 1 1 1 1 1 1 1 1 1 1 1 1 0 1 1 1 0
0 21 1 1 1 1 1 1 1 1 1 1 1 1 1 0 1 1 1 1 1 1 0
0 14 1 0 1 1 1 0 1 1 1 0 1 1 0 1
0 18 1 1 1 1 1 0 1 1 1 1 1 1 0 1 1 1 1 1
0 20 1 0 1 1 1 1 1 1 1 0 1 1 1 1 1 1 1 0 1 1
0 5 0 1 1 1 1
0 31 1 1 1 1 1 1 1 1 0 1 1 1 1 1 1 1 1 1 1 1 1 1 1 1 1 1 1 1 1 1 1
0 13 1 0 1 1 1 0 1 1 1 0 1 1 1
0 18 1 0 1 1 1 1 1 1 1 1 1 1 0 1 1 1 1 1
0 21 1 0 1 1 1 1 1 1 1 0 1 1 1 1 1 1 1 0 1 1 0
0 35 1 1 1 1 1 1 1 1 0 1 1 1 1 1 1 1 1 1 1 1 1 1 1 1 1 1 1 1 1 1 1 1 1 1 1
0 20 1 1 1 1 1 0 1 1 1 1 1 1 1 0 1 1 1 1 1 1
0 11 1 1 1 1 1 0 1 1 1 0 1
0 14 1 1 1 1 1 0 1 1 1 0 1 1 1 0
0 5 1 1 0 1 1
0 8 1 0 1 1 1 0 1 1
0 4 1 0 1 1
0 14 1 1 1 1 1 0 1 1 1 1 1 1 0 1
0 15 1 0 1 1 1 1 1 1 1 1 1 1 0 1 1
0 23 1 1 1 1 1 1 1 1 1 1 1 1 1 0 1 1 1 1 1 1 0 1 1
0 15 1 0 1 1 1 1 1 1 1 1 1 1 1 1 1
0 6 1 0 1 1 1 1
0 13 1 1 1 1 1 0 1 1 1 0 1 1 1
0 22 1 0 1 1 1 1 1 1 1 1 1 1 1 0 1 1 0 1 1 1 1 1
0 7 1 0 1 1 0 1 1
0 14 1 1 1 1 1 1 1 1 1 1 1 1 1 0
0 24 1 1 1 1 1 0 1 1 1 0 1 1 1 0 1 1 1 1 1 1 0 1 1 1
0 12 1 0 1 1 1 0 1 1 1 0 1 1
0 19 1 1 1 1 1 0 1 1 1 1 1 1 1 1 1 1 1 0 1
0 7 1 0 1 1 1 1 1
0 13 1 0 1 1 1 1 1 1 1 0 1 1 1
0 19 1 1 1 1 1 1 1 1 1 1 1 1 1 0 1 1 1 0 1
0 7 1 1 1 1 0 1 1
0 10 1 0 1 1 1 1 1 1 1 0
0 18 1 1 1 1 1 1 1 1 1 1 1 1 1 0 1 1 1 1
0 12 1 1 1 1 1 0 1 1 1 1 1 1
0 7 1 1 1 1 1 1 1
0 17 1 0 1 1 1 1 1 1 1 1 1 1 0 1 1 1 1
0 20 1 0 1 1 1 1 1 1 1 1 1 1 1 0 1 1 0 1 1 1
0 16 1 0 1 1 1 1 1 1 1 0 1 1 1 1 1 1
0 7 1 1 1 1 1 0 1
0 13 1 0 1 1 1 1 1 1 1 1 1 1 0
0 29 1 1 1 1 1 1 1 1 0 1 1 1 1 1 1 1 1 1 1 1 1 1 1 1 1 1 1 1 1
0 14 1 0 1 1 1 1 1 1 1 1 1 1 0 1
0 5 1 1 1 1 0
0 15 1 0 1 1 1 1 1 1 1 0 1 1 0 1 1
0 19 1 0 1 1 1 1 1 1 1 1 1 1 1 0 1 1 0 1 1
0 9 1 1 1 1 1 1 1 1 0
0 17 1 1 1 1 1 1 1 1 1 1 1 1 1 0 1 1 1
0 20 1 1 1 1 1 1 1 1 1 1 1 1 1 0 1 1 1 1 1 1
0 10 1 0 1 1 1 1 1 1 1 1
0 17 1 0 1 1 1 1 1 1 1 0 1 1 0 1 1 1 1
0 11 1 1 1 1 1 1 1 1 1 1 1
0 17 1 1 1 1 1 0 1 1 1 0 1 1 1 0 1 1 0
0 10 1 1 1 1 1 0 1 1 1 0
0 25 1 1 1 1 1 1 1 1 0 1 1 1 1 1 1 1 1 1 1 1 1 1 1 1 1
0 22 1 0 1 1 1 0 1 1 1 0 1 1 1 1 1 1 0 1 1 1 1 1
0 16 1 1 1 1 1 0 1 1 1 1 1 1 1 1 1 1
0 13 1 1 1 1 1 0 1 1 1 1 1 1 1
