857 3
1 0 
1 115 1 0 0 1 0 0 1 0 0 0 0 0 0 0 0 2 0 2 2 1 0 2 1 1 2 0 2 0 1 2 2 0 1 2 2 2 0 0 2 0 1 2 2 0 0 2 2 0 1 0 2 2 0 1 2 2 1 0 2 2 0 0 1 1 2 2 2 2 0 2 2 0 0 0 0 0 0 2 0 1 2 2 2 2 1 2 0 0 2 2 0 2 0 2 1 0 0 0 1 2 2 0 1 2 1 2 2 2 2 2 1 2 2 2 2
1 51 2 0 2 2 2 1 2 2 2 2 0 2 2 1 1 1 2 2 1 1 2 2 1 2 2 1 1 0 1 2 1 0 1 1 1 0 1 1 1 0 1 1 1 0 1 2 2 2 2 2 2
1 36 1 0 0 1 0 0 1 0 0 1 0 0 0 2 0 2 0 2 0 2 2 1 1 0 1 2 1 0 1 1 0 0 2 2 2 2
1 1 1
1 4 2 2 1 2
1 31 1 0 1 2 1 0 1 1 1 0 1 1 1 0 1 1 1 0 1 2 2 2 2 2 2 0 2 0 2 0 2
1 3 2 1 1
1 85 0 0 0 0 2 0 2 2 0 2 0 2 2 1 1 2 2 2 1 1 2 2 1 1 1 2 2 1 1 1 2 2 2 2 1 2 0 2 2 1 1 0 2 2 2 2 2 1 1 2 2 2 2 2 1 2 2 1 2 2 1 1 1 0 1 1 1 0 1 2 1 0 1 1 0 0 0 0 0 0 2 0 2 0 2
1 58 2 2 0 0 0 2 1 0 0 0 0 0 0 2 2 0 0 0 0 0 0 0 1 2 2 2 1 0 1 2 0 1 0 2 1 0 2 2 2 2 0 2 1 0 2 2 2 0 1 2 2 1 0 0 1 0 1 2
1 130 0 0 2 2 2 0 2 2 2 0 2 2 0 0 1 0 0 1 0 2 1 0 0 1 1 0 0 1 0 0 0 0 2 2 2 0 0 0 0 0 0 0 0 2 1 0 0 2 2 0 0 2 2 0 1 0 0 0 0 0 1 0 2 2 2 1 0 1 2 2 2 0 0 0 0 2 1 0 0 1 0 0 1 0 0 1 0 0 1 0 1 2 1 0 1 2 1 0 1 2 1 0 1 2 0 0 0 0 0 0 0 0 0 0 1 0 1 2 1 0 1 2 1 0 1 1 0 0 0 0
1 75 0 0 2 2 2 2 2 1 2 2 2 0 2 2 1 1 1 1 1 2 2 1 2 2 1 2 2 1 1 1 2 2 2 2 2 1 1 1 2 2 1 1 1 2 2 1 1 1 1 2 2 1 1 1 1 2 0 2 2 1 1 2 0 2 2 1 1 1 2 2 1 2 2 1 1
1 101 0 0 2 0 2 2 1 1 1 2 2 2 2 1 1 2 2 2 2 1 1 1 1 1 2 2 2 1 2 2 1 1 1 1 2 2 1 1 1 1 1 2 2 2 1 1 1 1 2 0 2 2 1 1 2 2 1 1 1 1 2 2 1 1 1 1 1 0 0 0 2 2 1 0 1 1 1 0 1 2 0 0 0 0 2 2 1 0 1 1 0 0 0 0 0 0 0 0 0 0 2
1 24 0 2 2 2 1 1 1 1 2 2 1 1 1 1 1 1 0 0 1 0 0 1 0 0
1 151 2 0 0 0 2 2 2 2 1 1 2 2 1 1 2 2 2 2 1 0 0 0 0 0 2 0 2 2 2 0 0 1 0 1 2 2 2 0 1 2 2 0 2 2 1 0 2 0 1 1 2 2 2 2 2 2 2 1 2 0 0 1 2 2 0 0 2 1 2 0 0 1 2 1 2 0 1 0 0 2 0 2 0 2 2 1 2 2 1 2 2 1 1 1 1 1 2 2 2 2 1 2 2 2 2 2 1 0 0 1 0 0 1 0 1 2 1 0 1 1 1 0 1 1 1 0 1 2 2 2 2 0 2 0 2 0 2 0 2 0 2 1 0 1 2 1 0 1 1 2 2
1 50 1 0 1 2 1 0 1 2 2 2 2 0 2 0 2 0 2 0 2 1 0 1 1 1 0 1 1 1 0 1 1 1 0 1 2 1 0 1 1 2 0 2 0 2 0 2 0 2 0 2
1 39 1 0 0 1 0 0 1 0 0 1 0 0 1 0 0 1 0 1 1 1 0 1 2 0 0 0 0 1 0 1 2 1 0 1 2 2 1 2 1
1 3 2 1 2
1 153 0 0 2 2 2 0 2 2 0 0 0 2 2 2 0 0 0 0 2 2 2 2 2 1 0 2 2 2 1 1 0 0 1 0 0 0 2 2 2 1 0 2 0 2 1 0 0 2 1 0 2 2 0 0 0 0 2 2 2 2 2 2 2 1 0 2 2 0 0 2 2 0 2 0 2 0 1 0 2 1 2 0 0 2 2 2 2 0 2 0 1 0 2 2 0 0 1 0 1 1 0 0 1 0 0 1 0 0 1 0 0 1 0 0 2 2 2 1 0 1 2 1 0 1 2 1 0 1 1 2 2 2 2 2 1 0 1 2 1 0 1 2 1 0 1 1 0 0 2 0 2 0 2
1 140 1 0 0 1 0 0 0 2 0 2 2 0 0 0 0 0 2 2 2 2 1 0 1 0 0 2 2 1 2 2 2 2 1 0 2 0 2 0 1 0 1 0 2 0 0 2 2 0 2 2 1 1 1 1 1 2 2 1 2 2 1 1 2 2 1 1 1 1 1 2 0 2 2 1 1 1 1 2 2 1 1 1 1 1 1 0 0 1 0 0 1 0 0 1 0 0 1 0 1 1 1 0 1 2 1 0 1 1 2 0 0 0 0 1 1 0 1 1 1 0 1 1 1 0 1 1 1 0 1 2 1 0 1 1 2 2 2 2 2 2
1 4 1 1 1 1
1 2 0 2
1 53 1 0 0 1 0 1 1 1 0 1 1 1 0 1 2 1 0 1 2 0 2 0 2 1 0 1 1 1 0 1 1 0 0 0 0 0 0 0 0 1 0 1 2 0 0 0 0 0 0 0 0 0 0
1 139 1 0 0 1 0 0 0 0 0 2 2 2 2 2 2 2 0 2 0 1 0 2 2 1 2 0 2 1 2 1 0 2 0 2 2 1 1 1 2 2 1 1 1 1 2 2 1 1 1 1 1 2 0 2 2 2 0 2 2 1 1 2 2 1 1 1 2 0 2 2 1 1 1 1 1 2 2 1 1 1 1 2 2 1 1 1 1 2 2 1 1 1 2 0 2 2 1 1 1 1 1 2 2 1 1 1 1 2 2 2 2 1 2 2 2 1 1 1 2 2 1 1 0 2 2 0 2 0 2 0 2 1 0 1 1 1 0 1 2
1 51 0 2 1 0 0 1 0 0 1 0 0 1 0 0 1 0 0 1 0 0 1 0 0 1 0 0 0 2 0 2 1 0 1 1 1 0 1 1 1 0 1 1 1 0 1 2 1 0 1 1 1
1 163 2 2 2 1 1 1 1 1 2 0 2 2 1 1 1 1 1 2 2 2 0 2 2 1 1 1 1 2 0 2 2 1 1 1 1 2 0 2 2 1 1 1 1 2 2 1 1 1 1 2 0 2 2 2 2 2 2 0 0 0 0 0 0 0 1 0 2 0 2 1 2 2 0 2 1 2 2 0 0 0 2 2 0 2 0 1 0 0 0 2 1 2 2 2 0 0 2 0 2 2 2 1 0 0 0 1 0 1 0 2 0 2 2 1 1 2 2 0 2 2 1 2 0 0 2 1 0 0 0 2 0 1 0 1 1 0 0 1 0 0 1 0 0 1 0 0 1 0 0 2 0 0 2 2 0 0 1 2 2 2 2 2 0
1 89 2 0 2 2 1 0 2 2 1 2 1 2 2 0 0 1 2 0 0 2 2 2 2 1 2 2 0 2 2 1 1 0 0 2 2 1 2 0 2 1 1 0 0 2 2 2 0 2 0 1 1 0 0 1 0 0 1 0 0 1 0 0 1 0 1 1 1 0 1 1 1 0 1 2 1 0 1 1 2 2 2 1 1 0 1 2 2 2 2
1 95 0 2 2 0 0 2 2 2 1 2 2 2 0 1 0 2 1 2 2 0 1 0 0 2 2 0 0 0 0 1 0 2 2 1 1 2 2 0 0 1 2 2 2 2 0 0 2 0 2 1 1 2 2 0 0 1 2 1 0 2 2 0 2 0 1 2 0 0 0 2 1 2 1 2 0 2 1 2 2 2 1 2 2 2 1 0 2 0 0 1 0 2 2 1 2
1 50 2 0 0 0 2 2 0 2 2 2 2 0 0 0 0 1 0 2 2 1 2 2 0 1 2 0 1 0 1 2 1 0 1 1 1 0 1 2 1 0 1 1 1 0 1 1 2 2 2 2
1 118 0 2 0 2 2 2 2 2 2 1 0 0 2 0 0 1 2 0 0 1 2 2 2 0 2 0 1 1 1 0 0 1 0 0 0 2 0 2 2 2 2 1 2 2 1 1 1 1 1 1 0 0 1 0 0 1 0 0 1 0 0 1 0 0 1 0 0 1 0 0 1 0 0 1 0 0 1 0 1 2 1 0 1 2 1 0 1 2 1 0 1 2 1 0 1 1 2 2 2 2 1 2 1 0 1 1 1 0 1 2 1 0 1 2 0 0 0 0
1 81 1 0 0 1 0 0 1 0 0 1 0 0 1 0 0 1 0 0 2 0 2 2 0 2 2 2 1 1 1 1 1 2 2 2 1 1 1 1 2 0 2 2 2 2 2 2 1 1 1 1 1 2 2 2 0 1 0 2 0 2 2 1 0 0 2 1 0 0 2 0 1 1 0 2 2 1 0 2 2 0 1
1 86 1 0 0 1 0 0 0 0 0 0 0 1 0 0 1 0 0 1 0 0 1 0 0 1 0 1 1 1 0 1 1 1 0 1 2 2 2 2 1 0 1 1 1 0 1 1 1 0 1 1 1 0 1 1 1 0 1 1 0 0 0 0 0 0 0 0 0 0 0 2 0 2 0 2 1 0 1 1 1 0 1 2 2 2 2 1
1 29 2 0 0 2 2 0 0 0 1 0 0 2 1 2 2 1 2 1 0 0 2 1 2 1 1 0 0 0 2
1 212 1 0 0 1 0 0 1 0 0 1 0 0 1 0 0 1 0 0 0 2 2 0 2 0 0 2 2 2 0 2 2 0 1 2 2 1 0 0 1 0 0 1 2 0 2 2 1 0 2 0 0 0 2 2 2 0 0 1 1 0 0 0 1 2 2 1 0 2 1 2 2 2 2 2 0 2 1 1 2 0 2 2 1 0 2 0 1 2 2 2 0 1 0 2 0 0 2 2 0 0 0 0 0 2 0 2 0 1 0 0 0 0 0 1 2 2 2 1 0 0 0 0 0 1 0 2 2 2 2 1 0 0 0 2 1 0 1 1 2 2 0 0 0 1 0 0 2 0 2 2 0 0 0 2 2 2 1 1 1 2 2 1 1 1 1 2 2 2 1 1 0 2 0 2 0 2 0 2 0 2 1 0 1 1 1 0 1 1 2 2 1 0 1 2 1 0 1 2 1 0 1 1 1 0 1 2 0 0 0 0 0 0
1 4 2 2 2 1
1 90 2 0 0 0 0 2 0 2 0 2 2 1 2 2 2 2 1 1 1 1 2 2 2 2 1 1 1 1 1 2 2 2 1 1 0 0 0 1 0 1 2 1 0 1 1 1 0 1 2 2 2 2 2 1 0 1 1 1 0 1 1 1 0 1 2 0 0 0 0 0 0 0 0 0 0 1 0 1 1 2 2 2 2 2 0 2 0 0 0 0
1 34 2 0 1 0 1 1 1 0 1 1 1 0 1 1 0 0 1 0 1 2 1 0 1 2 1 0 1 1 1 0 1 2 2 2
1 1 2
1 80 1 0 0 1 0 0 0 0 0 2 0 2 0 2 2 2 0 2 2 1 1 2 2 1 1 1 2 2 2 2 1 2 2 1 1 1 1 2 0 2 2 1 1 1 1 1 2 2 2 0 2 2 1 1 1 1 0 1 1 1 0 1 1 0 0 0 0 0 0 0 0 1 0 2 0 2 0 2 0 2
1 60 2 0 0 2 2 2 1 0 2 1 2 2 2 2 0 0 2 2 2 2 1 2 2 2 1 2 2 2 0 1 0 1 1 0 0 0 0 1 2 0 2 1 2 1 0 1 1 1 0 1 2 1 0 1 1 1 0 1 2 2
1 168 0 2 2 2 1 1 1 2 2 1 1 1 1 2 2 1 2 2 1 2 0 2 2 1 2 2 1 1 1 1 2 2 1 1 1 2 2 2 2 1 2 2 2 1 2 0 2 2 2 2 1 2 2 1 1 1 1 1 2 2 1 1 2 2 1 2 0 0 0 2 2 2 2 2 2 1 1 2 2 1 2 2 1 1 1 2 0 2 2 1 1 1 2 2 1 1 2 2 2 2 2 1 1 1 1 1 2 2 2 0 2 2 0 2 0 2 2 1 2 2 2 2 1 0 2 0 1 0 1 2 2 2 2 2 0 2 0 0 2 0 1 0 2 0 0 0 1 2 0 0 2 1 0 2 0 2 0 2 0 2 0 2 0 2 0 2 0 2
1 36 1 0 1 1 1 0 1 1 0 0 0 0 0 0 0 0 0 2 0 2 0 2 0 2 0 2 0 2 1 0 1 2 2 2 2 2
1 3 1 1 1
1 5 1 2 2 1 2
1 3 2 2 1
1 59 1 0 0 1 0 0 1 0 0 1 0 0 1 0 0 1 0 0 1 0 0 1 0 0 1 0 0 1 0 0 1 0 0 1 0 1 2 1 0 1 2 1 0 1 2 1 0 1 2 1 0 1 1 0 0 0 0 0 0
1 3 2 2 2
1 5 1 1 1 1 1
1 55 0 0 0 0 0 2 2 2 2 0 0 0 0 0 0 1 0 2 0 2 2 2 0 0 0 0 0 1 1 0 0 1 0 0 1 0 0 1 0 0 1 0 0 0 2 0 2 0 2 0 0 0 0 0 0
1 27 1 0 0 1 0 0 1 0 0 1 0 0 1 0 0 1 0 0 1 0 0 0 2 0 2 0 2
1 5 2 2 2 2 1
1 188 1 0 0 1 0 0 1 0 0 0 0 0 0 2 2 2 0 0 0 0 0 2 0 2 2 1 0 0 1 1 2 0 0 2 0 2 2 0 0 0 2 2 0 1 0 0 0 0 2 1 0 2 2 0 0 0 0 2 1 2 0 1 0 0 0 1 2 2 1 0 2 2 2 2 0 0 2 2 2 0 1 2 0 0 0 2 2 1 2 0 0 2 1 2 2 1 0 1 2 0 2 2 0 1 2 0 2 2 2 0 1 0 0 1 0 0 1 0 0 1 0 0 0 0 2 2 2 1 1 2 2 1 1 1 2 2 1 1 2 0 2 2 1 1 1 1 1 2 1 0 1 1 1 0 1 2 1 0 1 1 0 0 0 0 0 0 0 0 1 0 1 2 1 0 1 1 1 0 1 2 1 0 1 1 0 0 0 0
1 32 1 0 0 1 0 0 1 0 0 1 0 0 1 0 0 1 0 0 1 0 1 2 1 0 1 2 0 0 0 0 0 0
1 24 1 0 0 1 0 0 1 0 0 1 0 0 1 0 0 1 0 0 1 0 0 1 0 0
1 87 0 0 0 0 0 2 2 2 1 2 0 2 0 1 0 2 2 2 2 0 0 0 1 2 0 2 0 2 2 2 0 0 2 1 0 2 2 0 2 0 2 0 0 1 0 2 1 0 2 1 2 0 2 1 2 0 2 2 2 1 1 0 0 1 0 0 2 2 0 2 0 2 1 0 1 1 0 0 0 0 0 0 0 0 0 0 1
1 137 1 0 0 1 0 0 1 0 0 1 0 0 1 0 0 2 2 0 2 2 2 2 0 0 0 0 0 0 2 0 2 1 2 0 2 1 0 0 2 0 0 2 2 1 0 2 2 0 1 2 2 0 0 0 0 2 2 1 0 1 1 0 1 2 2 1 2 2 0 0 2 2 2 2 2 0 2 2 1 1 0 0 1 0 0 2 2 2 2 2 2 2 0 0 1 0 2 2 0 2 1 0 0 0 1 2 2 0 1 2 1 0 1 2 1 0 1 1 1 0 1 2 2 2 2 0 2 1 0 1 2 0 0 0 0 0 0
1 35 1 0 0 1 0 0 1 0 0 1 0 1 1 1 0 1 2 1 0 1 2 1 0 1 1 1 0 1 2 0 0 0 0 0 0
1 11 1 0 1 2 2 2 2 2 1 2 1
1 139 0 0 2 0 0 0 2 2 2 1 0 0 2 1 2 0 2 0 1 1 2 2 2 0 1 0 2 2 2 1 2 1 2 2 0 2 1 2 1 0 0 0 2 2 2 1 2 0 2 1 1 0 0 0 0 0 2 0 0 2 0 0 2 2 0 2 2 1 2 2 2 0 1 0 0 1 0 2 0 0 0 2 2 0 0 0 0 2 1 1 1 0 0 0 2 2 2 0 0 0 0 0 2 0 0 2 1 2 0 1 0 1 2 0 1 2 0 2 1 0 1 1 1 0 1 2 1 0 1 2 0 0 0 0 0 0 0 0 2
1 29 0 0 0 0 1 0 0 1 0 0 1 0 0 1 0 1 1 1 0 1 1 1 0 1 1 2 2 2 2
1 4 2 1 1 2
1 42 0 2 0 2 0 2 0 2 0 2 1 0 1 2 1 0 1 2 1 0 1 1 1 0 1 2 0 0 0 0 0 0 0 0 0 0 0 2 0 2 0 2
1 105 0 2 0 0 2 2 2 2 2 1 1 1 2 2 1 1 1 2 2 2 1 1 2 2 1 1 1 1 1 2 0 2 2 1 1 2 2 1 2 2 2 2 2 2 2 1 1 1 2 2 1 2 2 1 1 1 1 0 0 1 0 0 1 0 0 1 0 1 1 1 0 1 1 2 1 0 1 2 2 2 2 2 2 1 0 1 1 1 0 1 1 1 0 1 2 1 0 1 2 0 0 0 0 0 0
1 37 1 0 0 1 0 2 0 2 0 0 0 0 0 0 0 0 1 1 0 1 2 1 0 1 1 1 0 1 2 0 0 0 0 0 0 0 0
1 74 0 2 0 2 0 2 2 1 2 2 1 1 1 2 2 1 1 1 1 2 2 2 0 2 2 2 0 1 0 0 1 0 0 1 0 1 2 0 0 1 0 1 1 1 0 1 2 1 0 1 1 1 0 1 1 1 0 1 2 1 1 0 1 2 0 0 0 2 0 2 0 2 0 2
1 114 2 0 2 2 1 1 1 1 1 2 2 0 2 2 1 1 1 1 1 2 2 1 1 1 2 2 2 2 1 1 1 1 2 2 0 0 0 0 0 2 2 2 1 1 1 2 2 2 1 1 2 2 1 1 1 1 2 2 2 2 1 1 1 2 0 2 2 1 1 1 1 1 2 2 1 1 1 1 2 2 1 2 2 2 1 1 1 1 1 1 0 0 1 0 0 1 0 0 1 0 0 1 0 1 1 1 0 1 2 2 0 2 0 2
1 66 1 0 0 1 0 0 1 0 0 1 0 0 1 0 0 1 0 0 1 0 0 1 0 0 1 0 0 1 0 1 1 1 0 1 1 1 0 1 1 0 0 0 0 0 0 0 0 0 0 1 0 1 1 1 0 1 1 0 0 0 0 0 0 0 0 1
1 38 1 0 1 1 1 0 1 1 2 2 2 2 2 2 1 0 1 2 1 0 1 2 1 0 1 1 1 0 1 2 1 0 1 1 0 0 0 2
1 2 1 1
1 113 1 0 0 1 0 0 1 0 0 1 0 0 1 0 0 1 0 0 1 0 0 1 0 0 1 0 0 0 2 0 0 0 0 2 0 0 0 2 2 0 0 0 0 0 1 2 2 0 2 1 2 0 2 0 2 2 2 1 2 0 0 2 2 0 0 0 2 1 2 1 0 0 0 1 1 2 2 2 0 2 0 0 0 2 1 2 2 2 1 0 2 2 0 2 2 0 1 0 0 2 0 1 0 0 0 2 0 1 2 0 1 1 1
1 66 1 0 0 1 0 0 1 0 0 1 0 0 0 0 0 2 2 2 1 1 1 1 2 2 1 1 2 2 1 1 1 0 0 0 0 0 2 0 2 2 2 1 2 2 1 1 1 1 2 2 1 2 2 0 2 2 1 2 2 2 2 2 1 1 1 1
1 47 2 2 0 2 1 0 0 1 0 0 1 0 0 0 2 0 2 0 2 0 2 0 2 0 2 1 0 1 2 1 0 1 2 1 0 1 2 1 0 1 1 1 0 1 1 0 0
1 31 1 0 0 1 0 0 1 0 0 1 0 0 1 0 0 1 0 0 1 0 0 2 1 0 2 0 2 0 2 0 2
1 236 0 0 0 0 0 2 0 2 2 1 1 2 2 1 1 2 2 1 1 1 1 1 2 2 1 1 1 1 2 0 2 2 1 1 1 1 1 2 2 1 1 1 1 2 2 2 0 2 2 1 1 1 1 2 2 1 1 2 2 1 1 0 0 2 2 0 0 2 2 0 2 0 0 0 2 2 0 1 2 0 1 2 0 0 1 2 0 1 1 2 0 2 2 0 2 2 0 0 0 2 0 2 2 1 1 0 0 1 0 0 2 0 1 1 0 2 0 2 2 0 2 0 2 2 2 2 0 0 0 0 1 2 2 0 2 2 1 2 0 2 1 2 0 1 2 2 1 0 2 0 0 2 2 0 0 0 0 0 0 0 2 0 1 0 1 0 0 1 2 0 2 0 2 1 2 2 2 2 2 1 0 2 2 0 0 0 0 2 2 1 0 1 2 0 2 0 1 2 1 0 1 2 2 2 0 2 2 0 1 2 1 0 1 0 2 2 1 0 2 0 1 2 2 2 0 2 0 2 0 2 0 2 0 2 0 2
1 227 2 2 2 0 2 2 1 2 2 1 1 2 0 2 2 1 1 1 1 2 2 1 2 2 1 1 1 1 2 2 1 1 2 2 1 1 1 1 1 2 0 2 2 1 1 1 1 2 2 2 1 1 2 2 1 1 1 2 2 1 2 2 1 1 1 2 2 1 1 1 1 2 2 0 2 2 0 0 0 0 2 1 2 2 2 2 2 1 1 0 0 0 2 2 0 0 2 0 0 2 2 2 0 0 0 2 1 2 1 0 2 2 1 1 2 0 0 2 2 2 2 0 2 2 2 0 2 2 2 2 2 2 0 2 2 1 1 1 1 0 0 1 0 0 1 0 0 0 2 2 2 2 2 2 1 2 0 1 0 2 2 0 2 0 1 2 2 1 2 2 2 1 0 1 0 2 2 1 0 0 0 1 2 2 1 2 2 0 2 1 0 2 0 2 2 1 1 2 2 1 2 1 0 1 1 1 0 1 2 1 0 1 2 1 0 1 2 1 0 1 2 2 2 0 2 0 2
1 22 0 2 0 2 0 2 0 2 0 2 0 2 0 2 1 0 1 1 2 0 2 1
1 53 1 0 1 1 0 0 0 0 0 0 1 0 1 1 1 0 1 2 1 0 1 2 2 2 2 2 2 1 0 1 2 1 0 1 1 1 0 1 2 1 0 1 2 1 0 1 1 0 0 0 0 0 0
1 12 2 2 2 2 2 1 1 1 1 2 2 1
1 1 0
1 3 1 2 1
1 87 0 2 2 2 2 2 1 2 2 1 2 2 2 2 1 2 0 2 2 1 1 1 2 2 1 1 1 1 1 2 2 1 1 2 2 2 0 2 2 0 2 2 1 2 2 1 1 0 1 2 1 0 1 1 1 0 1 2 1 0 1 1 1 0 1 1 2 1 0 1 1 1 0 1 1 1 0 1 1 1 0 1 2 0 0 0 0
1 18 1 0 1 1 0 0 0 0 0 2 0 2 0 2 1 0 1 2
1 53 1 0 0 1 0 0 0 0 2 0 0 2 0 2 2 1 2 0 2 2 1 1 1 1 2 2 1 2 0 2 2 1 1 2 2 1 1 2 2 2 0 1 0 1 2 1 0 1 1 1 0 1 2
1 126 0 0 0 0 0 2 0 0 2 2 0 0 0 2 2 0 2 1 0 2 2 1 0 2 2 0 2 1 1 2 2 1 0 2 0 0 2 2 2 0 1 2 2 2 0 0 1 0 0 1 2 0 2 0 1 1 2 0 2 0 0 2 2 0 0 0 0 0 0 2 1 2 0 0 2 0 1 0 2 2 1 2 1 0 2 0 0 1 2 0 2 0 0 1 2 0 2 2 1 2 2 1 0 2 0 2 2 1 0 2 2 2 2 2 1 1 2 2 1 1 2 2 2 2 0 0
1 4 2 2 1 1
0 44 1 0 0 1 0 1 1 1 0 1 2 1 0 1 1 1 0 1 2 2 2 2 2 1 0 1 2 0 0 1 0 1 1 1 0 1 1 1 0 1 2 1 0 1
0 77 1 0 0 1 0 0 1 0 0 1 0 0 1 0 0 1 0 0 1 0 0 1 0 0 1 0 0 1 0 0 1 0 0 2 1 0 1 1 1 0 1 1 1 0 1 1 1 0 1 1 2 2 2 2 2 0 2 0 2 0 2 0 2 0 2 2 1 0 1 2 1 0 1 1 1 0 1
0 28 1 0 1 1 1 0 1 2 2 2 2 2 2 0 2 0 2 0 2 0 2 0 2 0 2 1 0 1
0 25 1 0 0 1 0 0 1 0 0 1 0 0 1 0 0 1 0 1 1 1 0 1 2 1 0
0 43 1 0 0 1 0 0 1 0 0 1 0 0 1 0 0 1 0 0 0 2 0 2 0 2 0 2 1 0 1 1 1 0 1 2 1 0 1 2 2 2 2 1 0
0 28 1 0 0 1 0 0 1 0 0 1 0 0 1 0 0 1 0 1 2 1 0 1 1 1 0 1 2 0
0 44 1 0 0 1 0 0 1 0 0 1 0 0 1 0 0 1 0 0 1 0 0 1 0 0 1 0 2 0 2 1 0 1 2 0 0 0 0 0 0 0 0 1 0 1
0 27 1 0 0 1 0 0 1 0 0 1 0 0 1 0 0 1 0 0 0 0 0 1 0 1 2 1 0
0 39 0 2 0 2 0 2 0 2 1 0 1 2 1 0 1 1 1 0 1 1 2 2 1 0 1 1 1 0 1 1 1 0 1 2 1 0 1 2 0
0 62 1 0 0 1 0 1 1 1 0 1 2 1 0 1 1 1 0 1 2 2 2 2 2 1 0 1 2 0 0 1 0 1 1 1 0 1 1 1 0 1 2 1 0 1 2 0 0 0 0 1 0 1 1 1 0 1 2 1 0 1 1 0
0 24 1 1 0 1 2 2 2 1 0 1 1 1 0 1 1 2 2 1 0 1 1 1 0 1
0 47 1 1 0 1 2 2 2 1 0 1 1 1 0 1 1 2 2 1 0 1 1 1 0 1 1 1 0 1 2 1 0 1 1 1 0 1 2 1 0 1 2 1 0 1 1 1 0
0 23 1 0 0 1 0 0 1 0 0 1 0 0 1 0 1 1 1 0 1 1 1 0 1
0 30 1 0 0 1 0 0 1 0 0 1 0 0 1 0 0 1 0 1 2 1 0 1 1 1 0 1 2 0 0 0
0 89 1 0 0 1 0 0 1 0 0 1 0 0 1 0 0 1 0 0 1 0 0 1 0 0 1 0 0 1 0 0 1 0 0 2 1 0 1 1 1 0 1 1 1 0 1 1 1 0 1 1 2 2 2 2 2 0 2 0 2 0 2 0 2 0 2 2 1 0 1 2 1 0 1 1 1 0 1 1 1 0 1 2 0 0 0 0 0 0 0
0 56 1 0 0 1 0 0 1 0 0 1 0 0 1 0 0 1 0 0 0 2 0 2 0 2 0 2 1 0 1 1 1 0 1 2 1 0 1 2 2 2 2 1 0 1 2 1 0 1 1 1 0 1 1 1 0 1
0 49 1 0 0 1 0 0 1 0 1 2 2 2 2 2 2 1 0 1 1 1 0 1 2 1 0 1 1 1 0 1 2 1 0 1 1 0 0 0 0 0 0 0 0 1 0 1 2 1 0
0 12 2 1 0 1 1 1 0 1 1 1 0 1
0 24 1 0 0 1 0 0 1 0 0 1 0 0 0 2 0 0 2 0 2 0 2 1 0 1
0 6 1 0 1 1 1 0
0 42 1 0 1 1 1 0 1 2 2 2 2 2 2 0 2 0 2 0 2 0 2 0 2 0 2 1 0 1 2 1 0 1 1 2 2 2 1 0 1 1 1 0
0 59 1 0 0 1 0 0 1 0 0 1 0 0 1 0 0 1 0 0 1 0 0 1 0 0 1 0 0 1 0 0 0 2 0 2 0 2 0 2 1 0 1 1 2 2 2 2 2 1 1 0 1 2 1 0 1 1 1 0 1
0 28 1 0 0 1 0 0 1 0 0 1 0 0 1 0 0 1 0 0 0 2 0 2 0 2 0 2 1 0
0 45 1 0 0 1 0 0 1 0 0 1 0 0 1 0 0 1 0 0 1 0 0 1 0 0 1 0 0 1 0 0 1 0 0 2 1 0 1 1 1 0 1 1 1 0 1
0 31 1 0 0 1 0 0 1 0 0 1 0 0 0 2 0 0 2 0 2 0 2 1 0 1 2 1 0 1 2 1 0
0 89 1 0 0 1 0 0 1 0 0 1 0 0 1 0 0 1 0 0 1 0 0 1 0 0 1 0 0 1 0 1 2 1 0 1 1 1 0 1 2 0 0 0 0 0 0 0 0 0 0 1 0 1 1 1 0 1 2 1 0 1 1 1 0 1 1 2 2 2 2 2 1 0 1 1 1 0 1 2 1 0 1 2 1 0 1 2 1 0 1
0 17 0 2 0 2 1 0 1 1 1 0 1 1 0 0 0 0 0
0 37 1 0 0 1 0 0 1 0 0 1 0 0 1 0 0 1 0 0 1 0 0 1 0 0 1 0 0 1 0 1 2 1 0 1 1 1 0
0 14 1 0 1 1 1 0 1 1 1 0 1 2 1 0
0 29 1 0 0 1 0 0 1 0 1 2 2 2 2 2 2 1 0 1 1 1 0 1 2 1 0 1 1 1 0
0 21 1 0 1 1 0 2 0 2 1 0 1 2 1 0 1 1 1 0 1 1 0
0 35 1 0 1 1 2 2 0 2 0 2 0 2 0 2 1 0 1 2 1 0 1 2 1 0 1 2 1 0 1 2 1 0 1 1 0
0 56 1 1 0 1 2 2 2 1 0 1 1 1 0 1 1 2 2 1 0 1 1 1 0 1 1 1 0 1 2 1 0 1 1 1 0 1 2 1 0 1 2 1 0 1 1 1 0 1 2 1 0 1 1 1 0 1
0 22 1 0 0 1 0 0 0 0 0 0 2 1 0 0 1 0 0 1 0 0 1 0
0 43 1 0 0 1 0 1 1 1 0 1 2 1 0 1 1 1 0 1 2 2 2 2 2 1 0 1 2 0 0 1 0 1 1 1 0 1 1 1 0 1 2 1 0
0 30 1 0 0 1 0 0 1 0 0 1 0 0 1 1 0 1 2 1 0 1 2 1 0 1 1 0 0 0 0 0
0 28 1 0 0 1 0 0 1 0 0 1 0 0 1 0 0 1 0 0 1 0 1 1 1 0 1 2 1 0
0 42 1 0 0 1 0 0 1 0 0 1 0 0 1 0 1 2 1 0 1 1 1 0 1 1 1 0 1 2 1 0 1 2 1 0 1 2 1 0 1 1 1 0
0 42 1 0 0 1 0 0 0 0 0 0 2 1 0 0 1 0 0 1 0 0 1 0 0 1 0 0 1 0 0 1 0 0 1 0 1 1 1 0 1 2 1 0
0 58 1 0 0 1 0 0 1 0 0 1 0 0 1 0 0 1 0 0 1 0 1 1 1 0 1 2 1 0 1 1 1 0 1 2 1 0 1 1 1 0 1 2 2 1 0 1 1 1 0 1 1 1 0 1 2 1 0 1
0 21 0 2 0 2 0 2 0 2 1 0 1 2 1 0 1 2 2 2 2 1 0
0 26 0 2 0 2 0 2 0 2 1 0 1 2 1 0 1 2 2 2 2 1 0 1 2 0 0 0
0 6 0 0 0 1 1 0
0 26 2 1 0 1 1 1 0 1 1 1 0 1 2 2 2 2 2 2 2 1 0 1 1 1 0 1
0 17 1 0 1 2 1 0 1 2 2 2 1 1 0 1 1 1 0
0 29 2 1 0 1 1 1 0 1 1 1 0 1 2 2 2 2 2 2 2 1 0 1 1 1 0 1 2 1 0
0 47 1 0 0 1 0 0 1 0 0 1 0 0 1 0 0 1 0 1 1 1 0 1 2 1 0 1 1 1 0 1 2 1 0 1 1 2 2 2 2 1 0 0 0 0 1 0 1
0 52 1 0 0 1 0 0 1 0 0 1 0 0 1 0 1 1 1 0 1 1 1 0 1 2 1 0 1 2 0 2 0 2 0 2 0 2 0 2 1 0 1 1 1 0 1 1 1 0 1 2 1 0
0 37 1 0 0 1 0 0 1 0 0 1 0 0 1 0 0 1 0 0 1 0 0 1 0 0 1 0 0 1 0 0 1 0 0 2 1 0 1
0 17 0 2 1 0 1 1 1 0 1 2 1 0 1 2 1 0 1
0 24 1 0 1 1 2 2 0 2 0 2 0 2 0 2 1 0 1 2 1 0 1 2 1 0
0 47 0 2 0 2 0 2 0 2 1 0 1 2 1 0 1 1 1 0 1 1 2 2 1 0 1 1 1 0 1 1 1 0 1 2 1 0 1 2 0 0 1 0 1 1 1 0 1
0 16 1 0 0 1 0 0 2 1 0 1 1 0 0 0 0 0
0 18 1 0 0 1 0 0 1 0 0 1 0 0 1 0 1 1 1 0
0 14 1 0 0 1 0 0 1 0 0 1 0 0 1 0
0 48 1 1 0 1 2 2 2 1 0 1 1 1 0 1 1 2 2 1 0 1 1 1 0 1 1 1 0 1 2 1 0 1 1 1 0 1 2 1 0 1 2 1 0 1 1 1 0 1
0 29 1 0 2 0 2 0 2 0 2 0 2 1 0 1 1 1 0 1 2 1 0 1 1 1 0 1 1 1 0
0 81 1 0 0 1 0 0 1 0 0 1 0 0 1 0 0 1 0 0 1 0 0 1 0 0 1 0 0 1 0 1 2 1 0 1 1 1 0 1 2 0 0 0 0 0 0 0 0 0 0 1 0 1 1 1 0 1 2 1 0 1 1 1 0 1 1 2 2 2 2 2 1 0 1 1 1 0 1 2 1 0 1
0 3 1 1 0
0 36 1 0 0 1 0 0 1 0 0 1 0 0 1 0 0 1 0 0 1 0 1 1 1 0 1 2 1 0 1 1 1 0 1 2 1 0
0 29 0 2 0 2 1 0 1 1 1 0 1 1 0 0 0 0 0 0 1 1 0 1 1 1 0 1 1 1 0
0 62 1 1 0 1 2 2 2 1 0 1 1 1 0 1 1 2 2 1 0 1 1 1 0 1 1 1 0 1 2 1 0 1 1 1 0 1 2 1 0 1 2 1 0 1 1 1 0 1 2 1 0 1 1 1 0 1 1 0 0 0 0 0
0 12 0 2 0 2 0 2 0 2 0 2 1 0
0 36 0 2 0 2 0 2 0 2 1 0 1 2 1 0 1 1 1 0 1 1 2 2 1 0 1 1 1 0 1 1 1 0 1 2 1 0
0 12 0 2 1 0 1 1 1 0 1 2 1 0
0 7 1 0 1 1 0 2 0
0 58 1 0 0 1 0 0 1 0 0 1 0 0 1 0 0 1 0 1 1 1 0 1 2 1 0 1 1 1 0 1 2 1 0 1 1 2 2 2 2 1 0 0 0 0 1 0 1 1 1 0 1 1 1 0 1 2 1 0
0 10 1 0 1 1 1 0 1 2 1 0
0 5 1 0 1 2 0
0 49 1 0 0 1 0 0 1 0 0 1 0 0 1 0 0 1 0 0 1 0 0 1 0 0 1 2 1 0 1 2 1 0 1 1 1 0 1 2 1 0 1 1 0 0 0 0 0 0 0
0 31 1 0 1 1 1 0 1 2 1 0 1 1 1 0 1 2 1 0 1 1 0 0 0 0 0 0 0 2 0 2 0
0 31 1 0 1 1 1 0 1 1 1 0 1 2 1 0 1 2 1 0 1 1 1 0 1 1 0 0 0 0 0 0 0
0 26 1 0 1 2 1 0 1 2 2 2 1 1 0 1 1 1 0 1 2 1 0 1 1 1 0 1
0 13 1 0 1 2 1 0 1 1 2 2 2 2 0
0 47 1 0 0 1 0 0 1 0 0 1 0 0 1 0 0 1 0 0 1 0 0 1 0 0 1 0 0 1 0 0 1 0 1 1 0 0 0 2 0 2 0 2 0 2 1 0 1
0 35 1 0 0 1 0 0 1 0 0 1 0 0 1 0 1 1 1 0 1 1 1 0 1 2 1 0 1 2 0 2 0 2 0 2 0
0 26 0 2 1 0 1 1 1 0 1 2 1 0 1 2 1 0 1 2 1 0 1 1 2 0 2 0
0 4 2 1 0 1
0 60 1 0 0 1 0 0 1 0 0 1 0 0 1 0 0 1 0 0 1 0 1 1 1 0 1 2 1 0 1 1 1 0 1 2 1 0 1 1 1 0 1 2 2 1 0 1 1 1 0 1 1 1 0 1 2 1 0 1 1 0
0 26 1 0 0 1 0 0 1 0 1 2 2 2 2 2 2 1 0 1 1 1 0 1 2 1 0 1
0 13 1 0 0 1 0 0 1 0 0 2 0 1 0
0 15 1 1 0 1 2 1 0 1 1 1 0 1 1 1 0
0 11 1 0 1 1 2 2 0 2 0 2 0
0 22 1 0 1 1 2 2 2 2 2 2 2 1 0 1 2 1 0 1 1 1 0 1
0 7 1 0 1 2 1 0 1
0 23 1 0 0 1 0 0 1 0 0 2 0 0 0 0 0 0 0 0 0 0 1 0 1
0 33 1 0 0 1 0 0 1 0 0 1 0 0 1 0 0 1 0 0 1 0 0 1 0 0 1 0 0 1 0 1 2 1 0
0 23 1 0 0 1 0 0 1 0 0 1 0 0 0 2 0 0 2 0 2 0 2 1 0
0 40 1 0 0 1 0 0 1 0 0 1 0 0 1 0 0 1 0 1 1 1 0 1 2 1 0 1 2 2 2 2 2 1 0 1 2 1 0 1 2 0
0 35 1 0 1 1 0 2 0 2 1 0 1 2 1 0 1 1 1 0 1 1 0 0 0 0 1 1 0 1 1 1 0 1 2 1 0
0 18 1 0 0 1 0 1 1 1 0 1 2 1 0 1 1 1 0 1
0 55 1 0 0 1 0 0 1 0 0 1 0 0 1 0 0 1 0 0 1 0 0 1 0 0 1 0 0 1 0 1 2 1 0 1 1 1 0 1 2 0 0 0 0 0 0 0 0 0 0 1 0 1 1 1 0
0 46 1 0 0 1 0 0 1 0 0 1 0 0 1 0 0 1 0 0 1 0 0 1 0 0 1 0 0 1 0 0 1 0 1 1 0 0 0 2 0 2 0 2 0 2 1 0
0 24 0 0 0 0 0 0 0 0 0 0 2 1 0 1 1 2 2 1 0 1 1 1 0 1
0 17 1 0 1 2 1 0 1 1 2 2 2 2 0 2 0 2 0
0 40 1 0 0 1 0 0 1 0 0 1 0 0 1 0 0 1 0 0 1 0 0 1 0 0 1 2 1 0 1 2 1 0 1 1 1 0 1 2 1 0
0 15 1 0 1 1 1 0 1 2 1 0 1 1 1 0 1
0 18 1 0 0 1 0 0 1 0 0 1 0 0 1 0 0 1 0 1
0 22 1 0 0 1 0 0 1 0 0 1 0 0 1 0 0 1 0 1 1 1 0 1
0 63 1 0 0 1 0 0 1 0 0 1 0 0 1 0 0 1 0 0 1 0 0 1 0 0 1 2 1 0 1 2 1 0 1 1 1 0 1 2 1 0 1 1 0 0 0 0 0 0 0 0 0 0 1 0 1 2 2 2 2 2 2 1 0
0 21 1 0 1 1 2 2 0 2 0 2 0 2 0 2 1 0 1 2 1 0 1
0 36 2 1 1 0 1 1 1 0 1 1 1 0 1 1 1 0 1 2 2 2 2 1 0 1 2 1 0 1 2 1 0 1 2 1 0 1
0 4 1 1 0 1
0 10 0 2 0 2 1 0 1 1 1 0
0 32 0 2 0 2 0 2 0 2 1 0 1 2 1 0 1 1 1 0 1 1 2 2 1 0 1 1 1 0 1 1 1 0
0 22 1 0 0 1 0 0 1 0 0 1 0 0 1 0 1 1 1 0 1 1 1 0
0 23 1 0 0 1 0 0 1 0 0 1 0 0 1 1 0 1 2 1 0 1 2 1 0
0 15 1 0 1 2 1 0 1 1 2 2 2 2 0 2 0
0 34 1 0 0 1 0 0 1 0 0 1 0 0 1 0 0 1 0 1 1 1 0 1 2 1 0 1 2 2 2 2 2 1 0 1
0 65 1 0 0 1 0 0 1 0 0 1 0 0 1 0 0 1 0 1 1 1 0 1 2 1 0 1 1 1 0 1 2 1 0 1 1 2 2 2 2 1 0 0 0 0 1 0 1 1 1 0 1 1 1 0 1 2 1 0 1 1 0 0 0 0 0
0 51 1 0 0 1 0 0 1 0 0 1 0 0 1 0 0 1 0 0 1 0 0 1 0 0 1 0 0 1 0 1 2 1 0 1 1 1 0 1 2 0 0 0 0 0 0 0 0 0 0 1 0
0 20 1 1 0 1 2 2 2 1 0 1 1 1 0 1 1 2 2 1 0 1
0 55 1 0 0 1 0 0 1 0 0 1 0 0 1 0 0 1 0 0 1 0 0 1 0 0 1 0 0 1 0 0 0 2 0 2 0 2 0 2 1 0 1 1 2 2 2 2 2 1 1 0 1 2 1 0 1
0 36 1 0 1 1 0 2 0 2 1 0 1 2 1 0 1 1 1 0 1 1 0 0 0 0 1 1 0 1 1 1 0 1 2 1 0 1
0 26 1 0 0 1 0 0 1 0 0 1 0 0 1 0 1 1 1 0 1 1 1 0 1 2 1 0
0 59 1 0 0 1 0 0 1 0 0 1 0 0 1 0 0 1 0 1 1 1 0 1 2 1 0 1 1 1 0 1 2 1 0 1 1 2 2 2 2 1 0 0 0 0 1 0 1 1 1 0 1 1 1 0 1 2 1 0 1
0 32 0 2 0 2 0 2 0 2 1 0 1 2 1 0 1 2 2 2 2 1 0 1 2 0 0 0 0 0 0 0 0 0
0 42 1 0 0 1 0 0 1 0 0 1 0 0 1 0 0 1 0 1 1 1 0 1 2 1 0 1 2 2 2 2 2 1 0 1 2 1 0 1 2 0 0 0
0 13 1 0 0 1 0 1 1 1 0 1 2 1 0
0 29 1 0 0 1 0 0 1 0 0 1 0 0 1 0 0 1 0 0 1 0 0 1 0 0 1 2 1 0 1
0 19 1 0 0 1 0 1 2 0 0 0 0 1 1 0 1 2 1 0 1
0 30 0 2 0 2 1 0 1 1 1 0 1 1 0 0 0 0 0 0 1 1 0 1 1 1 0 1 1 1 0 1
0 73 1 0 0 1 0 0 1 0 0 1 0 0 1 0 0 1 0 0 1 0 0 1 0 0 1 0 0 1 0 1 2 1 0 1 1 1 0 1 2 0 0 0 0 0 0 0 0 0 0 1 0 1 1 1 0 1 2 1 0 1 1 1 0 1 1 2 2 2 2 2 1 0 1
0 21 1 0 1 1 2 2 2 2 2 2 2 1 0 1 2 1 0 1 1 1 0
0 50 1 0 0 1 0 0 1 0 1 2 2 2 2 2 2 1 0 1 1 1 0 1 2 1 0 1 1 1 0 1 2 1 0 1 1 0 0 0 0 0 0 0 0 1 0 1 2 1 0 1
0 47 1 0 0 1 0 0 1 0 0 1 0 0 1 0 0 1 0 0 1 0 0 1 0 0 1 0 2 0 2 1 0 1 2 0 0 0 0 0 0 0 0 1 0 1 1 1 0
0 37 1 0 0 1 0 0 1 0 0 1 0 0 1 0 0 1 0 0 1 0 1 1 1 0 1 2 1 0 1 1 1 0 1 2 1 0 1
0 25 1 0 0 1 0 1 1 1 0 1 2 1 0 1 1 1 0 1 2 2 2 2 2 1 0
0 30 1 1 0 1 2 1 0 1 1 1 0 1 1 1 0 1 1 1 0 1 1 0 2 0 2 0 2 0 2 0
0 53 1 0 0 1 0 0 1 0 0 1 0 0 1 0 0 1 0 0 1 0 1 1 1 0 1 2 1 0 1 1 1 0 1 2 1 0 1 1 1 0 1 2 2 1 0 1 1 1 0 1 1 1 0
0 33 1 0 0 1 0 0 1 0 0 1 0 0 1 0 0 1 0 0 1 0 0 1 0 0 1 0 0 1 0 0 1 0 1
0 18 0 2 0 2 0 2 0 2 1 0 1 2 1 0 1 1 1 0
0 21 2 1 0 1 1 1 0 1 1 1 0 1 2 2 2 2 2 2 2 1 0
0 10 1 0 0 1 0 1 2 1 0 1
0 22 1 0 0 1 0 1 2 0 0 0 0 1 1 0 1 2 1 0 1 1 1 0
0 15 1 0 1 1 1 0 1 2 1 0 1 1 0 0 0
0 51 1 0 0 1 0 0 1 0 0 1 0 0 1 0 0 1 0 0 1 0 0 1 0 0 1 0 0 1 0 0 0 2 0 2 0 2 0 2 1 0 1 1 2 2 2 2 2 1 1 0 1
0 17 1 0 0 1 0 0 1 0 0 1 0 0 1 0 0 1 0
0 54 1 0 0 1 0 0 1 0 0 1 0 0 1 0 0 1 0 0 1 0 0 1 0 0 1 0 0 1 0 0 0 2 0 2 0 2 0 2 1 0 1 1 2 2 2 2 2 1 1 0 1 2 1 0
0 24 1 0 0 1 0 0 1 0 0 1 1 1 0 1 1 1 0 1 2 1 0 1 2 0
0 26 1 1 0 1 2 1 0 1 1 1 0 1 1 1 0 1 1 1 0 1 1 0 2 0 2 0
0 64 1 0 0 1 0 1 1 1 0 1 2 1 0 1 1 1 0 1 2 2 2 2 2 1 0 1 2 0 0 1 0 1 1 1 0 1 1 1 0 1 2 1 0 1 2 0 0 0 0 1 0 1 1 1 0 1 2 1 0 1 1 0 0 0
0 88 1 0 0 1 0 0 1 0 0 1 0 0 1 0 0 1 0 0 1 0 0 1 0 0 1 0 0 1 0 1 2 1 0 1 1 1 0 1 2 0 0 0 0 0 0 0 0 0 0 1 0 1 1 1 0 1 2 1 0 1 1 1 0 1 1 2 2 2 2 2 1 0 1 1 1 0 1 2 1 0 1 2 1 0 1 2 1 0
0 117 1 0 0 1 0 0 1 0 0 1 0 0 1 0 0 1 0 0 1 0 0 1 0 0 1 0 0 1 0 1 2 1 0 1 1 1 0 1 2 0 0 0 0 0 0 0 0 0 0 1 0 1 1 1 0 1 2 1 0 1 1 1 0 1 1 2 2 2 2 2 1 0 1 1 1 0 1 2 1 0 1 2 1 0 1 2 1 0 1 2 0 0 0 0 0 0 0 0 1 0 1 1 1 0 1 1 1 0 1 1 1 0 1 1 1 0 1
0 22 1 0 1 2 1 0 1 2 2 2 1 1 0 1 1 1 0 1 2 1 0 1
0 13 1 0 0 1 0 0 0 0 0 0 2 1 0
0 28 1 0 0 1 0 0 1 0 0 1 0 0 1 0 0 1 0 0 1 0 0 1 0 0 1 2 1 0
0 28 2 1 1 0 1 1 1 0 1 1 1 0 1 1 1 0 1 2 2 2 2 1 0 1 2 1 0 1
0 38 0 2 0 2 1 0 1 1 1 0 1 1 0 0 0 0 0 0 1 1 0 1 1 1 0 1 1 1 0 1 2 2 2 0 2 0 2 0
0 33 0 2 0 2 0 2 0 2 1 0 1 2 1 0 1 1 1 0 1 1 2 2 1 0 1 1 1 0 1 1 1 0 1
0 24 2 1 0 1 1 1 0 1 1 1 0 1 2 1 0 1 1 2 2 2 2 0 2 0
0 12 1 1 0 1 2 1 0 1 1 1 0 1
0 29 1 0 1 1 1 0 1 1 1 0 1 2 1 0 1 2 1 0 1 1 1 0 1 1 0 0 0 0 0
0 9 1 0 0 1 0 0 2 1 0
0 7 1 0 1 2 0 0 0
0 36 1 0 0 1 0 0 1 0 0 1 0 0 1 0 0 1 0 0 1 0 0 1 0 0 1 2 1 0 1 2 1 0 1 1 1 0
0 28 0 2 1 0 1 1 1 0 1 2 1 0 1 2 1 0 1 2 1 0 1 1 2 0 2 0 2 0
0 50 1 0 0 1 0 0 1 0 0 1 0 0 1 0 0 1 0 1 1 1 0 1 2 1 0 1 1 1 0 1 2 1 0 1 1 2 2 2 2 1 0 0 0 0 1 0 1 1 1 0
0 24 1 0 0 1 0 0 1 0 0 1 0 0 1 0 0 1 0 0 1 0 2 0 2 0
0 43 1 0 0 1 0 0 1 0 0 1 0 0 1 0 0 1 0 0 1 0 0 1 0 0 1 2 1 0 1 2 1 0 1 1 1 0 1 2 1 0 1 1 0
0 25 1 0 0 1 0 0 0 0 0 0 2 1 0 0 1 0 0 1 0 0 1 0 0 1 0
0 41 1 0 0 1 0 0 1 0 0 1 0 0 1 0 0 1 0 0 1 0 1 1 1 0 1 2 1 0 1 1 1 0 1 2 1 0 1 1 1 0 1
0 11 1 0 0 1 0 0 0 0 0 1 0
0 3 1 0 1
0 15 1 0 1 2 1 0 1 1 1 0 1 2 1 0 1
0 26 1 0 0 1 0 0 1 0 0 1 0 0 1 1 0 1 2 1 0 1 2 1 0 1 1 0
0 37 1 0 0 1 0 0 1 0 0 1 0 0 1 0 0 1 0 0 1 0 0 1 0 0 1 2 1 0 1 2 1 0 1 1 1 0 1
0 43 0 2 0 2 0 2 0 2 1 0 1 2 1 0 1 1 1 0 1 1 2 2 1 0 1 1 1 0 1 1 1 0 1 2 1 0 1 2 0 0 1 0 1
0 46 2 1 1 0 1 1 1 0 1 1 1 0 1 1 1 0 1 2 2 2 2 1 0 1 2 1 0 1 2 1 0 1 2 1 0 1 2 1 0 1 2 0 0 0 0 0
0 83 1 0 0 1 0 0 1 0 0 1 0 0 1 0 0 1 0 0 1 0 0 1 0 0 1 0 0 1 0 0 1 0 0 2 1 0 1 1 1 0 1 1 1 0 1 1 1 0 1 1 2 2 2 2 2 0 2 0 2 0 2 0 2 0 2 2 1 0 1 2 1 0 1 1 1 0 1 1 1 0 1 2 0
0 12 1 0 0 1 0 0 1 0 0 1 0 1
0 58 1 0 0 1 0 0 1 0 0 1 0 0 1 0 0 1 0 0 1 0 0 1 0 0 1 0 0 1 0 0 1 0 1 1 0 0 0 2 0 2 0 2 0 2 1 0 1 2 2 2 2 2 2 0 2 1 0 1
0 36 1 1 0 1 2 2 2 1 0 1 1 1 0 1 1 2 2 1 0 1 1 1 0 1 1 1 0 1 2 1 0 1 1 1 0 1
0 29 1 0 1 2 1 0 1 1 1 0 1 2 1 0 1 1 2 2 2 2 2 2 2 1 0 1 2 1 0
0 28 1 1 0 1 2 1 0 1 1 1 0 1 1 1 0 1 1 1 0 1 1 0 2 0 2 0 2 0
0 32 1 0 0 1 0 0 1 0 0 1 0 0 1 0 0 1 0 0 1 0 0 1 0 0 1 0 0 1 0 0 1 0
0 64 1 0 0 1 0 0 1 0 0 1 0 0 1 0 0 1 0 0 1 0 1 1 1 0 1 2 1 0 1 1 1 0 1 2 1 0 1 1 1 0 1 2 2 1 0 1 1 1 0 1 1 1 0 1 2 1 0 1 1 0 0 0 0 0
0 46 0 2 0 2 0 2 0 2 1 0 1 2 1 0 1 1 1 0 1 1 2 2 1 0 1 1 1 0 1 1 1 0 1 2 1 0 1 2 0 0 1 0 1 1 1 0
0 4 2 1 1 0
0 23 1 0 0 1 0 0 1 0 0 1 0 0 1 0 1 2 1 0 1 1 1 0 1
0 52 1 0 0 1 0 1 1 1 0 1 2 1 0 1 1 1 0 1 2 2 2 2 2 1 0 1 2 0 0 1 0 1 1 1 0 1 1 1 0 1 2 1 0 1 2 0 0 0 0 1 0 1
0 50 1 0 0 1 0 0 1 0 0 1 0 0 1 0 0 1 0 0 1 0 1 1 1 0 1 2 1 0 1 1 1 0 1 2 1 0 1 1 1 0 1 2 2 1 0 1 1 1 0 1
0 58 1 0 0 1 0 0 1 0 1 2 2 2 2 2 2 1 0 1 1 1 0 1 2 1 0 1 1 1 0 1 2 1 0 1 1 0 0 0 0 0 0 0 0 1 0 1 2 1 0 1 2 1 0 1 2 0 2 0
0 33 1 0 1 1 2 2 0 2 0 2 0 2 0 2 1 0 1 2 1 0 1 2 1 0 1 2 1 0 1 2 1 0 1
0 19 1 0 0 1 0 0 1 0 0 1 0 0 1 0 1 1 1 0 1
0 38 1 0 0 1 0 0 1 0 0 1 0 0 1 0 0 1 0 0 1 0 0 1 0 0 1 0 0 1 0 1 2 1 0 1 1 1 0 1
0 29 1 0 1 1 1 0 1 2 1 0 1 1 0 0 0 0 0 0 2 1 0 1 1 2 2 2 0 0 0
0 27 0 0 0 0 0 0 0 0 0 0 2 1 0 1 1 2 2 1 0 1 1 1 0 1 2 1 0
0 36 0 2 0 2 1 0 1 1 1 0 1 1 0 0 0 0 0 0 1 1 0 1 1 1 0 1 1 1 0 1 2 2 2 0 2 0
0 24 0 2 0 2 0 2 0 2 1 0 1 2 1 0 1 1 1 0 1 1 2 2 1 0
0 62 1 0 0 1 0 0 1 0 0 1 0 0 1 0 0 1 0 0 1 0 0 1 0 0 1 0 0 1 0 0 1 0 1 1 0 0 0 2 0 2 0 2 0 2 1 0 1 2 2 2 2 2 2 0 2 1 0 1 2 1 0 1
0 32 1 0 0 1 0 0 1 0 0 1 0 0 1 0 0 1 0 0 1 0 1 1 1 0 1 2 1 0 1 1 1 0
0 91 1 0 0 1 0 0 1 0 0 1 0 0 1 0 0 1 0 0 1 0 0 1 0 0 1 0 0 1 0 0 1 0 0 2 1 0 1 1 1 0 1 1 1 0 1 1 1 0 1 1 2 2 2 2 2 0 2 0 2 0 2 0 2 0 2 2 1 0 1 2 1 0 1 1 1 0 1 1 1 0 1 2 0 0 0 0 0 0 0 0 0
0 46 1 0 0 1 0 0 1 0 0 1 0 0 1 0 0 1 0 1 1 1 0 1 2 1 0 1 2 2 2 2 2 1 0 1 2 1 0 1 2 0 0 0 0 0 0 0
0 22 0 2 0 2 0 2 0 2 1 0 1 2 1 0 1 2 2 2 2 1 0 1
0 10 1 0 1 2 1 0 1 2 1 0
0 25 0 2 0 2 0 2 0 2 1 0 1 2 1 0 1 1 1 0 1 1 2 2 1 0 1
0 20 1 0 1 1 1 0 1 2 2 2 2 2 2 0 2 0 2 0 2 0
0 37 1 0 0 1 0 0 1 0 0 1 0 0 1 0 1 1 1 0 1 1 1 0 1 2 1 0 1 2 0 2 0 2 0 2 0 2 0
0 18 1 0 2 0 2 0 2 0 2 0 2 1 0 1 1 1 0 1
0 41 1 0 0 1 0 0 1 0 0 1 0 0 1 0 0 1 0 0 1 0 0 1 0 0 1 0 0 1 0 0 1 0 0 2 1 0 1 1 1 0 1
0 61 1 0 0 1 0 0 1 0 0 1 0 0 1 0 0 1 0 0 1 0 0 1 0 0 1 0 0 1 0 0 1 0 1 1 0 0 0 2 0 2 0 2 0 2 1 0 1 2 2 2 2 2 2 0 2 1 0 1 2 1 0
0 18 1 0 0 1 0 0 1 0 0 1 0 0 1 0 1 2 1 0
0 39 1 0 1 1 1 0 1 2 2 2 2 2 2 0 2 0 2 0 2 0 2 0 2 0 2 1 0 1 2 1 0 1 1 2 2 2 1 0 1
0 29 1 0 1 1 1 0 1 2 1 0 1 1 1 0 1 2 1 0 1 1 0 0 0 0 0 0 0 2 0
0 10 1 0 1 1 1 0 1 1 1 0
0 44 1 0 0 1 0 0 1 0 0 1 0 0 1 0 0 1 0 0 0 2 0 2 0 2 0 2 1 0 1 1 1 0 1 2 1 0 1 2 2 2 2 1 0 1
0 16 1 0 1 1 1 0 1 2 2 2 2 2 2 0 2 0
0 30 1 0 0 1 0 0 1 0 0 2 0 0 0 0 0 0 0 0 0 0 1 0 1 1 1 0 1 2 1 0
0 13 0 2 0 2 1 0 1 1 1 0 1 1 0
0 6 2 1 0 0 1 0
0 18 1 0 1 1 1 0 1 1 1 0 1 2 1 0 1 2 1 0
0 34 1 0 0 1 0 0 1 0 1 2 2 2 2 2 2 1 0 1 1 1 0 1 2 1 0 1 1 1 0 1 2 1 0 1
0 24 1 0 0 1 0 0 1 0 0 1 0 1 2 1 0 1 2 1 0 1 1 0 0 0
0 7 1 0 1 1 2 2 0
0 44 1 0 0 1 0 0 1 0 0 1 0 0 1 0 0 1 0 0 1 0 0 1 0 0 1 0 0 1 0 0 1 0 0 2 1 0 1 1 1 0 1 1 1 0
0 52 1 0 0 1 0 0 1 0 0 1 0 0 1 0 0 1 0 0 0 2 0 2 0 2 0 2 1 0 1 1 1 0 1 2 1 0 1 2 2 2 2 1 0 1 2 1 0 1 1 1 0 1
0 6 1 0 2 0 2 0
0 39 1 0 0 1 0 0 1 0 0 1 0 0 1 0 1 2 1 0 1 1 1 0 1 1 1 0 1 2 1 0 1 2 1 0 1 2 1 0 1
0 28 0 2 0 2 0 2 0 2 1 0 1 2 1 0 1 1 1 0 1 1 2 2 1 0 1 1 1 0
0 9 1 0 0 1 0 0 1 0 1
0 44 1 0 0 1 0 0 1 0 0 1 0 0 1 0 1 1 1 0 1 1 1 0 1 2 1 0 1 2 0 2 0 2 0 2 0 2 0 2 1 0 1 1 1 0
0 36 0 2 0 2 0 2 0 2 1 0 1 2 1 0 1 2 2 2 2 1 0 1 2 0 0 0 0 0 0 0 0 0 0 1 0 1
0 54 1 0 0 1 0 0 1 0 1 2 2 2 2 2 2 1 0 1 1 1 0 1 2 1 0 1 1 1 0 1 2 1 0 1 1 0 0 0 0 0 0 0 0 1 0 1 2 1 0 1 2 1 0 1
0 81 1 0 0 1 0 0 1 0 0 1 0 0 1 0 0 1 0 0 1 0 0 1 0 0 1 0 0 1 0 0 1 0 0 2 1 0 1 1 1 0 1 1 1 0 1 1 1 0 1 1 2 2 2 2 2 0 2 0 2 0 2 0 2 0 2 2 1 0 1 2 1 0 1 1 1 0 1 1 1 0 1
0 38 1 0 1 1 1 0 1 2 2 2 2 2 2 0 2 0 2 0 2 0 2 0 2 0 2 1 0 1 2 1 0 1 1 2 2 2 1 0
0 91 1 0 0 1 0 0 1 0 0 1 0 0 1 0 0 1 0 0 1 0 0 1 0 0 1 0 0 1 0 1 2 1 0 1 1 1 0 1 2 0 0 0 0 0 0 0 0 0 0 1 0 1 1 1 0 1 2 1 0 1 1 1 0 1 1 2 2 2 2 2 1 0 1 1 1 0 1 2 1 0 1 2 1 0 1 2 1 0 1 2 0
0 14 0 2 0 2 0 2 0 2 1 2 2 1 0 1
0 51 1 0 0 1 0 0 1 0 0 1 0 0 1 0 0 1 0 0 1 0 0 1 0 0 1 0 2 0 2 1 0 1 2 0 0 0 0 0 0 0 0 1 0 1 1 1 0 1 1 1 0
0 80 1 0 0 1 0 0 1 0 0 1 0 0 1 0 0 1 0 0 1 0 0 1 0 0 1 0 0 1 0 1 2 1 0 1 1 1 0 1 2 0 0 0 0 0 0 0 0 0 0 1 0 1 1 1 0 1 2 1 0 1 1 1 0 1 1 2 2 2 2 2 1 0 1 1 1 0 1 2 1 0
0 66 1 0 0 1 0 0 1 0 0 1 0 0 1 0 0 1 0 0 1 0 0 1 0 0 1 0 0 1 0 0 1 0 1 1 0 0 0 2 0 2 0 2 0 2 1 0 1 2 2 2 2 2 2 0 2 1 0 1 2 1 0 1 1 0 0 0
0 15 1 0 1 1 1 0 1 1 1 0 1 1 1 0 1
0 38 1 0 0 1 0 0 1 0 0 1 0 0 1 0 0 1 0 0 1 0 0 1 0 0 1 0 2 0 2 1 0 1 2 0 0 0 0 0
0 16 1 0 0 1 0 1 2 1 0 1 1 1 0 1 1 0
0 16 1 0 0 1 0 0 0 0 0 0 2 1 0 0 1 0
0 39 1 0 0 1 0 0 1 0 0 1 0 0 1 0 0 1 0 0 1 0 0 1 0 0 1 0 0 1 0 0 1 0 1 1 0 0 0 2 0
0 63 1 0 0 1 0 0 1 0 0 1 0 0 1 0 0 1 0 1 1 1 0 1 2 1 0 1 1 1 0 1 2 1 0 1 1 2 2 2 2 1 0 0 0 0 1 0 1 1 1 0 1 1 1 0 1 2 1 0 1 1 0 0 0
0 10 0 0 0 1 1 0 2 0 2 0
0 30 2 1 0 1 1 1 0 1 1 1 0 1 2 1 0 1 1 2 2 2 2 0 2 0 2 0 2 0 2 0
0 30 0 2 0 2 0 2 0 2 1 2 2 1 0 1 1 1 0 1 2 1 0 1 2 1 0 1 2 1 0 1
0 55 1 0 0 1 0 1 1 1 0 1 2 1 0 1 1 1 0 1 2 2 2 2 2 1 0 1 2 0 0 1 0 1 1 1 0 1 1 1 0 1 2 1 0 1 2 0 0 0 0 1 0 1 1 1 0
0 31 2 1 1 0 1 1 1 0 1 1 1 0 1 1 1 0 1 2 2 2 2 1 0 1 2 1 0 1 2 1 0
0 30 1 0 0 1 0 0 1 0 0 1 0 0 1 0 1 2 1 0 1 1 1 0 1 1 1 0 1 2 1 0
0 29 1 0 0 1 0 0 1 0 0 1 0 0 1 0 0 1 0 0 1 0 1 1 1 0 1 2 1 0 1
0 34 0 2 0 2 0 2 0 2 1 2 2 1 0 1 1 1 0 1 2 1 0 1 2 1 0 1 2 1 0 1 1 0 0 0
0 37 1 0 0 1 0 0 1 0 0 1 0 0 1 0 0 1 0 0 0 2 0 2 0 2 0 2 1 0 1 1 1 0 1 2 1 0 1
0 40 1 1 0 1 2 2 2 1 0 1 1 1 0 1 1 2 2 1 0 1 1 1 0 1 1 1 0 1 2 1 0 1 1 1 0 1 2 1 0 1
0 47 1 0 0 1 0 0 0 0 0 0 2 1 0 0 1 0 0 1 0 0 1 0 0 1 0 0 1 0 0 1 0 0 1 0 1 1 1 0 1 2 1 0 1 2 1 0 1
0 54 1 0 0 1 0 0 1 0 0 1 0 0 1 0 0 1 0 0 1 0 0 1 0 0 1 0 0 1 0 0 1 0 1 1 0 0 0 2 0 2 0 2 0 2 1 0 1 2 2 2 2 2 2 0
0 30 1 0 0 1 0 0 1 0 0 1 0 0 1 0 0 1 0 1 1 1 0 1 2 1 0 1 1 1 0 1
0 45 1 0 0 1 0 0 1 0 1 2 2 2 2 2 2 1 0 1 1 1 0 1 2 1 0 1 1 1 0 1 2 1 0 1 1 0 0 0 0 0 0 0 0 1 0
0 18 1 0 1 1 1 0 1 2 1 0 1 1 1 0 1 2 1 0
0 14 1 0 0 1 0 1 1 1 0 1 2 1 0 1
0 34 1 0 0 1 0 0 0 0 0 0 2 1 0 0 1 0 0 1 0 0 1 0 0 1 0 0 1 0 0 1 0 0 1 0
0 76 1 0 0 1 0 0 1 0 0 1 0 0 1 0 0 1 0 0 1 0 1 1 1 0 1 2 1 0 1 1 1 0 1 2 1 0 1 1 1 0 1 2 2 1 0 1 1 1 0 1 1 1 0 1 2 1 0 1 1 0 0 0 0 0 0 0 0 0 0 0 2 0 2 0 2 0
0 11 1 0 0 1 0 0 1 0 0 1 0
0 30 1 0 1 2 1 0 1 1 1 0 1 2 1 0 1 1 2 2 2 2 2 2 2 1 0 1 2 1 0 1
0 5 0 2 1 0 1
0 19 1 0 0 1 0 0 1 0 0 1 0 1 2 1 0 1 2 1 0
0 64 1 0 0 1 0 0 1 0 0 1 0 0 1 0 0 1 0 0 1 0 0 1 0 0 1 0 0 1 0 0 1 0 1 1 0 0 0 2 0 2 0 2 0 2 1 0 1 2 2 2 2 2 2 0 2 1 0 1 2 1 0 1 1 0
0 85 1 0 0 1 0 0 1 0 0 1 0 0 1 0 0 1 0 0 1 0 0 1 0 0 1 0 0 1 0 1 2 1 0 1 1 1 0 1 2 0 0 0 0 0 0 0 0 0 0 1 0 1 1 1 0 1 2 1 0 1 1 1 0 1 1 2 2 2 2 2 1 0 1 1 1 0 1 2 1 0 1 2 1 0 1
0 41 1 0 0 1 0 0 1 0 0 1 0 0 1 0 0 1 0 0 1 0 0 1 0 0 1 0 0 1 0 0 1 0 0 1 1 0 1 1 1 0 1
0 11 1 0 1 2 1 0 1 1 1 0 1
0 7 0 0 2 1 0 2 0
0 23 1 0 0 1 0 0 1 0 0 1 0 0 1 0 0 1 0 0 0 0 0 1 0
0 57 1 0 0 1 0 0 1 0 0 1 0 0 1 0 1 1 1 0 1 1 1 0 1 2 1 0 1 2 0 2 0 2 0 2 0 2 0 2 1 0 1 1 1 0 1 1 1 0 1 2 1 0 1 1 1 0 1
0 64 1 1 0 1 2 2 2 1 0 1 1 1 0 1 1 2 2 1 0 1 1 1 0 1 1 1 0 1 2 1 0 1 1 1 0 1 2 1 0 1 2 1 0 1 1 1 0 1 2 1 0 1 1 1 0 1 1 0 0 0 0 0 0 0
0 40 1 0 0 1 0 1 1 1 0 1 2 1 0 1 1 1 0 1 2 2 2 2 2 1 0 1 2 0 0 1 0 1 1 1 0 1 1 1 0 1
0 45 1 0 1 1 1 0 1 1 1 0 1 2 1 0 1 2 1 0 1 1 1 0 1 1 0 0 0 0 0 0 0 0 0 0 1 0 1 2 0 0 0 0 0 0 0
0 54 1 0 0 1 0 0 1 0 0 1 0 0 1 0 0 1 0 1 1 1 0 1 2 1 0 1 1 1 0 1 2 1 0 1 1 2 2 2 2 1 0 0 0 0 1 0 1 1 1 0 1 1 1 0
0 56 1 0 0 1 0 1 1 1 0 1 2 1 0 1 1 1 0 1 2 2 2 2 2 1 0 1 2 0 0 1 0 1 1 1 0 1 1 1 0 1 2 1 0 1 2 0 0 0 0 1 0 1 1 1 0 1
0 23 2 1 1 0 1 1 1 0 1 1 1 0 1 1 1 0 1 2 2 2 2 1 0
0 28 1 0 0 1 0 0 1 0 0 1 0 0 1 0 0 1 0 0 1 0 0 1 0 0 1 0 2 0
0 26 0 2 0 2 0 2 0 2 1 2 2 1 0 1 1 1 0 1 2 1 0 1 2 1 0 1
0 53 1 0 0 1 0 0 1 0 1 2 2 2 2 2 2 1 0 1 1 1 0 1 2 1 0 1 1 1 0 1 2 1 0 1 1 0 0 0 0 0 0 0 0 1 0 1 2 1 0 1 2 1 0
0 26 1 0 0 1 0 0 1 0 0 1 0 0 1 0 0 1 0 1 1 1 0 1 2 1 0 1
0 25 1 0 1 1 1 0 1 2 1 0 1 1 1 0 1 2 1 0 1 1 0 0 0 0 0
0 31 1 0 0 1 0 0 0 0 0 0 0 1 0 0 1 0 0 1 0 0 1 0 0 1 0 0 1 0 0 1 0
0 15 1 0 1 1 1 0 1 1 1 0 1 2 1 0 1
0 43 1 0 0 1 0 0 1 0 0 1 0 0 1 0 0 1 0 1 1 1 0 1 2 1 0 1 1 1 0 1 2 1 0 1 1 2 2 2 2 1 0 0 0
0 21 1 0 0 1 0 0 1 0 1 2 2 2 2 2 2 1 0 1 1 1 0
0 55 1 0 0 1 0 0 1 0 0 1 0 0 1 0 0 1 0 0 1 0 0 1 0 0 1 2 1 0 1 2 1 0 1 1 1 0 1 2 1 0 1 1 0 0 0 0 0 0 0 0 0 0 1 0 1
0 21 1 0 0 1 0 0 1 0 0 1 0 0 1 0 0 1 0 0 1 0 1
0 74 1 0 0 1 0 0 1 0 0 1 0 0 1 0 0 1 0 0 1 0 1 1 1 0 1 2 1 0 1 1 1 0 1 2 1 0 1 1 1 0 1 2 2 1 0 1 1 1 0 1 1 1 0 1 2 1 0 1 1 0 0 0 0 0 0 0 0 0 0 0 2 0 2 0
0 44 1 0 0 1 0 0 1 0 0 1 0 0 1 0 0 1 0 1 1 1 0 1 2 1 0 1 2 2 2 2 2 1 0 1 2 1 0 1 2 0 0 0 0 0
0 43 1 0 0 1 0 0 1 0 0 1 0 0 1 0 0 1 0 0 1 0 0 1 0 0 1 0 0 1 0 0 1 0 1 1 0 0 0 2 0 2 0 2 0
0 54 1 0 0 1 0 0 1 0 0 1 0 0 1 0 0 1 0 0 1 0 0 1 0 0 1 2 1 0 1 2 1 0 1 1 1 0 1 2 1 0 1 1 0 0 0 0 0 0 0 0 0 0 1 0
0 16 2 1 0 1 1 1 0 1 1 1 0 1 2 1 0 1
0 14 1 0 1 1 1 0 1 1 1 0 1 1 1 0
0 12 1 0 0 1 0 0 2 1 0 1 1 0
0 60 1 0 0 1 0 1 1 1 0 1 2 1 0 1 1 1 0 1 2 2 2 2 2 1 0 1 2 0 0 1 0 1 1 1 0 1 1 1 0 1 2 1 0 1 2 0 0 0 0 1 0 1 1 1 0 1 2 1 0 1
0 13 1 0 1 2 1 0 1 2 2 2 1 1 0
0 36 1 0 0 1 0 0 1 0 0 1 0 0 1 0 0 1 0 0 0 2 0 2 0 2 0 2 1 0 1 1 1 0 1 2 1 0
0 23 1 0 1 1 0 2 0 2 1 0 1 2 1 0 1 1 1 0 1 1 0 0 0
0 42 2 1 1 0 1 1 1 0 1 1 1 0 1 1 1 0 1 2 2 2 2 1 0 1 2 1 0 1 2 1 0 1 2 1 0 1 2 1 0 1 2 0
0 6 1 0 1 2 1 0
0 33 1 0 1 1 1 0 1 1 1 0 1 2 1 0 1 2 1 0 1 1 1 0 1 1 0 0 0 0 0 0 0 0 0
0 32 1 0 0 1 0 0 1 0 0 1 0 0 1 0 0 1 0 0 1 0 0 1 0 0 1 2 1 0 1 2 1 0
0 5 1 0 0 1 0
0 9 1 0 1 1 2 2 0 2 0
0 15 0 2 0 2 0 2 0 2 1 0 1 2 1 0 1
0 40 1 0 0 1 0 0 1 0 0 1 0 0 1 0 0 1 0 0 1 0 0 1 0 0 1 0 0 1 0 1 2 1 0 1 1 1 0 1 2 0
0 24 2 1 1 0 1 1 1 0 1 1 1 0 1 1 1 0 1 2 2 2 2 1 0 1
0 25 1 0 1 1 1 0 1 1 1 0 1 2 1 0 1 2 1 0 1 1 1 0 1 1 0
0 56 1 0 0 1 0 0 1 0 0 1 0 0 1 0 0 1 0 0 1 0 0 1 0 0 1 0 2 0 2 1 0 1 2 0 0 0 0 0 0 0 0 1 0 1 1 1 0 1 1 1 0 1 2 0 0 0
0 27 1 0 1 1 1 0 1 2 2 2 2 2 2 0 2 0 2 0 2 0 2 0 2 0 2 1 0
0 51 1 0 0 1 0 0 1 0 0 1 0 0 1 0 0 1 0 0 0 2 0 2 0 2 0 2 1 0 1 1 1 0 1 2 1 0 1 2 2 2 2 1 0 1 2 1 0 1 1 1 0
0 39 1 0 0 1 0 0 1 0 0 2 0 0 0 0 0 0 0 0 0 0 1 0 1 1 1 0 1 2 1 0 1 1 1 0 1 2 1 0 1
0 40 1 0 0 1 0 0 1 0 0 1 0 0 1 0 0 1 0 0 1 0 0 1 0 0 1 0 2 0 2 1 0 1 2 0 0 0 0 0 0 0
0 13 1 1 0 1 2 2 2 1 0 1 1 1 0
0 26 1 0 0 1 0 0 1 0 0 1 0 0 1 0 0 1 0 0 1 0 0 1 0 0 1 0
0 14 1 0 1 2 1 0 1 2 2 2 1 1 0 1
0 14 1 0 0 1 0 0 2 1 0 1 1 0 0 0
0 19 1 0 0 1 0 0 1 0 0 1 0 0 1 0 1 2 1 0 1
0 23 1 0 1 2 1 0 1 1 2 2 2 2 0 2 0 2 0 2 0 2 0 2 0
0 46 1 0 0 1 0 0 1 0 0 1 0 0 1 0 0 1 0 0 1 0 1 1 1 0 1 2 1 0 1 1 1 0 1 2 1 0 1 1 1 0 1 2 2 1 0 1
0 16 1 0 0 1 0 0 1 0 0 1 0 0 1 1 0 1
0 15 1 0 1 2 1 0 1 2 1 0 1 1 1 0 1
0 57 1 0 0 1 0 0 1 0 0 1 0 0 1 0 0 1 0 0 1 0 0 1 0 0 1 0 0 1 0 0 1 0 1 1 0 0 0 2 0 2 0 2 0 2 1 0 1 2 2 2 2 2 2 0 2 1 0
0 27 1 0 1 1 1 0 1 1 1 0 1 2 1 0 1 2 1 0 1 1 1 0 1 1 0 0 0
0 40 0 2 0 2 0 2 0 2 1 0 1 2 1 0 1 2 2 2 2 1 0 1 2 0 0 0 0 0 0 0 0 0 0 1 0 1 1 1 0 1
0 14 0 0 0 2 0 0 1 0 0 1 0 0 1 0
0 50 1 0 0 1 0 0 1 0 0 1 0 0 1 0 0 1 0 0 1 0 0 1 0 0 1 0 0 1 0 0 0 2 0 2 0 2 0 2 1 0 1 1 2 2 2 2 2 1 1 0
0 8 2 1 1 0 1 1 1 0
0 38 1 0 0 1 0 0 1 0 0 1 0 0 1 0 0 1 0 1 1 1 0 1 2 1 0 1 2 2 2 2 2 1 0 1 2 1 0 1
0 19 1 1 0 1 2 1 0 1 1 1 0 1 1 1 0 1 1 1 0
0 24 1 0 0 1 0 0 1 0 0 1 0 0 1 0 0 1 0 0 1 0 1 1 1 0
0 21 1 0 1 2 1 0 1 1 2 2 2 2 0 2 0 2 0 2 0 2 0
0 101 1 0 0 1 0 0 1 0 0 1 0 0 1 0 0 1 0 0 1 0 0 1 0 0 1 0 0 1 0 1 2 1 0 1 1 1 0 1 2 0 0 0 0 0 0 0 0 0 0 1 0 1 1 1 0 1 2 1 0 1 1 1 0 1 1 2 2 2 2 2 1 0 1 1 1 0 1 2 1 0 1 2 1 0 1 2 1 0 1 2 0 0 0 0 0 0 0 0 1 0 1
0 29 1 0 0 1 0 0 1 0 0 1 0 0 1 0 0 1 0 1 1 1 0 1 2 1 0 1 1 1 0
0 66 1 1 0 1 2 2 2 1 0 1 1 1 0 1 1 2 2 1 0 1 1 1 0 1 1 1 0 1 2 1 0 1 1 1 0 1 2 1 0 1 2 1 0 1 1 1 0 1 2 1 0 1 1 1 0 1 1 0 0 0 0 0 0 0 0 0
0 36 1 0 1 2 1 0 1 2 1 0 1 2 1 0 1 1 2 2 2 2 2 1 0 1 2 1 0 1 1 0 0 0 0 0 0 0
0 52 1 1 0 1 2 2 2 1 0 1 1 1 0 1 1 2 2 1 0 1 1 1 0 1 1 1 0 1 2 1 0 1 1 1 0 1 2 1 0 1 2 1 0 1 1 1 0 1 2 1 0 1
0 48 0 2 0 2 0 2 0 2 1 0 1 2 1 0 1 2 2 2 2 1 0 1 2 0 0 0 0 0 0 0 0 0 0 1 0 1 1 1 0 1 1 1 0 1 2 1 0 1
0 31 1 0 0 1 0 0 1 0 0 1 0 0 1 0 0 1 0 0 1 0 0 1 0 0 1 0 2 0 2 1 0
0 25 0 2 0 2 0 2 0 2 1 2 2 1 0 1 1 1 0 1 2 1 0 1 2 1 0
0 30 1 0 0 1 0 0 1 0 0 1 0 0 1 0 0 1 0 0 1 0 0 1 0 0 1 0 0 1 0 1
0 13 2 1 1 0 1 1 1 0 1 1 1 0 1
0 21 1 0 0 1 0 0 1 0 0 1 1 1 0 1 1 1 0 1 2 1 0
0 40 1 0 0 1 0 0 1 0 1 2 2 2 2 2 2 1 0 1 1 1 0 1 2 1 0 1 1 1 0 1 2 1 0 1 1 0 0 0 0 0
0 8 2 1 0 1 1 1 0 1
0 48 1 0 0 1 0 0 1 0 0 1 0 0 1 0 0 1 0 0 0 2 0 2 0 2 0 2 1 0 1 1 1 0 1 2 1 0 1 2 2 2 2 1 0 1 2 1 0 1
0 11 0 0 2 1 0 2 0 2 0 2 0
0 24 1 0 0 1 0 0 1 0 0 1 0 0 1 0 0 1 0 0 0 0 0 1 0 1
0 33 1 0 0 1 0 0 1 0 0 1 0 0 1 0 0 1 0 0 1 0 0 1 0 0 1 2 1 0 1 2 1 0 1
0 41 1 0 0 1 0 0 1 0 0 1 0 0 1 0 0 1 0 0 1 0 0 1 0 0 1 2 1 0 1 2 1 0 1 1 1 0 1 2 1 0 1
0 40 1 0 0 1 0 0 1 0 0 1 0 0 1 0 0 1 0 0 1 0 0 1 0 0 1 0 0 1 0 0 1 0 0 2 1 0 1 1 1 0
0 32 1 1 0 1 2 2 2 1 0 1 1 1 0 1 1 2 2 1 0 1 1 1 0 1 1 1 0 1 2 1 0 1
0 11 0 2 0 2 0 2 0 2 1 0 1
0 19 1 0 0 1 0 0 1 0 0 1 0 0 1 1 0 1 2 1 0
0 34 1 0 0 1 0 0 1 0 0 1 0 0 1 0 0 1 0 1 1 1 0 1 2 1 0 1 1 1 0 1 2 1 0 1
0 9 0 0 2 1 0 2 0 2 0
0 26 1 0 0 1 0 0 1 0 0 2 0 0 0 0 0 0 0 0 0 0 1 0 1 1 1 0
0 22 0 2 0 2 0 2 0 2 1 2 2 1 0 1 1 1 0 1 2 1 0 1
0 14 1 0 1 2 1 0 1 1 1 0 1 2 1 0
0 22 1 0 0 1 0 0 1 0 0 1 0 0 1 0 1 2 1 0 1 1 1 0
0 59 1 0 0 1 0 0 1 0 0 1 0 0 1 0 0 1 0 0 1 0 0 1 0 0 1 0 0 1 0 1 2 1 0 1 1 1 0 1 2 0 0 0 0 0 0 0 0 0 0 1 0 1 1 1 0 1 2 1 0
0 32 1 0 1 1 1 0 1 2 2 2 2 2 2 0 2 0 2 0 2 0 2 0 2 0 2 1 0 1 2 1 0 1
0 34 1 1 0 1 2 1 0 1 1 1 0 1 1 1 0 1 1 1 0 1 1 0 2 0 2 0 2 0 2 0 2 0 2 0
0 76 1 0 0 1 0 0 1 0 0 1 0 0 1 0 0 1 0 0 1 0 0 1 0 0 1 0 0 1 0 1 2 1 0 1 1 1 0 1 2 0 0 0 0 0 0 0 0 0 0 1 0 1 1 1 0 1 2 1 0 1 1 1 0 1 1 2 2 2 2 2 1 0 1 1 1 0
0 36 1 0 0 1 0 1 1 1 0 1 2 1 0 1 1 1 0 1 2 2 2 2 2 1 0 1 2 0 0 1 0 1 1 1 0 1
0 60 1 0 0 1 0 0 1 0 0 1 0 0 1 0 0 1 0 0 1 0 0 1 0 0 1 0 0 1 0 1 2 1 0 1 1 1 0 1 2 0 0 0 0 0 0 0 0 0 0 1 0 1 1 1 0 1 2 1 0 1
0 17 2 1 1 0 1 1 1 0 1 1 1 0 1 1 1 0 1
0 76 1 0 0 1 0 0 1 0 0 1 0 0 1 0 0 1 0 0 1 0 0 1 0 0 1 0 0 1 0 0 1 0 0 2 1 0 1 1 1 0 1 1 1 0 1 1 1 0 1 1 2 2 2 2 2 0 2 0 2 0 2 0 2 0 2 2 1 0 1 2 1 0 1 1 1 0
0 14 1 1 0 1 2 2 2 1 0 1 1 1 0 1
0 33 1 0 0 1 0 0 1 0 0 1 0 0 1 0 0 1 0 1 1 1 0 1 2 1 0 1 1 1 0 1 2 1 0
0 24 1 0 1 1 1 0 1 2 2 2 2 2 2 0 2 0 2 0 2 0 2 0 2 0
0 13 1 0 0 1 0 1 2 1 0 1 1 1 0
0 49 1 0 0 1 0 0 1 0 0 1 0 0 1 0 1 1 1 0 1 1 1 0 1 2 1 0 1 2 0 2 0 2 0 2 0 2 0 2 1 0 1 1 1 0 1 1 1 0 1
0 8 0 0 0 1 1 0 2 0
0 29 0 2 0 2 0 2 0 2 1 0 1 2 1 0 1 1 1 0 1 1 2 2 1 0 1 1 1 0 1
0 7 1 0 1 1 1 0 1
0 49 1 0 0 1 0 0 1 0 0 1 0 0 1 0 0 1 0 0 1 0 0 1 0 0 1 0 0 1 0 0 1 0 0 2 1 0 1 1 1 0 1 1 1 0 1 1 1 0 1
0 7 0 2 0 2 1 0 1
0 13 0 0 0 0 0 0 0 0 0 0 2 1 0
0 26 1 0 2 0 2 0 2 0 2 0 2 1 0 1 1 1 0 1 2 1 0 1 1 1 0 1
0 10 1 0 0 1 0 0 2 1 0 1
0 38 1 0 0 1 0 0 1 0 1 2 2 2 2 2 2 1 0 1 1 1 0 1 2 1 0 1 1 1 0 1 2 1 0 1 1 0 0 0
0 44 1 0 0 1 0 0 1 0 0 1 0 0 1 0 0 1 0 0 1 0 0 1 0 0 1 0 0 1 0 1 2 1 0 1 1 1 0 1 2 0 0 0 0 0
0 67 1 0 0 1 0 0 1 0 0 1 0 0 1 0 0 1 0 1 1 1 0 1 2 1 0 1 1 1 0 1 2 1 0 1 1 2 2 2 2 1 0 0 0 0 1 0 1 1 1 0 1 1 1 0 1 2 1 0 1 1 0 0 0 0 0 0 0
0 68 1 0 0 1 0 0 1 0 0 1 0 0 1 0 0 1 0 0 1 0 0 1 0 0 1 0 0 1 0 0 1 0 0 2 1 0 1 1 1 0 1 1 1 0 1 1 1 0 1 1 2 2 2 2 2 0 2 0 2 0 2 0 2 0 2 2 1 0
0 109 1 0 0 1 0 0 1 0 0 1 0 0 1 0 0 1 0 0 1 0 0 1 0 0 1 0 0 1 0 1 2 1 0 1 1 1 0 1 2 0 0 0 0 0 0 0 0 0 0 1 0 1 1 1 0 1 2 1 0 1 1 1 0 1 1 2 2 2 2 2 1 0 1 1 1 0 1 2 1 0 1 2 1 0 1 2 1 0 1 2 0 0 0 0 0 0 0 0 1 0 1 1 1 0 1 1 1 0 1
0 27 1 0 0 1 0 0 1 0 0 1 0 0 1 0 1 1 1 0 1 1 1 0 1 2 1 0 1
0 15 1 0 0 1 0 1 2 0 0 0 0 1 1 0 1
0 46 1 0 0 1 0 0 1 0 1 2 2 2 2 2 2 1 0 1 1 1 0 1 2 1 0 1 1 1 0 1 2 1 0 1 1 0 0 0 0 0 0 0 0 1 0 1
0 24 1 0 0 1 0 0 1 0 0 1 0 0 1 1 0 1 2 1 0 1 2 1 0 1
0 38 1 0 0 1 0 0 1 0 0 1 0 0 1 0 1 2 1 0 1 1 1 0 1 1 1 0 1 2 1 0 1 2 1 0 1 2 1 0
0 97 1 0 0 1 0 0 1 0 0 1 0 0 1 0 0 1 0 0 1 0 0 1 0 0 1 0 0 1 0 1 2 1 0 1 1 1 0 1 2 0 0 0 0 0 0 0 0 0 0 1 0 1 1 1 0 1 2 1 0 1 1 1 0 1 1 2 2 2 2 2 1 0 1 1 1 0 1 2 1 0 1 2 1 0 1 2 1 0 1 2 0 0 0 0 0 0 0
0 26 1 0 0 1 0 1 2 0 0 0 0 1 1 0 1 2 1 0 1 1 1 0 1 2 1 0
0 35 2 1 1 0 1 1 1 0 1 1 1 0 1 1 1 0 1 2 2 2 2 1 0 1 2 1 0 1 2 1 0 1 2 1 0
0 40 1 0 0 1 0 0 1 0 0 1 0 0 1 0 0 1 0 0 1 0 0 1 0 0 1 0 0 1 0 0 1 0 0 1 1 0 1 1 1 0
0 27 1 0 0 1 0 0 1 0 0 2 0 0 0 0 0 0 0 0 0 0 1 0 1 1 1 0 1
0 9 2 1 0 0 1 0 0 1 0
0 64 1 0 0 1 0 0 1 0 0 1 0 0 1 0 0 1 0 0 1 0 0 1 0 0 1 0 0 1 0 1 2 1 0 1 1 1 0 1 2 0 0 0 0 0 0 0 0 0 0 1 0 1 1 1 0 1 2 1 0 1 1 1 0 1
0 30 1 0 0 1 0 0 1 0 1 2 2 2 2 2 2 1 0 1 1 1 0 1 2 1 0 1 1 1 0 1
0 35 1 0 0 1 0 0 1 0 0 2 0 0 0 0 0 0 0 0 0 0 1 0 1 1 1 0 1 2 1 0 1 1 1 0 1
0 15 1 0 1 1 0 2 0 2 1 0 1 2 1 0 1
0 41 1 0 0 1 0 0 1 0 0 1 0 0 1 0 0 1 0 1 1 1 0 1 2 1 0 1 1 1 0 1 2 1 0 1 1 2 2 2 2 1 0
0 32 1 0 0 1 0 0 1 0 0 1 0 0 0 2 0 0 2 0 2 0 2 1 0 1 2 1 0 1 2 1 0 1
0 10 1 1 0 1 2 2 2 1 0 1
0 113 1 0 0 1 0 0 1 0 0 1 0 0 1 0 0 1 0 0 1 0 0 1 0 0 1 0 0 1 0 1 2 1 0 1 1 1 0 1 2 0 0 0 0 0 0 0 0 0 0 1 0 1 1 1 0 1 2 1 0 1 1 1 0 1 1 2 2 2 2 2 1 0 1 1 1 0 1 2 1 0 1 2 1 0 1 2 1 0 1 2 0 0 0 0 0 0 0 0 1 0 1 1 1 0 1 1 1 0 1 1 1 0 1
0 51 1 0 0 1 0 0 1 0 0 1 0 0 1 0 0 1 0 1 1 1 0 1 2 1 0 1 1 1 0 1 2 1 0 1 1 2 2 2 2 1 0 0 0 0 1 0 1 1 1 0 1
0 10 1 0 2 0 2 0 2 0 2 0
0 23 1 0 1 1 1 0 1 2 1 0 1 1 1 0 1 2 1 0 1 1 0 0 0
0 30 1 0 1 2 1 0 1 2 1 0 1 2 1 0 1 1 2 2 2 2 2 1 0 1 2 1 0 1 1 0
0 38 1 0 0 1 0 0 0 0 0 0 2 1 0 0 1 0 0 1 0 0 1 0 0 1 0 0 1 0 0 1 0 0 1 0 1 1 1 0
0 43 1 0 1 1 1 0 1 2 2 2 2 2 2 0 2 0 2 0 2 0 2 0 2 0 2 1 0 1 2 1 0 1 1 2 2 2 1 0 1 1 1 0 1
0 22 0 2 0 2 1 0 1 1 1 0 1 1 0 0 0 0 0 0 1 1 0 1
0 38 1 0 1 2 1 0 1 2 1 0 1 2 1 0 1 1 2 2 2 2 2 1 0 1 2 1 0 1 1 0 0 0 0 0 0 0 2 0
0 48 1 0 0 1 0 0 0 0 0 0 0 1 0 0 1 0 0 1 0 0 1 0 0 1 0 0 1 0 0 1 0 0 0 2 0 2 0 2 0 2 0 2 0 2 0 2 1 0
0 44 1 1 0 1 2 2 2 1 0 1 1 1 0 1 1 2 2 1 0 1 1 1 0 1 1 1 0 1 2 1 0 1 1 1 0 1 2 1 0 1 2 1 0 1
0 19 1 1 0 1 2 2 2 1 0 1 1 1 0 1 1 2 2 1 0
0 14 1 0 0 1 0 1 2 0 0 0 0 1 1 0
0 41 1 0 0 1 0 0 1 0 0 1 0 0 1 0 1 1 1 0 1 1 1 0 1 2 1 0 1 2 0 2 0 2 0 2 0 2 0 2 1 0 1
0 23 1 0 0 1 0 0 1 0 0 1 0 0 1 0 0 1 0 0 1 0 0 1 0
0 43 1 0 1 1 1 0 1 1 1 0 1 2 1 0 1 2 1 0 1 1 1 0 1 1 0 0 0 0 0 0 0 0 0 0 1 0 1 2 0 0 0 0 0
0 35 1 0 0 1 0 0 1 0 0 1 0 0 0 2 0 0 2 0 2 0 2 1 0 1 2 1 0 1 2 1 0 1 2 1 0
0 14 1 0 1 1 0 2 0 2 1 0 1 2 1 0
0 57 1 0 0 1 0 0 1 0 0 1 0 0 1 0 0 1 0 0 1 0 1 1 1 0 1 2 1 0 1 1 1 0 1 2 1 0 1 1 1 0 1 2 2 1 0 1 1 1 0 1 1 1 0 1 2 1 0
0 4 1 0 2 0
0 56 1 0 0 1 0 0 1 0 1 2 2 2 2 2 2 1 0 1 1 1 0 1 2 1 0 1 1 1 0 1 2 1 0 1 1 0 0 0 0 0 0 0 0 1 0 1 2 1 0 1 2 1 0 1 2 0
0 21 1 0 1 1 1 0 1 2 1 0 1 1 1 0 1 2 1 0 1 1 0
0 44 0 2 0 2 0 2 0 2 1 0 1 2 1 0 1 2 2 2 2 1 0 1 2 0 0 0 0 0 0 0 0 0 0 1 0 1 1 1 0 1 1 1 0 1
0 17 1 0 1 1 2 2 2 2 2 2 2 1 0 1 2 1 0
0 40 1 0 0 1 0 0 1 0 0 1 0 0 1 0 0 1 0 0 1 0 0 1 0 0 1 0 0 1 0 0 0 2 0 2 0 2 0 2 1 0
0 18 1 0 1 2 1 0 1 2 2 2 1 1 0 1 1 1 0 1
0 46 1 0 0 1 0 0 1 0 0 1 0 0 1 0 0 1 0 1 1 1 0 1 2 1 0 1 1 1 0 1 2 1 0 1 1 2 2 2 2 1 0 0 0 0 1 0
0 11 1 1 0 1 2 1 0 1 1 1 0
0 18 1 0 1 1 2 2 2 2 2 2 2 1 0 1 2 1 0 1
0 25 1 0 2 0 2 0 2 0 2 0 2 1 0 1 1 1 0 1 2 1 0 1 1 1 0
0 14 1 0 0 1 0 0 1 0 0 1 1 1 0 1
0 2 1 0
0 60 1 0 0 1 0 0 1 0 0 1 0 0 1 0 0 1 0 0 1 0 0 1 0 0 1 0 0 1 0 0 1 0 0 2 1 0 1 1 1 0 1 1 1 0 1 1 1 0 1 1 2 2 2 2 2 0 2 0 2 0
0 62 1 0 0 1 0 0 1 0 0 1 0 0 1 0 0 1 0 0 1 0 0 1 0 0 1 0 0 1 0 0 0 2 0 2 0 2 0 2 1 0 1 1 2 2 2 2 2 1 1 0 1 2 1 0 1 1 1 0 1 2 1 0
0 19 0 2 0 2 0 2 0 2 1 0 1 2 1 0 1 1 1 0 1
0 72 1 0 0 1 0 0 1 0 0 1 0 0 1 0 0 1 0 0 1 0 0 1 0 0 1 0 0 1 0 1 2 1 0 1 1 1 0 1 2 0 0 0 0 0 0 0 0 0 0 1 0 1 1 1 0 1 2 1 0 1 1 1 0 1 1 2 2 2 2 2 1 0
0 14 1 0 0 1 0 1 2 1 0 1 1 1 0 1
0 33 1 0 0 1 0 0 1 0 0 1 0 0 1 0 0 1 0 0 0 2 0 2 0 2 0 2 1 0 1 1 1 0 1
0 25 1 0 0 1 0 0 0 0 0 0 0 1 0 0 1 0 0 1 0 0 1 0 0 1 0
0 55 1 0 0 1 0 0 1 0 0 1 0 0 1 0 0 1 0 1 1 1 0 1 2 1 0 1 1 1 0 1 2 1 0 1 1 2 2 2 2 1 0 0 0 0 1 0 1 1 1 0 1 1 1 0 1
0 18 1 0 1 1 1 0 1 2 2 2 2 2 2 0 2 0 2 0
0 34 1 0 1 2 1 0 1 2 1 0 1 2 1 0 1 1 2 2 2 2 2 1 0 1 2 1 0 1 1 0 0 0 0 0
0 35 1 0 0 1 0 0 1 0 0 1 0 0 1 0 1 2 1 0 1 1 1 0 1 1 1 0 1 2 1 0 1 2 1 0 1
0 25 1 0 0 1 0 0 1 0 1 2 2 2 2 2 2 1 0 1 1 1 0 1 2 1 0
0 29 1 0 0 1 0 0 1 0 0 1 0 0 1 0 0 1 0 0 0 2 0 2 0 2 0 2 1 0 1
0 19 1 0 1 2 1 0 1 1 2 2 2 2 0 2 0 2 0 2 0
0 22 1 0 1 1 1 0 1 2 1 0 1 1 0 0 0 0 0 0 2 1 0 1
0 25 1 0 0 1 0 0 1 0 0 1 0 0 1 0 0 1 0 1 2 1 0 1 1 1 0
0 28 2 1 0 1 1 1 0 1 1 1 0 1 2 1 0 1 1 2 2 2 2 0 2 0 2 0 2 0
0 11 0 0 0 2 0 0 1 0 0 1 0
0 22 1 0 0 1 0 0 1 0 0 1 0 0 1 0 0 1 0 1 2 1 0 1
0 21 1 0 0 1 0 1 2 1 0 1 1 1 0 1 2 1 0 1 1 1 0
0 11 2 1 0 1 1 1 0 1 1 1 0
0 13 1 0 0 1 0 0 0 0 0 0 0 1 0
0 36 1 0 0 1 0 0 1 0 0 1 0 0 1 0 0 1 0 0 1 0 0 1 0 0 1 0 0 1 0 0 1 0 0 1 1 0
0 34 1 0 0 1 0 0 1 0 0 1 0 0 1 0 0 1 0 0 1 0 0 1 0 0 1 0 0 1 0 1 2 1 0 1
0 20 1 0 1 1 2 2 0 2 0 2 0 2 0 2 1 0 1 2 1 0
0 55 1 0 0 1 0 0 1 0 0 1 0 0 1 0 0 1 0 0 0 2 0 2 0 2 0 2 1 0 1 1 1 0 1 2 1 0 1 2 2 2 2 1 0 1 2 1 0 1 1 1 0 1 1 1 0
0 9 0 2 0 2 1 0 0 1 0
0 8 0 0 0 2 0 0 1 0
0 22 1 0 0 1 0 0 1 0 1 2 2 2 2 2 2 1 0 1 1 1 0 1
0 39 1 1 0 1 2 2 2 1 0 1 1 1 0 1 1 2 2 1 0 1 1 1 0 1 1 1 0 1 2 1 0 1 1 1 0 1 2 1 0
0 43 0 2 0 2 0 2 0 2 1 0 1 2 1 0 1 2 2 2 2 1 0 1 2 0 0 0 0 0 0 0 0 0 0 1 0 1 1 1 0 1 1 1 0
0 68 1 0 0 1 0 0 1 0 0 1 0 0 1 0 0 1 0 0 1 0 1 1 1 0 1 2 1 0 1 1 1 0 1 2 1 0 1 1 1 0 1 2 2 1 0 1 1 1 0 1 1 1 0 1 2 1 0 1 1 0 0 0 0 0 0 0 0 0
0 17 1 0 0 1 0 1 1 1 0 1 2 1 0 1 1 1 0
0 13 0 2 1 0 1 1 1 0 1 2 1 0 1
0 21 0 2 1 0 1 1 1 0 1 2 1 0 1 2 1 0 1 2 1 0 1
0 32 2 1 1 0 1 1 1 0 1 1 1 0 1 1 1 0 1 2 2 2 2 1 0 1 2 1 0 1 2 1 0 1
0 112 1 0 0 1 0 0 1 0 0 1 0 0 1 0 0 1 0 0 1 0 0 1 0 0 1 0 0 1 0 1 2 1 0 1 1 1 0 1 2 0 0 0 0 0 0 0 0 0 0 1 0 1 1 1 0 1 2 1 0 1 1 1 0 1 1 2 2 2 2 2 1 0 1 1 1 0 1 2 1 0 1 2 1 0 1 2 1 0 1 2 0 0 0 0 0 0 0 0 1 0 1 1 1 0 1 1 1 0 1 1 1 0
0 22 1 0 0 1 0 0 1 0 0 1 0 0 1 0 0 1 0 0 1 0 2 0
0 28 1 0 0 1 0 0 1 0 0 1 0 0 0 2 0 0 2 0 2 0 2 1 0 1 2 1 0 1
0 17 1 0 1 1 2 2 0 2 0 2 0 2 0 2 1 0 1
0 34 1 0 0 1 0 0 1 0 0 2 0 0 0 0 0 0 0 0 0 0 1 0 1 1 1 0 1 2 1 0 1 1 1 0
0 51 1 1 0 1 2 2 2 1 0 1 1 1 0 1 1 2 2 1 0 1 1 1 0 1 1 1 0 1 2 1 0 1 1 1 0 1 2 1 0 1 2 1 0 1 1 1 0 1 2 1 0
0 25 1 0 1 2 1 0 1 2 2 2 1 1 0 1 1 1 0 1 2 1 0 1 1 1 0
0 28 0 0 0 0 0 0 0 0 0 0 2 1 0 1 1 2 2 1 0 1 1 1 0 1 2 1 0 1
0 14 1 0 1 2 1 0 1 2 1 0 1 1 1 0
0 9 2 1 1 0 1 1 1 0 1
0 25 1 0 1 2 1 0 1 1 1 0 1 2 1 0 1 1 2 2 2 2 2 2 2 1 0
0 35 1 1 0 1 2 2 2 1 0 1 1 1 0 1 1 2 2 1 0 1 1 1 0 1 1 1 0 1 2 1 0 1 1 1 0
0 31 1 1 0 1 2 2 2 1 0 1 1 1 0 1 1 2 2 1 0 1 1 1 0 1 1 1 0 1 2 1 0
0 27 1 0 0 1 0 0 1 0 0 1 0 0 0 2 0 0 2 0 2 0 2 1 0 1 2 1 0
0 22 2 1 0 1 1 1 0 1 1 1 0 1 2 2 2 2 2 2 2 1 0 1
0 46 1 0 0 1 0 0 0 0 0 0 2 1 0 0 1 0 0 1 0 0 1 0 0 1 0 0 1 0 0 1 0 0 1 0 1 1 1 0 1 2 1 0 1 2 1 0
0 26 2 1 0 1 1 1 0 1 1 1 0 1 2 1 0 1 1 2 2 2 2 0 2 0 2 0
0 62 1 0 0 1 0 0 1 0 0 1 0 0 1 0 0 1 0 0 1 0 1 1 1 0 1 2 1 0 1 1 1 0 1 2 1 0 1 1 1 0 1 2 2 1 0 1 1 1 0 1 1 1 0 1 2 1 0 1 1 0 0 0
0 13 1 0 1 1 1 0 1 2 1 0 1 1 0
0 58 1 0 0 1 0 0 1 0 0 1 0 0 1 0 0 1 0 0 1 0 0 1 0 0 1 0 0 1 0 0 0 2 0 2 0 2 0 2 1 0 1 1 2 2 2 2 2 1 1 0 1 2 1 0 1 1 1 0
0 28 1 0 0 1 0 0 1 0 0 1 0 0 1 1 0 1 2 1 0 1 2 1 0 1 1 0 0 0
0 16 1 0 0 1 0 0 1 0 0 1 0 1 2 1 0 1
0 52 1 0 0 1 0 0 0 0 0 0 0 1 0 0 1 0 0 1 0 0 1 0 0 1 0 0 1 0 0 1 0 0 0 2 0 2 0 2 0 2 0 2 0 2 0 2 1 0 2 0 2 0
0 17 1 0 0 1 0 1 2 1 0 1 1 1 0 1 2 1 0
0 49 1 0 0 1 0 0 1 0 0 1 0 0 1 0 1 2 1 0 1 1 1 0 1 1 1 0 1 2 1 0 1 2 1 0 1 2 1 0 1 1 1 0 1 1 2 2 2 2 0
0 30 0 2 1 0 1 1 1 0 1 2 1 0 1 2 1 0 1 2 1 0 1 1 2 0 2 0 2 0 2 0
0 31 1 0 0 1 0 0 0 0 0 0 2 1 0 0 1 0 0 1 0 0 1 0 0 1 0 0 1 0 0 1 0
0 85 1 0 0 1 0 0 1 0 0 1 0 0 1 0 0 1 0 0 1 0 0 1 0 0 1 0 0 1 0 0 1 0 0 2 1 0 1 1 1 0 1 1 1 0 1 1 1 0 1 1 2 2 2 2 2 0 2 0 2 0 2 0 2 0 2 2 1 0 1 2 1 0 1 1 1 0 1 1 1 0 1 2 0 0 0
0 36 1 0 0 1 0 0 1 0 1 2 2 2 2 2 2 1 0 1 1 1 0 1 2 1 0 1 1 1 0 1 2 1 0 1 1 0
0 25 2 1 0 1 1 1 0 1 1 1 0 1 2 2 2 2 2 2 2 1 0 1 1 1 0
0 5 1 0 1 1 0
0 20 0 2 1 0 1 1 1 0 1 2 1 0 1 2 1 0 1 2 1 0
0 25 1 0 0 1 0 0 1 0 0 1 0 0 1 0 0 1 0 0 1 0 1 1 1 0 1
0 46 1 0 0 1 0 1 1 1 0 1 2 1 0 1 1 1 0 1 2 2 2 2 2 1 0 1 2 0 0 1 0 1 1 1 0 1 1 1 0 1 2 1 0 1 2 0
0 31 1 0 0 1 0 0 1 0 0 1 0 0 1 0 1 2 1 0 1 1 1 0 1 1 1 0 1 2 1 0 1
0 66 1 0 0 1 0 0 1 0 0 1 0 0 1 0 0 1 0 0 1 0 1 1 1 0 1 2 1 0 1 1 1 0 1 2 1 0 1 1 1 0 1 2 2 1 0 1 1 1 0 1 1 1 0 1 2 1 0 1 1 0 0 0 0 0 0 0
0 37 1 0 0 1 0 0 1 0 0 1 0 0 1 0 0 1 0 1 1 1 0 1 2 1 0 1 2 2 2 2 2 1 0 1 2 1 0
0 32 1 0 0 1 0 0 1 0 0 1 0 0 1 0 0 1 0 1 2 1 0 1 1 1 0 1 2 0 0 0 0 0
0 24 1 1 0 1 2 1 0 1 1 1 0 1 1 1 0 1 1 1 0 1 1 0 2 0
0 13 0 2 0 2 0 2 0 2 1 2 2 1 0
0 48 2 1 1 0 1 1 1 0 1 1 1 0 1 1 1 0 1 2 2 2 2 1 0 1 2 1 0 1 2 1 0 1 2 1 0 1 2 1 0 1 2 0 0 0 0 0 0 0
0 28 0 2 0 2 0 2 0 2 1 0 1 2 1 0 1 2 2 2 2 1 0 1 2 0 0 0 0 0
0 24 1 0 1 2 1 0 1 2 1 0 1 2 1 0 1 1 2 2 2 2 2 1 0 1
0 6 1 0 0 1 0 1
0 35 1 0 0 1 0 0 0 0 0 0 2 1 0 0 1 0 0 1 0 0 1 0 0 1 0 0 1 0 0 1 0 0 1 0 1
0 25 1 0 1 1 2 2 0 2 0 2 0 2 0 2 1 0 1 2 1 0 1 2 1 0 1
0 19 1 0 1 1 1 0 1 1 1 0 1 2 1 0 1 2 1 0 1
0 17 1 0 0 1 0 0 1 0 1 2 2 2 2 2 2 1 0
0 10 1 0 1 1 0 2 0 2 1 0
0 53 1 0 0 1 0 0 1 0 0 1 0 0 1 0 1 1 1 0 1 1 1 0 1 2 1 0 1 2 0 2 0 2 0 2 0 2 0 2 1 0 1 1 1 0 1 1 1 0 1 2 1 0 1
0 22 1 0 0 1 0 1 2 1 0 1 1 1 0 1 2 1 0 1 1 1 0 1
0 7 2 1 0 1 1 1 0
0 48 1 0 0 1 0 0 1 0 0 1 0 0 1 0 0 1 0 0 1 0 0 1 0 0 1 0 0 1 0 0 1 0 0 2 1 0 1 1 1 0 1 1 1 0 1 1 1 0
0 116 1 0 0 1 0 0 1 0 0 1 0 0 1 0 0 1 0 0 1 0 0 1 0 0 1 0 0 1 0 1 2 1 0 1 1 1 0 1 2 0 0 0 0 0 0 0 0 0 0 1 0 1 1 1 0 1 2 1 0 1 1 1 0 1 1 2 2 2 2 2 1 0 1 1 1 0 1 2 1 0 1 2 1 0 1 2 1 0 1 2 0 0 0 0 0 0 0 0 1 0 1 1 1 0 1 1 1 0 1 1 1 0 1 1 1 0
0 38 1 0 0 1 0 0 1 0 0 2 0 0 0 0 0 0 0 0 0 0 1 0 1 1 1 0 1 2 1 0 1 1 1 0 1 2 1 0
0 12 2 1 0 0 1 0 0 1 0 0 1 0
0 19 0 0 0 0 0 0 0 0 0 0 2 1 0 1 1 2 2 1 0
0 33 1 0 0 1 0 0 1 0 0 1 0 0 1 0 0 1 0 1 1 1 0 1 2 1 0 1 2 2 2 2 2 1 0
0 29 1 0 0 1 0 0 1 0 0 1 0 0 1 0 0 1 0 0 1 0 0 1 0 0 1 0 0 1 0
0 8 1 0 2 0 2 0 2 0
0 39 2 1 1 0 1 1 1 0 1 1 1 0 1 1 1 0 1 2 2 2 2 1 0 1 2 1 0 1 2 1 0 1 2 1 0 1 2 1 0
0 15 1 0 1 2 1 0 1 2 1 0 1 2 1 0 1
0 5 2 1 1 0 1
0 29 0 2 0 2 0 2 0 2 1 2 2 1 0 1 1 1 0 1 2 1 0 1 2 1 0 1 2 1 0
0 65 1 0 0 1 0 0 1 0 0 1 0 0 1 0 0 1 0 0 1 0 0 1 0 0 1 0 0 1 0 0 0 2 0 2 0 2 0 2 1 0 1 1 2 2 2 2 2 1 1 0 1 2 1 0 1 1 1 0 1 2 1 0 1 1 0
0 39 1 0 0 1 0 1 1 1 0 1 2 1 0 1 1 1 0 1 2 2 2 2 2 1 0 1 2 0 0 1 0 1 1 1 0 1 1 1 0
0 17 0 2 0 2 0 2 0 2 1 2 2 1 0 1 1 1 0
0 15 1 0 0 1 0 0 1 0 0 1 0 0 1 0 1
0 10 1 0 0 1 0 1 2 0 0 0
0 87 1 0 0 1 0 0 1 0 0 1 0 0 1 0 0 1 0 0 1 0 0 1 0 0 1 0 0 1 0 0 1 0 0 2 1 0 1 1 1 0 1 1 1 0 1 1 1 0 1 1 2 2 2 2 2 0 2 0 2 0 2 0 2 0 2 2 1 0 1 2 1 0 1 1 1 0 1 1 1 0 1 2 0 0 0 0 0
0 31 1 0 1 1 0 2 0 2 1 0 1 2 1 0 1 1 1 0 1 1 0 0 0 0 1 1 0 1 1 1 0
0 64 1 0 0 1 0 0 1 0 0 1 0 0 1 0 0 1 0 0 1 0 0 1 0 0 1 0 0 1 0 0 1 0 0 2 1 0 1 1 1 0 1 1 1 0 1 1 1 0 1 1 2 2 2 2 2 0 2 0 2 0 2 0 2 0
0 39 0 2 0 2 0 2 0 2 1 0 1 2 1 0 1 2 2 2 2 1 0 1 2 0 0 0 0 0 0 0 0 0 0 1 0 1 1 1 0
0 22 1 0 0 1 0 0 0 0 0 0 0 1 0 0 1 0 0 1 0 0 1 0
0 18 0 2 0 2 0 2 0 2 1 2 2 1 0 1 1 1 0 1
0 26 0 2 0 2 1 0 1 1 1 0 1 1 0 0 0 0 0 0 1 1 0 1 1 1 0 1
0 32 1 1 0 1 2 1 0 1 1 1 0 1 1 1 0 1 1 1 0 1 1 0 2 0 2 0 2 0 2 0 2 0
0 61 1 0 0 1 0 0 1 0 0 1 0 0 1 0 0 1 0 1 1 1 0 1 2 1 0 1 1 1 0 1 2 1 0 1 1 2 2 2 2 1 0 0 0 0 1 0 1 1 1 0 1 1 1 0 1 2 1 0 1 1 0
0 32 1 0 0 1 0 0 1 0 0 1 0 0 1 1 0 1 2 1 0 1 2 1 0 1 1 0 0 0 0 0 0 0
0 28 1 0 1 1 0 2 0 2 1 0 1 2 1 0 1 1 1 0 1 1 0 0 0 0 1 1 0 1
0 47 1 0 1 1 1 0 1 1 1 0 1 2 1 0 1 2 1 0 1 1 1 0 1 1 0 0 0 0 0 0 0 0 0 0 1 0 1 2 0 0 0 0 0 0 0 0 0
0 58 1 1 0 1 2 2 2 1 0 1 1 1 0 1 1 2 2 1 0 1 1 1 0 1 1 1 0 1 2 1 0 1 1 1 0 1 2 1 0 1 2 1 0 1 1 1 0 1 2 1 0 1 1 1 0 1 1 0
0 71 1 0 0 1 0 0 1 0 0 1 0 0 1 0 0 1 0 0 1 0 0 1 0 0 1 2 1 0 1 2 1 0 1 1 1 0 1 2 1 0 1 1 0 0 0 0 0 0 0 0 0 0 1 0 1 2 2 2 2 2 2 1 0 1 2 1 0 1 2 1 0
0 27 1 0 1 2 1 0 1 2 1 0 1 2 1 0 1 1 2 2 2 2 2 1 0 1 2 1 0
0 80 1 0 0 1 0 0 1 0 0 1 0 0 1 0 0 1 0 0 1 0 0 1 0 0 1 0 0 1 0 0 1 0 0 2 1 0 1 1 1 0 1 1 1 0 1 1 1 0 1 1 2 2 2 2 2 0 2 0 2 0 2 0 2 0 2 2 1 0 1 2 1 0 1 1 1 0 1 1 1 0
0 21 1 0 2 0 2 0 2 0 2 0 2 1 0 1 1 1 0 1 2 1 0
0 34 1 0 0 1 0 0 1 0 0 1 0 0 1 0 1 2 1 0 1 1 1 0 1 1 1 0 1 2 1 0 1 2 1 0
0 45 1 0 0 1 0 0 1 0 0 1 0 0 1 0 0 1 0 0 1 0 1 1 1 0 1 2 1 0 1 1 1 0 1 2 1 0 1 1 1 0 1 2 2 1 0
0 32 1 0 0 1 0 0 1 0 0 1 0 0 1 0 0 1 0 0 0 2 0 2 0 2 0 2 1 0 1 1 1 0
0 19 1 0 1 1 0 2 0 2 1 0 1 2 1 0 1 1 1 0 1
0 15 0 2 0 2 1 0 1 1 1 0 1 1 0 0 0
0 78 1 0 0 1 0 0 1 0 0 1 0 0 1 0 0 1 0 0 1 0 1 1 1 0 1 2 1 0 1 1 1 0 1 2 1 0 1 1 1 0 1 2 2 1 0 1 1 1 0 1 1 1 0 1 2 1 0 1 1 0 0 0 0 0 0 0 0 0 0 0 2 0 2 0 2 0 2 0
0 27 1 0 0 1 0 0 1 0 0 1 0 0 1 0 1 2 1 0 1 1 1 0 1 1 1 0 1
0 47 1 0 0 1 0 0 1 0 0 1 0 0 1 0 0 1 0 0 1 0 0 1 0 0 1 2 1 0 1 2 1 0 1 1 1 0 1 2 1 0 1 1 0 0 0 0 0
0 11 0 2 0 2 1 0 1 1 1 0 1
0 9 1 0 0 1 0 1 2 1 0
0 37 1 0 1 1 2 2 0 2 0 2 0 2 0 2 1 0 1 2 1 0 1 2 1 0 1 2 1 0 1 2 1 0 1 1 0 0 0
0 11 1 0 1 2 1 0 1 2 1 0 1
0 77 1 0 0 1 0 0 1 0 0 1 0 0 1 0 0 1 0 0 1 0 0 1 0 0 1 0 0 1 0 1 2 1 0 1 1 1 0 1 2 0 0 0 0 0 0 0 0 0 0 1 0 1 1 1 0 1 2 1 0 1 1 1 0 1 1 2 2 2 2 2 1 0 1 1 1 0 1
0 16 1 0 0 1 0 0 1 0 0 2 0 1 0 0 1 0
0 14 1 0 1 1 1 0 1 2 1 0 1 1 1 0
0 68 1 0 0 1 0 0 1 0 0 1 0 0 1 0 0 1 0 0 1 0 0 1 0 0 1 2 1 0 1 2 1 0 1 1 1 0 1 2 1 0 1 1 0 0 0 0 0 0 0 0 0 0 1 0 1 2 2 2 2 2 2 1 0 1 2 1 0 1
0 11 1 0 1 1 1 0 1 1 1 0 1
0 35 1 0 0 1 0 1 1 1 0 1 2 1 0 1 1 1 0 1 2 2 2 2 2 1 0 1 2 0 0 1 0 1 1 1 0
0 9 1 0 0 1 0 1 1 1 0
0 50 1 0 0 1 0 0 0 0 0 0 0 1 0 0 1 0 0 1 0 0 1 0 0 1 0 0 1 0 0 1 0 0 0 2 0 2 0 2 0 2 0 2 0 2 0 2 1 0 2 0
0 17 1 0 2 0 2 0 2 0 2 0 2 1 0 1 1 1 0
0 23 1 1 0 1 2 2 2 1 0 1 1 1 0 1 1 2 2 1 0 1 1 1 0
0 18 1 0 1 1 0 2 0 2 1 0 1 2 1 0 1 1 1 0
0 26 1 0 0 1 0 0 1 0 0 1 0 0 1 0 0 1 0 0 1 0 2 0 2 0 2 0
0 10 0 2 0 2 0 2 0 2 1 0
0 48 1 0 0 1 0 1 1 1 0 1 2 1 0 1 1 1 0 1 2 2 2 2 2 1 0 1 2 0 0 1 0 1 1 1 0 1 1 1 0 1 2 1 0 1 2 0 0 0
0 13 1 0 1 1 2 2 0 2 0 2 0 2 0
0 8 1 1 0 1 2 1 0 1
0 15 2 1 0 1 1 1 0 1 1 1 0 1 2 1 0
0 54 1 0 0 1 0 0 1 0 0 1 0 0 1 0 0 1 0 0 1 0 1 1 1 0 1 2 1 0 1 1 1 0 1 2 1 0 1 1 1 0 1 2 2 1 0 1 1 1 0 1 1 1 0 1
0 59 1 0 0 1 0 1 1 1 0 1 2 1 0 1 1 1 0 1 2 2 2 2 2 1 0 1 2 0 0 1 0 1 1 1 0 1 1 1 0 1 2 1 0 1 2 0 0 0 0 1 0 1 1 1 0 1 2 1 0
0 39 1 0 1 1 1 0 1 1 1 0 1 2 1 0 1 2 1 0 1 1 1 0 1 1 0 0 0 0 0 0 0 0 0 0 1 0 1 2 0
0 72 1 0 0 1 0 0 1 0 0 1 0 0 1 0 0 1 0 0 1 0 0 1 0 0 1 2 1 0 1 2 1 0 1 1 1 0 1 2 1 0 1 1 0 0 0 0 0 0 0 0 0 0 1 0 1 2 2 2 2 2 2 1 0 1 2 1 0 1 2 1 0 1
0 43 1 0 0 1 0 0 1 0 0 1 0 0 1 0 1 2 1 0 1 1 1 0 1 1 1 0 1 2 1 0 1 2 1 0 1 2 1 0 1 1 1 0 1
0 4 0 2 1 0
0 27 1 0 1 2 1 0 1 1 2 2 2 2 0 2 0 2 0 2 0 2 0 2 0 2 0 2 0
0 27 2 1 1 0 1 1 1 0 1 1 1 0 1 1 1 0 1 2 2 2 2 1 0 1 2 1 0
0 95 1 0 0 1 0 0 1 0 0 1 0 0 1 0 0 1 0 0 1 0 0 1 0 0 1 0 0 1 0 1 2 1 0 1 1 1 0 1 2 0 0 0 0 0 0 0 0 0 0 1 0 1 1 1 0 1 2 1 0 1 1 1 0 1 1 2 2 2 2 2 1 0 1 1 1 0 1 2 1 0 1 2 1 0 1 2 1 0 1 2 0 0 0 0 0
0 25 1 0 1 2 1 0 1 1 2 2 2 2 0 2 0 2 0 2 0 2 0 2 0 2 0
0 13 1 0 1 1 2 2 2 2 2 2 2 1 0
0 43 1 0 0 1 0 0 1 0 0 1 0 0 1 0 0 1 0 0 1 0 0 1 0 0 1 0 2 0 2 1 0 1 2 0 0 0 0 0 0 0 0 1 0
0 14 1 0 1 1 2 2 2 2 2 2 2 1 0 1
0 45 1 0 0 1 0 0 1 0 0 1 0 0 1 0 1 1 1 0 1 1 1 0 1 2 1 0 1 2 0 2 0 2 0 2 0 2 0 2 1 0 1 1 1 0 1
0 25 0 2 0 2 1 0 1 1 1 0 1 1 0 0 0 0 0 0 1 1 0 1 1 1 0
0 58 1 0 0 1 0 0 1 0 0 1 0 0 1 0 0 1 0 0 1 0 0 1 0 0 1 0 0 1 0 0 1 0 0 2 1 0 1 1 1 0 1 1 1 0 1 1 1 0 1 1 2 2 2 2 2 0 2 0
0 67 1 0 0 1 0 0 1 0 0 1 0 0 1 0 0 1 0 0 1 0 0 1 0 0 1 0 0 1 0 0 0 2 0 2 0 2 0 2 1 0 1 1 2 2 2 2 2 1 1 0 1 2 1 0 1 1 1 0 1 2 1 0 1 1 0 0 0
0 22 1 1 0 1 2 1 0 1 1 1 0 1 1 1 0 1 1 1 0 1 1 0
0 30 0 2 0 2 0 2 0 2 1 0 1 2 1 0 1 2 2 2 2 1 0 1 2 0 0 0 0 0 0 0
0 18 1 0 0 1 0 0 1 0 0 1 1 1 0 1 1 1 0 1
0 36 1 0 0 1 0 0 1 0 0 1 0 0 1 0 0 1 0 0 1 0 0 1 0 0 1 0 2 0 2 1 0 1 2 0 0 0
0 29 1 0 0 1 0 0 1 0 0 1 0 0 1 0 1 1 1 0 1 1 1 0 1 2 1 0 1 2 0
0 33 1 0 0 1 0 0 1 0 1 2 2 2 2 2 2 1 0 1 1 1 0 1 2 1 0 1 1 1 0 1 2 1 0
0 19 1 0 1 1 1 0 1 2 1 0 1 1 1 0 1 2 1 0 1
0 28 1 0 1 1 2 2 0 2 0 2 0 2 0 2 1 0 1 2 1 0 1 2 1 0 1 2 1 0
0 48 1 0 0 1 0 0 1 0 0 1 0 0 1 0 1 1 1 0 1 1 1 0 1 2 1 0 1 2 0 2 0 2 0 2 0 2 0 2 1 0 1 1 1 0 1 1 1 0
0 10 1 0 1 2 1 0 1 1 1 0
0 32 1 0 1 1 0 2 0 2 1 0 1 2 1 0 1 1 1 0 1 1 0 0 0 0 1 1 0 1 1 1 0 1
0 104 1 0 0 1 0 0 1 0 0 1 0 0 1 0 0 1 0 0 1 0 0 1 0 0 1 0 0 1 0 1 2 1 0 1 1 1 0 1 2 0 0 0 0 0 0 0 0 0 0 1 0 1 1 1 0 1 2 1 0 1 1 1 0 1 1 2 2 2 2 2 1 0 1 1 1 0 1 2 1 0 1 2 1 0 1 2 1 0 1 2 0 0 0 0 0 0 0 0 1 0 1 1 1 0
0 21 1 0 0 1 0 0 1 0 0 1 0 0 1 0 0 1 0 1 2 1 0
0 40 0 2 0 2 1 0 1 1 1 0 1 1 0 0 0 0 0 0 1 1 0 1 1 1 0 1 1 1 0 1 2 2 2 0 2 0 2 0 2 0
0 52 1 0 0 1 0 0 1 0 0 1 0 0 1 0 0 1 0 0 1 0 0 1 0 0 1 0 2 0 2 1 0 1 2 0 0 0 0 0 0 0 0 1 0 1 1 1 0 1 1 1 0 1
0 41 1 0 0 1 0 0 1 0 0 1 0 0 1 0 0 1 0 0 1 0 0 1 0 0 1 0 0 1 0 0 0 2 0 2 0 2 0 2 1 0 1
0 69 1 0 0 1 0 0 1 0 0 1 0 0 1 0 0 1 0 0 1 0 0 1 0 0 1 0 0 1 0 0 0 2 0 2 0 2 0 2 1 0 1 1 2 2 2 2 2 1 1 0 1 2 1 0 1 1 1 0 1 2 1 0 1 1 0 0 0 0 0
0 27 1 0 1 1 1 0 1 2 1 0 1 1 0 0 0 0 0 0 2 1 0 1 1 2 2 2 0
0 28 1 1 0 1 2 2 2 1 0 1 1 1 0 1 1 2 2 1 0 1 1 1 0 1 1 1 0 1
0 55 1 1 0 1 2 2 2 1 0 1 1 1 0 1 1 2 2 1 0 1 1 1 0 1 1 1 0 1 2 1 0 1 1 1 0 1 2 1 0 1 2 1 0 1 1 1 0 1 2 1 0 1 1 1 0
0 8 1 0 0 1 0 0 1 0
0 40 1 0 0 1 0 0 1 0 0 1 0 0 1 0 0 1 0 0 1 0 1 1 1 0 1 2 1 0 1 1 1 0 1 2 1 0 1 1 1 0
0 37 1 0 0 1 0 0 1 0 0 1 0 0 1 0 0 1 0 0 1 0 0 1 0 0 1 0 0 1 0 0 1 0 0 1 1 0 1
0 17 1 0 0 1 0 0 1 0 0 1 1 1 0 1 1 1 0
0 21 1 0 1 2 1 0 1 2 2 2 1 1 0 1 1 1 0 1 2 1 0
0 105 1 0 0 1 0 0 1 0 0 1 0 0 1 0 0 1 0 0 1 0 0 1 0 0 1 0 0 1 0 1 2 1 0 1 1 1 0 1 2 0 0 0 0 0 0 0 0 0 0 1 0 1 1 1 0 1 2 1 0 1 1 1 0 1 1 2 2 2 2 2 1 0 1 1 1 0 1 2 1 0 1 2 1 0 1 2 1 0 1 2 0 0 0 0 0 0 0 0 1 0 1 1 1 0 1
0 36 0 2 0 2 0 2 0 2 1 2 2 1 0 1 1 1 0 1 2 1 0 1 2 1 0 1 2 1 0 1 1 0 0 0 0 0
0 56 1 0 0 1 0 0 1 0 0 1 0 0 1 0 1 1 1 0 1 1 1 0 1 2 1 0 1 2 0 2 0 2 0 2 0 2 0 2 1 0 1 1 1 0 1 1 1 0 1 2 1 0 1 1 1 0
0 19 1 0 0 1 0 0 0 0 0 0 2 1 0 0 1 0 0 1 0
0 27 1 1 0 1 2 2 2 1 0 1 1 1 0 1 1 2 2 1 0 1 1 1 0 1 1 1 0
0 37 0 2 0 2 0 2 0 2 1 0 1 2 1 0 1 1 1 0 1 1 2 2 1 0 1 1 1 0 1 1 1 0 1 2 1 0 1
0 16 1 0 1 1 2 2 0 2 0 2 0 2 0 2 1 0
0 40 2 1 1 0 1 1 1 0 1 1 1 0 1 1 1 0 1 2 2 2 2 1 0 1 2 1 0 1 2 1 0 1 2 1 0 1 2 1 0 1
0 26 1 0 1 2 1 0 1 1 1 0 1 2 1 0 1 1 2 2 2 2 2 2 2 1 0 1
0 9 1 0 1 2 0 0 0 0 0
0 26 1 0 0 1 0 0 1 0 0 1 0 0 1 0 1 2 1 0 1 1 1 0 1 1 1 0
0 34 0 2 0 2 1 0 1 1 1 0 1 1 0 0 0 0 0 0 1 1 0 1 1 1 0 1 1 1 0 1 2 2 2 0
0 8 0 2 1 0 1 1 1 0
0 18 1 0 0 1 0 0 1 0 1 2 2 2 2 2 2 1 0 1
0 22 1 0 0 1 0 0 1 0 0 1 0 1 2 1 0 1 2 1 0 1 1 0
0 31 1 0 0 1 0 0 1 0 0 1 0 0 1 0 1 1 1 0 1 1 1 0 1 2 1 0 1 2 0 2 0
0 48 1 0 0 1 0 0 1 0 0 1 0 0 1 0 0 1 0 1 1 1 0 1 2 1 0 1 2 2 2 2 2 1 0 1 2 1 0 1 2 0 0 0 0 0 0 0 0 0
0 32 0 2 0 2 0 2 0 2 1 2 2 1 0 1 1 1 0 1 2 1 0 1 2 1 0 1 2 1 0 1 1 0
0 14 1 0 1 2 1 0 1 2 1 0 1 2 1 0
0 72 1 0 0 1 0 0 1 0 0 1 0 0 1 0 0 1 0 0 1 0 1 1 1 0 1 2 1 0 1 1 1 0 1 2 1 0 1 1 1 0 1 2 2 1 0 1 1 1 0 1 1 1 0 1 2 1 0 1 1 0 0 0 0 0 0 0 0 0 0 0 2 0
0 22 1 0 0 1 0 0 1 0 0 2 0 0 0 0 0 0 0 0 0 0 1 0
0 24 0 2 0 2 0 2 0 2 1 0 1 2 1 0 1 2 2 2 2 1 0 1 2 0
0 5 0 0 2 1 0
0 70 1 0 0 1 0 0 1 0 0 1 0 0 1 0 0 1 0 0 1 0 1 1 1 0 1 2 1 0 1 1 1 0 1 2 1 0 1 1 1 0 1 2 2 1 0 1 1 1 0 1 1 1 0 1 2 1 0 1 1 0 0 0 0 0 0 0 0 0 0 0
0 22 2 1 0 1 1 1 0 1 1 1 0 1 2 1 0 1 1 2 2 2 2 0
0 52 1 0 0 1 0 0 1 0 0 1 0 0 1 0 0 1 0 0 1 0 0 1 0 0 1 0 0 1 0 1 2 1 0 1 1 1 0 1 2 0 0 0 0 0 0 0 0 0 0 1 0 1
0 21 0 2 0 2 0 2 0 2 1 2 2 1 0 1 1 1 0 1 2 1 0
0 33 1 0 0 1 0 0 1 0 0 1 0 0 1 0 1 1 1 0 1 1 1 0 1 2 1 0 1 2 0 2 0 2 0
0 3 2 1 0
0 16 1 1 0 1 2 1 0 1 1 1 0 1 1 1 0 1
0 60 1 0 0 1 0 0 1 0 1 2 2 2 2 2 2 1 0 1 1 1 0 1 2 1 0 1 1 1 0 1 2 1 0 1 1 0 0 0 0 0 0 0 0 1 0 1 2 1 0 1 2 1 0 1 2 0 2 0 2 0
0 36 1 0 1 1 1 0 1 1 1 0 1 2 1 0 1 2 1 0 1 1 1 0 1 1 0 0 0 0 0 0 0 0 0 0 1 0
0 29 1 0 1 1 2 2 0 2 0 2 0 2 0 2 1 0 1 2 1 0 1 2 1 0 1 2 1 0 1
0 23 1 0 1 2 1 0 1 2 1 0 1 2 1 0 1 1 2 2 2 2 2 1 0
0 49 1 0 0 1 0 0 1 0 0 1 0 0 1 0 0 1 0 0 1 0 1 1 1 0 1 2 1 0 1 1 1 0 1 2 1 0 1 1 1 0 1 2 2 1 0 1 1 1 0
0 32 1 0 0 1 0 1 1 1 0 1 2 1 0 1 1 1 0 1 2 2 2 2 2 1 0 1 2 0 0 1 0 1
0 7 1 1 0 1 2 1 0
0 48 1 0 0 1 0 0 1 0 0 1 0 0 1 0 0 1 0 0 1 0 0 1 0 0 1 0 2 0 2 1 0 1 2 0 0 0 0 0 0 0 0 1 0 1 1 1 0 1
0 30 2 1 0 1 1 1 0 1 1 1 0 1 2 2 2 2 2 2 2 1 0 1 1 1 0 1 2 1 0 1
0 22 1 0 2 0 2 0 2 0 2 0 2 1 0 1 1 1 0 1 2 1 0 1
0 28 1 0 0 1 0 0 0 0 0 0 0 1 0 0 1 0 0 1 0 0 1 0 0 1 0 0 1 0
0 26 1 0 0 1 0 0 1 0 0 1 0 0 1 0 0 1 0 1 2 1 0 1 1 1 0 1
0 56 1 0 0 1 0 0 1 0 0 1 0 0 1 0 0 1 0 0 1 0 0 1 0 0 1 0 0 1 0 1 2 1 0 1 1 1 0 1 2 0 0 0 0 0 0 0 0 0 0 1 0 1 1 1 0 1
0 35 1 0 0 1 0 0 1 0 0 1 0 0 1 0 0 1 0 0 1 0 0 1 0 0 1 0 0 1 0 0 1 0 1 1 0
0 15 1 0 0 1 0 0 1 0 0 0 1 0 0 1 0
0 36 1 1 0 1 2 1 0 1 1 1 0 1 1 1 0 1 1 1 0 1 1 0 2 0 2 0 2 0 2 0 2 0 2 0 2 0
0 33 1 0 1 1 1 0 1 2 1 0 1 1 1 0 1 2 1 0 1 1 0 0 0 0 0 0 0 2 0 2 0 2 0
0 47 1 0 0 1 0 0 1 0 0 1 0 0 1 0 0 1 0 0 0 2 0 2 0 2 0 2 1 0 1 1 1 0 1 2 1 0 1 2 2 2 2 1 0 1 2 1 0
0 30 1 0 2 0 2 0 2 0 2 0 2 1 0 1 1 1 0 1 2 1 0 1 1 1 0 1 1 1 0 1
0 27 1 0 0 1 0 1 2 0 0 0 0 1 1 0 1 2 1 0 1 1 1 0 1 2 1 0 1
0 10 1 0 0 1 0 1 1 1 0 1
0 13 1 0 0 1 0 0 1 0 0 1 1 1 0
0 33 1 0 0 1 0 0 1 0 0 1 0 0 1 0 0 1 0 0 1 0 1 1 1 0 1 2 1 0 1 1 1 0 1
0 9 1 1 0 1 2 2 2 1 0
0 22 1 0 0 1 0 0 1 0 0 1 1 1 0 1 1 1 0 1 2 1 0 1
0 42 0 2 0 2 0 2 0 2 1 0 1 2 1 0 1 1 1 0 1 1 2 2 1 0 1 1 1 0 1 1 1 0 1 2 1 0 1 2 0 0 1 0
0 40 1 0 1 2 1 0 1 2 1 0 1 2 1 0 1 1 2 2 2 2 2 1 0 1 2 1 0 1 1 0 0 0 0 0 0 0 2 0 2 0
0 20 1 0 0 1 0 0 1 0 0 1 0 0 1 0 0 1 0 0 1 0
0 23 1 0 1 1 1 0 1 1 1 0 1 2 1 0 1 2 1 0 1 1 1 0 1
0 84 1 0 0 1 0 0 1 0 0 1 0 0 1 0 0 1 0 0 1 0 0 1 0 0 1 0 0 1 0 1 2 1 0 1 1 1 0 1 2 0 0 0 0 0 0 0 0 0 0 1 0 1 1 1 0 1 2 1 0 1 1 1 0 1 1 2 2 2 2 2 1 0 1 1 1 0 1 2 1 0 1 2 1 0
0 28 1 0 0 1 0 0 1 0 0 1 0 0 1 0 0 1 0 0 0 0 0 1 0 1 2 1 0 1
0 93 1 0 0 1 0 0 1 0 0 1 0 0 1 0 0 1 0 0 1 0 0 1 0 0 1 0 0 1 0 1 2 1 0 1 1 1 0 1 2 0 0 0 0 0 0 0 0 0 0 1 0 1 1 1 0 1 2 1 0 1 1 1 0 1 1 2 2 2 2 2 1 0 1 1 1 0 1 2 1 0 1 2 1 0 1 2 1 0 1 2 0 0 0
0 31 1 0 0 1 0 0 1 0 0 2 0 0 0 0 0 0 0 0 0 0 1 0 1 1 1 0 1 2 1 0 1
0 26 1 0 0 1 0 0 1 0 0 1 0 1 2 1 0 1 2 1 0 1 1 0 0 0 0 0
0 68 1 0 0 1 0 0 1 0 0 1 0 0 1 0 0 1 0 0 1 0 0 1 0 0 1 0 0 1 0 0 1 0 1 1 0 0 0 2 0 2 0 2 0 2 1 0 1 2 2 2 2 2 2 0 2 1 0 1 2 1 0 1 1 0 0 0 0 0
0 40 1 0 0 1 0 0 1 0 0 1 0 0 1 0 1 1 1 0 1 1 1 0 1 2 1 0 1 2 0 2 0 2 0 2 0 2 0 2 1 0
0 16 2 1 1 0 1 1 1 0 1 1 1 0 1 1 1 0
0 14 1 0 2 0 2 0 2 0 2 0 2 1 0 1
0 35 0 2 0 2 0 2 0 2 1 0 1 2 1 0 1 2 2 2 2 1 0 1 2 0 0 0 0 0 0 0 0 0 0 1 0
0 63 1 0 0 1 0 0 1 0 0 1 0 0 1 0 0 1 0 0 1 0 0 1 0 0 1 0 0 1 0 0 0 2 0 2 0 2 0 2 1 0 1 1 2 2 2 2 2 1 1 0 1 2 1 0 1 1 1 0 1 2 1 0 1
0 48 1 0 0 1 0 0 1 0 0 1 0 0 1 0 0 1 0 0 1 0 0 1 0 0 1 0 0 1 0 1 2 1 0 1 1 1 0 1 2 0 0 0 0 0 0 0 0 0
0 34 1 0 0 1 0 0 1 0 0 1 0 0 1 0 0 1 0 0 1 0 0 1 0 0 1 0 2 0 2 1 0 1 2 0
0 67 1 0 0 1 0 0 1 0 0 1 0 0 1 0 0 1 0 0 1 0 0 1 0 0 1 2 1 0 1 2 1 0 1 1 1 0 1 2 1 0 1 1 0 0 0 0 0 0 0 0 0 0 1 0 1 2 2 2 2 2 2 1 0 1 2 1 0
0 42 1 0 0 1 0 0 1 0 0 1 0 0 1 0 0 1 0 0 1 0 0 1 0 0 1 0 0 1 0 1 2 1 0 1 1 1 0 1 2 0 0 0
0 13 0 2 0 2 0 2 0 2 0 2 1 0 1
0 8 1 0 0 1 0 1 2 0
0 20 0 0 0 0 0 0 0 0 0 0 2 1 0 1 1 2 2 1 0 1
0 23 1 0 0 1 0 1 2 0 0 0 0 1 1 0 1 2 1 0 1 1 1 0 1
0 28 1 0 1 2 1 0 1 2 1 0 1 2 1 0 1 1 2 2 2 2 2 1 0 1 2 1 0 1
0 9 0 2 1 0 1 1 1 0 1
0 51 1 0 0 1 0 0 1 0 0 1 0 0 1 0 0 1 0 0 1 0 0 1 0 0 1 2 1 0 1 2 1 0 1 1 1 0 1 2 1 0 1 1 0 0 0 0 0 0 0 0 0
0 18 1 0 0 1 0 1 2 0 0 0 0 1 1 0 1 2 1 0
0 23 0 0 0 0 0 0 0 0 0 0 2 1 0 1 1 2 2 1 0 1 1 1 0
0 12 1 0 0 1 0 0 1 0 0 0 1 0
0 28 1 0 0 1 0 0 0 0 0 0 2 1 0 0 1 0 0 1 0 0 1 0 0 1 0 0 1 0
0 43 1 1 0 1 2 2 2 1 0 1 1 1 0 1 1 2 2 1 0 1 1 1 0 1 1 1 0 1 2 1 0 1 1 1 0 1 2 1 0 1 2 1 0
0 100 1 0 0 1 0 0 1 0 0 1 0 0 1 0 0 1 0 0 1 0 0 1 0 0 1 0 0 1 0 1 2 1 0 1 1 1 0 1 2 0 0 0 0 0 0 0 0 0 0 1 0 1 1 1 0 1 2 1 0 1 1 1 0 1 1 2 2 2 2 2 1 0 1 1 1 0 1 2 1 0 1 2 1 0 1 2 1 0 1 2 0 0 0 0 0 0 0 0 1 0
0 17 1 0 1 1 1 0 1 2 1 0 1 1 0 0 0 0 0
0 41 1 0 0 1 0 0 1 0 0 1 0 0 1 0 0 1 0 0 1 0 0 1 0 0 1 0 0 1 0 0 1 0 1 1 0 0 0 2 0 2 0
0 11 1 0 1 1 0 2 0 2 1 0 1
0 20 1 0 0 1 0 0 1 0 0 1 0 0 1 1 0 1 2 1 0 1
0 31 1 0 0 1 0 1 1 1 0 1 2 1 0 1 1 1 0 1 2 2 2 2 2 1 0 1 2 0 0 1 0
0 47 0 2 0 2 0 2 0 2 1 0 1 2 1 0 1 2 2 2 2 1 0 1 2 0 0 0 0 0 0 0 0 0 0 1 0 1 1 1 0 1 1 1 0 1 2 1 0
0 42 1 0 0 1 0 0 1 0 1 2 2 2 2 2 2 1 0 1 1 1 0 1 2 1 0 1 1 1 0 1 2 1 0 1 1 0 0 0 0 0 0 0
0 14 1 0 0 1 0 0 0 0 0 1 0 0 1 0
0 60 1 1 0 1 2 2 2 1 0 1 1 1 0 1 1 2 2 1 0 1 1 1 0 1 1 1 0 1 2 1 0 1 1 1 0 1 2 1 0 1 2 1 0 1 1 1 0 1 2 1 0 1 1 1 0 1 1 0 0 0
0 15 1 0 0 1 0 0 1 0 0 1 0 1 2 1 0
0 39 1 0 0 1 0 0 0 0 0 0 2 1 0 0 1 0 0 1 0 0 1 0 0 1 0 0 1 0 0 1 0 0 1 0 1 1 1 0 1
0 15 0 2 0 2 0 2 0 2 0 2 1 0 1 2 0
0 44 2 1 1 0 1 1 1 0 1 1 1 0 1 1 1 0 1 2 2 2 2 1 0 1 2 1 0 1 2 1 0 1 2 1 0 1 2 1 0 1 2 0 0 0
0 32 1 0 0 1 0 0 1 0 0 1 0 0 1 0 0 1 0 0 1 0 0 1 0 0 1 0 2 0 2 1 0 1
0 26 1 0 0 1 0 1 1 1 0 1 2 1 0 1 1 1 0 1 2 2 2 2 2 1 0 1
0 46 1 0 0 1 0 0 1 0 0 1 0 0 1 0 0 1 0 0 1 0 0 1 0 0 1 0 0 1 0 1 2 1 0 1 1 1 0 1 2 0 0 0 0 0 0 0
0 28 1 0 0 1 0 1 1 1 0 1 2 1 0 1 1 1 0 1 2 2 2 2 2 1 0 1 2 0
0 6 0 2 0 2 1 0
0 72 1 0 0 1 0 0 1 0 0 1 0 0 1 0 0 1 0 0 1 0 0 1 0 0 1 0 0 1 0 0 1 0 0 2 1 0 1 1 1 0 1 1 1 0 1 1 1 0 1 1 2 2 2 2 2 0 2 0 2 0 2 0 2 0 2 2 1 0 1 2 1 0
0 36 1 0 0 1 0 0 1 0 0 1 0 0 1 0 0 1 0 0 1 0 0 1 0 0 1 0 0 1 0 0 1 0 0 2 1 0
0 54 1 0 0 1 0 0 1 0 0 1 0 0 1 0 0 1 0 0 1 0 0 1 0 0 1 0 2 0 2 1 0 1 2 0 0 0 0 0 0 0 0 1 0 1 1 1 0 1 1 1 0 1 2 0
0 21 0 2 0 2 1 0 1 1 1 0 1 1 0 0 0 0 0 0 1 1 0
0 32 1 0 1 1 2 2 0 2 0 2 0 2 0 2 1 0 1 2 1 0 1 2 1 0 1 2 1 0 1 2 1 0
0 69 1 0 0 1 0 0 1 0 0 1 0 0 1 0 0 1 0 0 1 0 0 1 0 0 1 0 0 1 0 0 1 0 0 2 1 0 1 1 1 0 1 1 1 0 1 1 1 0 1 1 2 2 2 2 2 0 2 0 2 0 2 0 2 0 2 2 1 0 1
0 14 0 0 0 0 0 0 0 0 0 0 2 1 0 1
0 56 1 0 0 1 0 0 1 0 0 1 0 0 1 0 0 1 0 0 1 0 0 1 0 0 1 0 0 1 0 0 1 0 0 2 1 0 1 1 1 0 1 1 1 0 1 1 1 0 1 1 2 2 2 2 2 0
0 31 1 0 1 1 1 0 1 2 2 2 2 2 2 0 2 0 2 0 2 0 2 0 2 0 2 1 0 1 2 1 0
0 22 1 0 1 1 1 0 1 2 2 2 2 2 2 0 2 0 2 0 2 0 2 0
0 51 1 0 0 1 0 1 1 1 0 1 2 1 0 1 1 1 0 1 2 2 2 2 2 1 0 1 2 0 0 1 0 1 1 1 0 1 1 1 0 1 2 1 0 1 2 0 0 0 0 1 0
0 14 1 0 1 1 1 0 1 2 2 2 2 2 2 0
0 21 1 0 1 1 1 0 1 2 1 0 1 1 0 0 0 0 0 0 2 1 0
0 27 1 0 1 1 0 2 0 2 1 0 1 2 1 0 1 1 1 0 1 1 0 0 0 0 1 1 0
0 20 1 1 0 1 2 1 0 1 1 1 0 1 1 1 0 1 1 1 0 1
0 19 1 0 0 1 0 0 0 0 0 0 0 1 0 0 1 0 0 1 0
0 108 1 0 0 1 0 0 1 0 0 1 0 0 1 0 0 1 0 0 1 0 0 1 0 0 1 0 0 1 0 1 2 1 0 1 1 1 0 1 2 0 0 0 0 0 0 0 0 0 0 1 0 1 1 1 0 1 2 1 0 1 1 1 0 1 1 2 2 2 2 2 1 0 1 1 1 0 1 2 1 0 1 2 1 0 1 2 1 0 1 2 0 0 0 0 0 0 0 0 1 0 1 1 1 0 1 1 1 0
0 36 1 0 0 1 0 0 1 0 0 1 0 0 0 2 0 0 2 0 2 0 2 1 0 1 2 1 0 1 2 1 0 1 2 1 0 1
0 14 0 2 0 2 0 2 0 2 1 0 1 2 1 0
0 64 1 0 0 1 0 0 1 0 0 1 0 0 1 0 0 1 0 0 1 0 0 1 0 0 1 2 1 0 1 2 1 0 1 1 1 0 1 2 1 0 1 1 0 0 0 0 0 0 0 0 0 0 1 0 1 2 2 2 2 2 2 1 0 1
0 73 1 0 0 1 0 0 1 0 0 1 0 0 1 0 0 1 0 0 1 0 0 1 0 0 1 0 0 1 0 0 1 0 0 2 1 0 1 1 1 0 1 1 1 0 1 1 1 0 1 1 2 2 2 2 2 0 2 0 2 0 2 0 2 0 2 2 1 0 1 2 1 0 1
0 22 1 0 1 1 1 0 1 1 1 0 1 2 1 0 1 2 1 0 1 1 1 0
0 37 1 0 1 1 1 0 1 1 1 0 1 2 1 0 1 2 1 0 1 1 1 0 1 1 0 0 0 0 0 0 0 0 0 0 1 0 1
0 62 1 0 0 1 0 0 1 0 0 1 0 0 1 0 0 1 0 0 1 0 0 1 0 0 1 0 0 1 0 0 1 0 0 2 1 0 1 1 1 0 1 1 1 0 1 1 1 0 1 1 2 2 2 2 2 0 2 0 2 0 2 0
0 18 1 0 0 1 0 1 2 1 0 1 1 1 0 1 2 1 0 1
0 24 0 2 1 0 1 1 1 0 1 2 1 0 1 2 1 0 1 2 1 0 1 1 2 0
0 21 1 0 0 1 0 0 1 0 0 1 0 0 1 0 0 1 0 1 1 1 0
0 15 1 0 0 1 0 0 1 0 0 1 0 0 1 1 0
0 63 1 0 0 1 0 0 1 0 0 1 0 0 1 0 0 1 0 0 1 0 0 1 0 0 1 0 0 1 0 1 2 1 0 1 1 1 0 1 2 0 0 0 0 0 0 0 0 0 0 1 0 1 1 1 0 1 2 1 0 1 1 1 0
0 16 1 0 0 1 0 0 0 0 0 0 0 1 0 0 1 0
0 20 1 0 0 1 0 0 1 0 0 1 0 1 2 1 0 1 2 1 0 1
0 12 2 1 1 0 1 1 1 0 1 1 1 0
0 41 1 0 1 1 1 0 1 1 1 0 1 2 1 0 1 2 1 0 1 1 1 0 1 1 0 0 0 0 0 0 0 0 0 0 1 0 1 2 0 0 0
0 11 1 0 1 1 1 0 1 2 1 0 1
0 37 1 0 0 1 0 0 1 0 0 1 0 0 1 0 0 1 0 0 1 0 0 1 0 0 1 0 0 1 0 0 1 0 1 1 0 0 0
0 45 1 0 0 1 0 0 1 0 0 1 0 0 1 0 0 1 0 0 1 0 0 1 0 0 1 2 1 0 1 2 1 0 1 1 1 0 1 2 1 0 1 1 0 0 0
0 16 0 2 1 0 1 1 1 0 1 2 1 0 1 2 1 0
0 32 1 0 1 2 1 0 1 2 1 0 1 2 1 0 1 1 2 2 2 2 2 1 0 1 2 1 0 1 1 0 0 0
0 17 1 0 0 1 0 0 0 0 0 1 0 0 1 0 0 1 0
0 43 1 0 0 1 0 0 0 0 0 0 2 1 0 0 1 0 0 1 0 0 1 0 0 1 0 0 1 0 0 1 0 0 1 0 1 1 1 0 1 2 1 0 1
0 27 1 0 1 1 1 0 1 2 1 0 1 1 1 0 1 2 1 0 1 1 0 0 0 0 0 0 0
0 13 1 0 2 0 2 0 2 0 2 0 2 1 0
