390 3
1 0 
1 27 1 0 2 1 2 1 2 2 1 2 2 2 2 1 2 2 1 0 0 1 2 1 0 0 0 0 1
1 38 2 2 1 0 1 2 2 0 0 0 1 1 1 1 1 1 2 1 1 0 1 1 1 2 1 1 2 1 1 1 0 2 0 1 1 0 0 1
1 7 2 2 2 2 1 0 1
1 3 1 0 1
1 42 1 0 1 1 1 0 0 2 1 0 2 0 1 1 1 1 0 0 0 1 1 0 1 1 0 0 0 2 1 0 0 1 2 2 1 0 1 0 1 0 1 1
1 17 2 2 1 0 2 2 1 1 0 1 2 2 1 1 0 1 1
1 54 2 2 1 2 2 1 0 1 1 2 2 2 2 2 2 1 1 1 0 2 2 2 2 1 1 2 0 0 0 0 1 2 2 0 0 0 0 0 1 2 2 2 2 2 2 0 0 0 0 0 2 2 2 2
1 42 1 0 2 1 0 1 0 1 0 1 2 1 0 0 0 1 2 2 2 0 1 2 2 0 1 1 2 0 0 0 0 1 2 2 2 2 2 2 2 2 2 1
1 43 0 0 2 1 1 2 1 1 2 1 1 1 1 1 2 1 1 0 2 1 1 1 1 1 1 1 1 1 1 1 1 0 2 0 1 1 1 1 1 0 0 0 1
1 100 1 2 2 0 1 1 2 2 1 1 2 0 0 1 0 0 2 1 1 2 1 1 0 0 1 0 0 2 0 1 1 1 1 1 2 0 1 1 1 1 1 2 0 1 1 1 1 1 0 0 1 2 2 2 2 1 1 1 1 1 1 1 1 0 1 1 1 1 1 1 0 2 1 1 2 1 1 1 0 2 0 1 1 1 1 2 0 1 1 1 2 0 1 2 0 1 1 0 0 1
1 24 2 1 1 0 2 2 2 2 1 0 1 0 2 2 2 2 1 1 0 2 2 1 0 1
1 41 1 1 2 2 2 2 2 2 1 2 2 0 0 1 0 2 1 0 1 1 0 1 0 1 2 1 0 0 2 0 1 1 0 2 0 1 1 1 0 0 1
1 29 2 2 2 2 2 2 2 0 0 1 1 2 2 1 1 0 2 2 1 0 1 0 1 2 1 0 0 0 1
1 92 2 2 2 2 2 1 0 0 0 2 1 1 1 1 1 1 0 0 0 1 0 0 1 2 1 0 0 0 0 2 0 0 0 1 1 0 0 0 0 1 1 1 2 1 1 2 1 1 1 1 1 2 1 1 0 2 1 1 0 2 1 1 1 1 1 2 1 1 0 2 1 1 1 0 2 0 1 1 1 1 2 0 1 1 1 1 2 0 1 1 0 1
1 75 1 1 0 0 1 1 1 1 1 1 1 1 1 0 2 1 1 2 1 1 2 1 1 0 1 1 1 1 1 1 0 2 1 1 1 1 1 2 1 1 1 0 2 0 0 1 0 0 2 1 0 2 0 1 1 1 2 0 1 1 0 0 1 1 0 1 2 2 1 2 2 2 2 2 2
1 29 2 2 1 2 2 2 2 1 0 1 2 2 1 2 2 2 2 1 1 2 2 1 1 2 0 1 1 2 2
1 54 1 1 0 0 0 1 0 1 1 1 2 1 1 1 1 1 0 1 1 1 2 1 1 1 1 1 1 0 2 0 1 1 1 1 1 2 0 1 1 0 0 2 0 1 1 0 1 2 2 1 2 2 2 2
1 13 2 0 1 0 1 2 2 1 1 0 1 2 2
1 24 0 1 2 1 0 0 0 0 1 1 0 2 2 1 2 2 1 1 0 2 2 1 0 1
1 26 1 0 1 2 1 0 2 0 1 1 1 1 1 2 0 2 0 2 0 1 1 1 1 1 0 1
1 90 1 1 1 0 0 2 1 1 1 1 1 2 1 1 1 1 1 1 1 1 0 1 1 1 1 1 1 1 1 1 1 1 1 1 1 1 0 2 1 1 1 1 1 1 1 1 0 2 1 1 1 1 1 1 0 0 2 0 1 1 1 0 1 1 0 0 2 1 0 2 0 1 1 1 1 0 0 2 0 1 1 1 2 0 1 1 1 1 0 1
1 38 1 0 0 0 0 2 1 0 2 0 1 1 1 1 0 1 0 0 0 0 1 2 1 0 2 0 1 1 1 0 1 2 2 1 1 0 2 2
1 62 0 1 1 0 2 1 1 1 1 1 2 1 1 1 1 1 2 1 1 1 0 2 0 1 1 1 1 0 0 1 0 1 1 0 1 1 0 2 0 1 1 1 0 1 0 0 1 0 1 1 1 0 1 1 1 0 1 0 0 1 2 1
1 8 1 0 2 2 2 2 1 0
1 25 1 0 0 2 1 0 2 0 1 0 2 0 1 1 1 1 1 0 0 0 1 1 0 1 1
1 15 1 0 1 1 1 0 2 2 1 1 2 2 2 2 1
1 33 0 0 0 0 1 2 1 0 2 0 0 0 0 1 1 2 2 2 2 2 2 2 2 0 2 2 1 0 0 0 0 0 1
1 26 2 2 2 2 1 1 0 1 1 0 1 1 0 1 1 1 0 1 2 2 1 1 1 0 1 1
1 89 0 1 1 1 2 1 1 1 1 1 2 1 1 0 1 1 1 2 1 1 2 1 1 2 1 1 0 1 1 1 1 1 1 2 1 1 1 1 1 1 1 1 0 2 1 1 1 1 1 1 1 1 2 1 1 2 1 1 0 1 1 1 1 1 1 1 1 1 2 1 1 2 1 1 1 0 2 0 0 0 0 1 1 2 2 2 2 2 2
1 11 0 1 2 2 2 2 1 2 2 2 2
1 15 0 1 1 1 2 2 1 2 2 2 1 2 2 0 0
1 85 2 2 1 1 0 2 2 2 2 2 2 0 0 2 1 0 0 0 0 0 0 0 1 1 0 1 0 1 0 1 0 0 1 1 1 2 1 1 1 1 1 1 1 1 1 1 1 0 1 1 1 0 2 1 1 2 1 1 2 1 1 2 1 1 0 1 1 1 2 1 1 1 1 1 1 0 2 0 1 1 1 1 0 0 1
1 23 2 2 2 2 0 1 1 1 0 1 0 2 0 1 1 2 0 1 1 0 0 0 1
1 5 1 1 1 0 1
1 48 0 0 1 0 0 1 2 1 0 2 0 2 0 2 0 1 1 0 0 0 1 0 1 0 0 1 1 0 1 1 1 2 1 1 2 1 1 1 1 1 2 1 1 1 0 0 0 1
1 27 2 2 2 2 1 2 2 0 0 0 1 2 2 0 0 0 0 2 2 2 2 1 0 2 2 2 2
1 67 1 1 1 0 0 2 1 1 0 2 1 1 2 1 1 1 1 1 1 1 1 1 1 1 0 1 1 1 1 1 1 2 1 1 2 1 1 2 1 1 0 1 1 1 1 1 1 1 1 1 1 0 0 0 0 1 2 0 1 1 2 2 2 1 2 2 2
1 24 1 0 1 0 2 1 0 0 0 2 1 1 1 0 0 2 0 1 0 0 2 0 0 1
1 22 1 2 2 2 2 1 0 1 1 1 0 0 0 0 2 1 0 0 0 0 0 1
1 14 1 0 0 2 1 0 2 0 1 1 1 1 0 1
1 14 2 2 1 1 1 0 1 1 2 2 1 0 1 1
1 81 0 1 0 0 0 1 1 0 1 1 1 0 1 1 1 2 1 1 0 2 1 1 1 1 1 2 1 1 2 1 1 1 1 1 0 1 1 1 1 1 1 1 1 1 2 1 1 2 1 1 1 0 0 0 1 0 0 2 1 1 2 1 1 0 2 1 1 2 1 1 2 1 1 1 1 1 1 0 0 1 1
1 5 1 1 2 2 2
1 46 0 0 0 0 0 0 1 2 1 0 2 0 1 1 1 1 1 2 0 1 2 0 2 0 0 0 1 2 2 2 2 2 2 1 1 0 1 2 2 2 2 1 1 1 0 1
1 6 1 0 1 0 2 2
1 20 2 2 1 0 1 2 2 0 1 2 0 2 0 0 1 1 0 2 1 1
1 29 1 0 1 2 2 1 0 1 0 0 0 2 1 0 0 2 0 0 2 0 1 1 1 1 1 2 0 0 1
0 32 2 2 2 2 2 2 2 2 2 2 2 2 1 0 1 2 2 2 2 2 2 1 1 0 1 1 0 2 1 1 0 2
0 2 0 0
0 77 0 0 2 2 0 1 2 2 0 0 1 1 0 2 1 1 1 1 1 2 1 1 0 0 2 1 1 2 1 1 2 1 1 1 1 1 1 1 1 0 1 1 1 2 1 1 1 0 0 0 0 0 0 1 2 2 1 0 1 1 2 2 1 0 0 0 1 0 2 1 1 2 1 1 1 0 0
0 25 2 2 1 1 1 2 2 2 2 2 2 2 2 2 0 0 0 0 2 2 2 2 1 0 2
0 55 1 0 1 2 2 2 2 1 0 1 1 2 2 1 2 2 0 0 0 1 2 2 2 2 2 2 2 2 2 2 0 0 0 0 1 1 2 1 0 1 1 0 2 1 1 2 1 1 2 1 1 1 0 2 0
0 47 1 0 1 0 2 2 1 1 2 2 0 0 0 0 2 1 1 1 1 1 0 1 1 1 2 1 1 1 1 1 1 1 1 0 2 1 1 2 1 1 1 1 1 1 0 2 0
0 27 2 2 2 2 2 2 2 1 2 2 2 1 1 2 0 0 1 2 2 0 0 0 0 0 2 1 0
0 18 1 1 2 0 2 2 2 0 1 2 2 0 0 0 0 0 1 2
0 9 1 1 1 0 1 2 1 0 2
0 48 1 0 1 0 2 2 1 1 2 2 0 0 0 0 2 1 1 1 1 1 0 1 1 1 2 1 1 1 1 1 1 1 1 0 2 1 1 2 1 1 1 1 1 1 0 2 0 0
0 52 1 0 1 0 0 1 1 1 0 1 0 0 0 1 0 0 1 0 1 0 2 1 1 2 1 1 0 1 0 2 0 1 2 0 1 1 1 0 0 0 0 1 1 2 2 2 1 2 2 2 1 2
0 78 0 0 2 2 0 1 2 2 0 0 1 1 0 2 1 1 1 1 1 2 1 1 0 0 2 1 1 2 1 1 2 1 1 1 1 1 1 1 1 0 1 1 1 2 1 1 1 0 0 0 0 0 0 1 2 2 1 0 1 1 2 2 1 0 0 0 1 0 2 1 1 2 1 1 1 0 0 0
0 26 2 2 1 2 2 0 2 1 1 2 1 1 2 1 1 0 2 1 1 1 0 2 0 0 2 0
0 7 2 2 1 2 2 0 2
0 23 0 1 1 0 1 2 1 0 0 0 1 1 2 2 0 0 0 2 2 0 1 0 0
0 48 0 1 0 0 1 1 1 2 1 1 0 1 1 1 1 1 1 0 2 1 1 0 2 1 1 2 1 1 2 1 1 1 0 0 0 1 1 0 1 2 1 0 2 0 0 0 0 0
0 4 1 1 0 0
0 68 1 0 1 0 0 1 1 1 0 1 0 0 0 1 0 0 1 0 1 0 2 1 1 2 1 1 0 1 0 2 0 1 2 0 1 1 1 0 0 0 0 1 1 2 2 2 1 2 2 2 1 2 2 0 0 1 2 2 2 1 0 0 1 0 0 2 1 0
0 22 0 1 1 0 1 1 1 2 1 1 1 1 1 1 1 1 1 1 1 1 0 0
0 74 1 1 2 2 1 0 1 1 0 1 1 1 1 1 1 2 1 1 1 0 0 0 2 0 1 2 0 1 0 1 1 1 2 0 0 1 0 1 1 1 1 1 1 2 1 1 1 1 1 2 1 1 0 1 1 1 1 1 1 0 1 1 1 1 0 2 0 1 1 1 2 0 1 2
0 78 1 1 2 2 1 0 1 1 0 1 1 1 1 1 1 2 1 1 1 0 0 0 2 0 1 2 0 1 0 1 1 1 2 0 0 1 0 1 1 1 1 1 1 2 1 1 1 1 1 2 1 1 0 1 1 1 1 1 1 0 1 1 1 1 0 2 0 1 1 1 2 0 1 2 0 1 1 2
0 5 1 0 1 0 2
0 48 0 1 1 0 1 1 1 2 1 1 1 1 1 1 1 1 1 1 1 1 0 0 1 0 0 0 2 1 0 2 0 1 1 1 1 2 0 0 0 0 1 1 1 0 1 1 0 0
0 28 0 0 0 0 2 1 1 1 1 1 2 1 1 0 1 1 1 0 2 1 1 2 1 1 1 0 0 0
0 30 0 1 1 0 1 2 1 0 0 0 1 1 2 2 0 0 0 2 2 0 1 0 0 2 1 1 2 1 1 2
0 35 2 2 1 1 0 1 1 2 2 2 1 2 2 2 1 1 2 0 0 0 0 0 1 1 2 2 1 2 2 2 0 0 2 1 0
0 50 0 0 2 2 0 1 2 2 0 0 1 1 0 2 1 1 1 1 1 2 1 1 0 0 2 1 1 2 1 1 2 1 1 1 1 1 1 1 1 0 1 1 1 2 1 1 1 0 0 0
0 58 0 1 1 1 1 1 1 2 1 1 0 1 1 1 0 2 1 1 0 0 1 1 1 1 1 1 1 1 1 1 0 2 0 1 2 0 1 1 0 1 2 2 2 2 2 2 2 2 2 2 2 2 0 0 2 1 1 2
0 16 0 1 0 1 0 1 1 0 0 0 2 1 0 2 0 0
0 7 1 1 1 2 2 1 2
0 34 1 0 1 1 0 1 1 1 2 1 1 1 1 1 2 1 1 0 1 1 1 1 1 1 0 1 1 1 1 0 2 0 1 2
0 18 2 2 2 2 2 2 2 1 2 2 2 1 1 2 0 0 1 2
0 15 1 0 1 2 2 2 2 1 0 1 1 2 2 1 2
0 18 1 0 1 0 0 1 1 1 0 1 0 0 0 1 0 0 1 0
0 10 1 1 2 0 2 2 2 0 1 2
0 71 0 1 1 1 1 1 1 2 1 1 0 1 1 1 0 2 1 1 0 0 1 1 1 1 1 1 1 1 1 1 0 2 0 1 2 0 1 1 0 1 2 2 2 2 2 2 2 2 2 2 2 2 0 0 2 1 1 2 1 1 1 0 2 0 1 1 1 1 1 0 0
0 68 1 1 2 0 1 2 2 0 0 0 2 2 2 2 2 2 2 2 1 0 1 1 2 2 1 0 1 1 1 2 1 1 1 1 1 2 1 1 1 1 1 0 0 2 1 1 2 1 1 0 1 1 1 2 1 1 2 1 1 2 1 1 1 1 1 1 0 0
0 71 0 1 1 0 1 2 1 0 0 0 1 1 2 2 0 0 0 2 2 0 1 0 0 2 1 1 2 1 1 2 1 1 2 1 1 1 1 1 0 1 1 1 1 1 1 2 1 1 0 2 1 1 2 1 1 1 1 1 0 2 1 1 1 1 1 2 1 1 1 0 2
0 49 1 0 1 0 2 2 1 1 2 2 0 0 0 0 2 1 1 1 1 1 0 1 1 1 2 1 1 1 1 1 1 1 1 0 2 1 1 2 1 1 1 1 1 1 0 2 0 0 0
0 24 0 0 2 2 0 1 2 2 0 0 1 1 0 2 1 1 1 1 1 2 1 1 0 0
0 19 0 1 0 1 0 1 1 0 0 0 2 1 0 2 0 0 0 2 0
0 11 2 2 1 0 2 2 2 2 1 0 2
0 66 1 2 2 2 2 0 0 1 0 0 1 1 1 1 1 1 2 1 1 1 1 1 1 1 1 0 1 1 1 2 1 1 2 1 1 0 1 1 1 1 1 1 2 1 1 2 1 1 2 1 1 0 2 1 1 1 1 1 2 1 1 2 1 1 0 2
0 7 0 1 2 1 0 2 0
0 5 2 2 1 0 2
0 78 0 1 1 1 1 1 1 2 1 1 0 1 1 1 0 2 1 1 0 0 1 1 1 1 1 1 1 1 1 1 0 2 0 1 2 0 1 1 0 1 2 2 2 2 2 2 2 2 2 2 2 2 0 0 2 1 1 2 1 1 1 0 2 0 1 1 1 1 1 0 0 2 0 1 1 1 0 0
0 49 1 1 2 0 2 2 2 0 1 2 2 0 0 0 0 0 1 2 2 0 0 1 2 2 0 0 0 0 2 2 2 2 2 2 0 0 0 0 1 2 1 0 2 0 1 2 0 1 0
0 69 0 0 2 2 0 1 2 2 0 0 1 1 0 2 1 1 1 1 1 2 1 1 0 0 2 1 1 2 1 1 2 1 1 1 1 1 1 1 1 0 1 1 1 2 1 1 1 0 0 0 0 0 0 1 2 2 1 0 1 1 2 2 1 0 0 0 1 0 2
0 66 0 0 2 2 0 1 2 2 0 0 1 1 0 2 1 1 1 1 1 2 1 1 0 0 2 1 1 2 1 1 2 1 1 1 1 1 1 1 1 0 1 1 1 2 1 1 1 0 0 0 0 0 0 1 2 2 1 0 1 1 2 2 1 0 0 0
0 51 2 2 2 2 2 2 2 2 2 2 2 2 1 0 1 2 2 2 2 2 2 1 1 0 1 1 0 2 1 1 0 2 1 1 1 1 1 1 1 1 0 1 0 2 0 1 1 1 0 2 0
0 22 2 2 1 2 2 0 2 1 1 2 1 1 2 1 1 0 2 1 1 1 0 2
0 33 2 2 1 1 0 1 1 2 2 2 1 2 2 2 1 1 2 0 0 0 0 0 1 1 2 2 1 2 2 2 0 0 2
0 12 0 1 1 1 0 0 0 2 1 0 2 0
0 44 2 2 2 2 2 2 2 2 2 2 2 2 1 0 1 2 2 2 2 2 2 1 1 0 1 1 0 2 1 1 0 2 1 1 1 1 1 1 1 1 0 1 0 2
0 20 0 1 1 1 1 1 1 2 1 1 0 1 1 1 0 2 1 1 0 0
0 44 1 0 1 1 0 1 1 1 2 1 1 1 1 1 2 1 1 0 1 1 1 1 1 1 0 1 1 1 1 0 2 0 1 2 0 1 1 1 1 1 0 0 0 0
0 10 2 2 1 2 2 0 2 1 1 2
0 45 2 2 2 2 2 2 2 2 2 2 2 2 1 0 1 2 2 2 2 2 2 1 1 0 1 1 0 2 1 1 0 2 1 1 1 1 1 1 1 1 0 1 0 2 0
0 13 2 2 1 2 2 0 2 1 1 2 1 1 2
0 7 0 0 1 1 1 0 2
0 83 0 0 0 1 1 1 1 1 1 2 1 1 1 1 1 2 1 1 0 1 1 1 0 1 1 1 1 1 1 2 1 1 1 1 1 2 1 1 0 1 1 1 2 1 1 1 1 1 1 0 0 0 1 1 2 2 1 0 1 0 0 1 1 1 0 1 1 1 2 1 1 1 1 1 1 1 1 2 1 1 1 0 0
0 52 0 0 0 1 1 1 1 1 1 2 1 1 1 1 1 2 1 1 0 1 1 1 0 1 1 1 1 1 1 2 1 1 1 1 1 2 1 1 0 1 1 1 2 1 1 1 1 1 1 0 0 0
0 9 2 2 1 1 0 1 0 1 2
0 13 1 0 1 0 0 1 1 1 0 1 0 0 0
0 43 1 0 1 2 2 2 2 1 0 1 1 2 2 1 2 2 0 0 0 1 2 2 2 2 2 2 2 2 2 2 0 0 0 0 1 1 2 1 0 1 1 0 2
0 61 0 1 2 1 0 2 0 1 1 2 0 0 1 0 1 0 0 1 1 1 1 1 1 2 1 1 1 1 1 2 1 1 0 2 1 1 1 1 1 2 1 1 1 1 1 1 1 1 0 1 1 1 1 1 1 2 1 1 1 0 0
0 29 0 1 0 0 1 1 1 2 1 1 0 1 1 1 1 1 1 0 2 1 1 0 2 1 1 2 1 1 2
0 9 0 1 1 0 1 2 1 0 0
0 72 0 1 1 0 1 2 1 0 0 0 1 1 2 2 0 0 0 2 2 0 1 0 0 2 1 1 2 1 1 2 1 1 2 1 1 1 1 1 0 1 1 1 1 1 1 2 1 1 0 2 1 1 2 1 1 1 1 1 0 2 1 1 1 1 1 2 1 1 1 0 2 0
0 43 1 1 2 0 2 2 2 0 1 2 2 0 0 0 0 0 1 2 2 0 0 1 2 2 0 0 0 0 2 2 2 2 2 2 0 0 0 0 1 2 1 0 2
0 28 0 0 2 2 0 1 2 2 0 0 1 1 0 2 1 1 1 1 1 2 1 1 0 0 2 1 1 2
0 24 1 1 2 2 1 0 1 1 0 1 1 1 1 1 1 2 1 1 1 0 0 0 2 0
0 15 1 0 1 0 0 1 1 1 0 1 0 0 0 1 0
0 50 0 1 1 0 1 1 1 2 1 1 1 1 1 1 1 1 1 1 1 1 0 0 1 0 0 0 2 1 0 2 0 1 1 1 1 2 0 0 0 0 1 1 1 0 1 1 0 0 0 0
0 4 2 2 1 2
0 37 2 2 1 1 0 1 1 2 2 2 1 2 2 2 1 1 2 0 0 0 0 0 1 1 2 2 1 2 2 2 0 0 2 1 0 2 0
0 10 0 1 1 0 1 2 1 0 0 0
0 45 2 2 2 2 1 1 1 0 1 1 1 2 1 1 0 1 1 1 2 1 1 1 1 1 0 1 1 1 1 1 1 2 1 1 2 1 1 2 1 1 0 1 0 0 2
0 17 1 2 2 2 1 1 2 2 1 2 2 2 2 2 2 1 2
0 45 0 1 0 0 1 1 1 2 1 1 0 1 1 1 1 1 1 0 2 1 1 0 2 1 1 2 1 1 2 1 1 1 0 0 0 1 1 0 1 2 1 0 2 0 0
0 53 1 1 0 0 1 1 1 2 1 1 2 1 1 2 1 1 0 2 1 1 1 1 1 1 1 1 0 1 1 1 1 0 0 2 0 1 1 1 1 2 0 1 1 1 1 1 2 0 1 1 1 0 0
0 7 0 1 1 1 0 0 0
0 35 1 0 1 0 2 2 1 1 2 2 0 0 0 0 2 1 1 1 1 1 0 1 1 1 2 1 1 1 1 1 1 1 1 0 2
0 63 0 1 1 1 1 1 1 2 1 1 0 1 1 1 0 2 1 1 0 0 1 1 1 1 1 1 1 1 1 1 0 2 0 1 2 0 1 1 0 1 2 2 2 2 2 2 2 2 2 2 2 2 0 0 2 1 1 2 1 1 1 0 2
0 58 2 2 2 2 2 2 2 2 2 2 2 2 1 0 1 2 2 2 2 2 2 1 1 0 1 1 0 2 1 1 0 2 1 1 1 1 1 1 1 1 0 1 0 2 0 1 1 1 0 2 0 1 1 0 2 0 1 0
0 3 0 0 2
0 12 2 2 1 1 0 1 1 2 2 2 1 2
0 21 1 1 2 2 1 0 1 1 0 1 1 1 1 1 1 2 1 1 1 0 0
0 52 0 0 2 2 0 1 2 2 0 0 1 1 0 2 1 1 1 1 1 2 1 1 0 0 2 1 1 2 1 1 2 1 1 1 1 1 1 1 1 0 1 1 1 2 1 1 1 0 0 0 0 0
0 19 0 0 0 0 2 1 1 1 1 1 2 1 1 0 1 1 1 0 2
0 11 0 1 1 1 0 0 0 2 1 0 2
0 54 0 0 0 0 2 1 1 1 1 1 2 1 1 0 1 1 1 0 2 1 1 2 1 1 1 0 0 0 1 1 0 0 1 0 1 1 1 0 2 1 1 1 1 1 1 1 1 0 2 1 1 1 0 2
0 46 2 2 2 2 1 1 1 0 1 1 1 2 1 1 0 1 1 1 2 1 1 1 1 1 0 1 1 1 1 1 1 2 1 1 2 1 1 2 1 1 0 1 0 0 2 0
0 11 2 2 1 1 0 0 1 2 1 0 2
0 72 0 0 2 2 0 1 2 2 0 0 1 1 0 2 1 1 1 1 1 2 1 1 0 0 2 1 1 2 1 1 2 1 1 1 1 1 1 1 1 0 1 1 1 2 1 1 1 0 0 0 0 0 0 1 2 2 1 0 1 1 2 2 1 0 0 0 1 0 2 1 1 2
0 52 1 1 2 0 2 2 2 0 1 2 2 0 0 0 0 0 1 2 2 0 0 1 2 2 0 0 0 0 2 2 2 2 2 2 0 0 0 0 1 2 1 0 2 0 1 2 0 1 0 1 1 2
0 34 1 1 0 0 1 1 1 2 1 1 2 1 1 2 1 1 0 2 1 1 1 1 1 1 1 1 0 1 1 1 1 0 0 2
0 69 1 0 1 0 0 1 1 1 0 1 0 0 0 1 0 0 1 0 1 0 2 1 1 2 1 1 0 1 0 2 0 1 2 0 1 1 1 0 0 0 0 1 1 2 2 2 1 2 2 2 1 2 2 0 0 1 2 2 2 1 0 0 1 0 0 2 1 0 0
0 15 1 0 2 0 1 1 0 0 1 1 2 2 2 1 2
0 48 2 2 1 1 1 2 2 2 2 2 2 2 2 2 0 0 0 0 2 2 2 2 1 0 2 2 1 1 2 2 1 1 2 0 0 0 1 2 2 0 0 1 1 2 0 0 1 2
0 72 0 1 1 1 1 1 1 2 1 1 0 1 1 1 0 2 1 1 0 0 1 1 1 1 1 1 1 1 1 1 0 2 0 1 2 0 1 1 0 1 2 2 2 2 2 2 2 2 2 2 2 2 0 0 2 1 1 2 1 1 1 0 2 0 1 1 1 1 1 0 0 2
0 41 1 0 1 0 0 1 1 1 0 1 0 0 0 1 0 0 1 0 1 0 2 1 1 2 1 1 0 1 0 2 0 1 2 0 1 1 1 0 0 0 0
0 10 1 2 2 2 1 1 2 2 1 2
0 9 2 2 2 2 1 1 0 1 2
0 5 1 0 2 1 0
0 26 1 2 2 0 0 0 0 0 1 0 1 1 1 2 2 2 2 2 2 0 0 0 0 2 1 2
0 55 2 2 2 2 2 2 2 2 2 2 2 2 1 0 1 2 2 2 2 2 2 1 1 0 1 1 0 2 1 1 0 2 1 1 1 1 1 1 1 1 0 1 0 2 0 1 1 1 0 2 0 1 1 0 2
0 9 0 1 0 1 0 1 1 0 0
0 51 0 0 0 1 1 1 1 1 1 2 1 1 1 1 1 2 1 1 0 1 1 1 0 1 1 1 1 1 1 2 1 1 1 1 1 2 1 1 0 1 1 1 2 1 1 1 1 1 1 0 0
0 22 0 1 1 0 1 2 1 0 0 0 1 1 2 2 0 0 0 2 2 0 1 0
0 1 2
0 23 0 1 0 0 1 1 1 2 1 1 0 1 1 1 1 1 1 0 2 1 1 0 2
0 35 1 0 1 1 0 1 1 1 2 1 1 1 1 1 2 1 1 0 1 1 1 1 1 1 0 1 1 1 1 0 2 0 1 2 0
0 28 2 2 2 2 2 2 2 1 2 2 2 1 1 2 0 0 1 2 2 0 0 0 0 0 2 1 0 0
0 47 1 1 2 0 1 2 2 0 0 0 2 2 2 2 2 2 2 2 1 0 1 1 2 2 1 0 1 1 1 2 1 1 1 1 1 2 1 1 1 1 1 0 0 2 1 1 2
0 56 0 0 0 0 2 1 1 1 1 1 2 1 1 0 1 1 1 0 2 1 1 2 1 1 1 0 0 0 1 1 0 0 1 0 1 1 1 0 2 1 1 1 1 1 1 1 1 0 2 1 1 1 0 2 0 2
0 6 0 1 1 1 0 0
0 18 0 1 0 1 0 1 1 0 0 0 2 1 0 2 0 0 0 2
0 34 0 1 2 1 0 2 0 1 1 2 0 0 1 0 1 0 0 1 1 1 1 1 1 2 1 1 1 1 1 2 1 1 0 2
0 61 0 0 0 1 1 1 1 1 1 2 1 1 1 1 1 2 1 1 0 1 1 1 0 1 1 1 1 1 1 2 1 1 1 1 1 2 1 1 0 1 1 1 2 1 1 1 1 1 1 0 0 0 1 1 2 2 1 0 1 0 0
0 11 0 1 2 1 0 2 0 1 1 2 0
0 79 1 1 2 2 1 0 1 1 0 1 1 1 1 1 1 2 1 1 1 0 0 0 2 0 1 2 0 1 0 1 1 1 2 0 0 1 0 1 1 1 1 1 1 2 1 1 1 1 1 2 1 1 0 1 1 1 1 1 1 0 1 1 1 1 0 2 0 1 1 1 2 0 1 2 0 1 1 2 0
0 43 2 2 1 1 0 1 1 2 2 2 1 2 2 2 1 1 2 0 0 0 0 0 1 1 2 2 1 2 2 2 0 0 2 1 0 2 0 1 1 1 1 0 0
0 53 0 1 1 0 1 2 1 0 0 0 1 1 2 2 0 0 0 2 2 0 1 0 0 2 1 1 2 1 1 2 1 1 2 1 1 1 1 1 0 1 1 1 1 1 1 2 1 1 0 2 1 1 2
0 10 0 1 1 1 0 0 0 2 1 0
0 65 0 0 2 2 0 1 2 2 0 0 1 1 0 2 1 1 1 1 1 2 1 1 0 0 2 1 1 2 1 1 2 1 1 1 1 1 1 1 1 0 1 1 1 2 1 1 1 0 0 0 0 0 0 1 2 2 1 0 1 1 2 2 1 0 0
0 39 2 2 2 2 2 2 2 1 2 2 2 1 1 2 0 0 1 2 2 0 0 0 0 0 2 1 0 0 0 1 2 2 2 2 2 2 1 0 2
0 18 1 2 2 2 1 2 2 2 2 2 2 0 0 0 0 0 1 2
0 40 1 0 1 0 0 1 1 1 0 1 0 0 0 1 0 0 1 0 1 0 2 1 1 2 1 1 0 1 0 2 0 1 2 0 1 1 1 0 0 0
0 31 0 0 2 2 0 1 2 2 0 0 1 1 0 2 1 1 1 1 1 2 1 1 0 0 2 1 1 2 1 1 2
0 25 1 2 2 2 1 1 2 2 1 1 2 2 1 0 2 2 1 0 1 2 2 1 0 1 2
0 6 1 2 2 2 2 0
0 48 1 0 1 0 0 1 1 1 0 1 0 0 0 1 0 0 1 0 1 0 2 1 1 2 1 1 0 1 0 2 0 1 2 0 1 1 1 0 0 0 0 1 1 2 2 2 1 2
0 4 1 0 1 2
0 51 0 1 1 0 1 1 1 2 1 1 1 1 1 1 1 1 1 1 1 1 0 0 1 0 0 0 2 1 0 2 0 1 1 1 1 2 0 0 0 0 1 1 1 0 1 1 0 0 0 0 0
0 44 2 2 1 1 0 1 1 2 2 2 1 2 2 2 1 1 2 0 0 0 0 0 1 1 2 2 1 2 2 2 0 0 2 1 0 2 0 1 1 1 1 0 0 2
0 15 1 2 2 2 1 1 2 2 1 1 2 2 1 0 2
0 12 1 0 1 0 0 1 1 1 0 1 0 0
0 73 1 0 1 0 0 1 1 1 0 1 0 0 0 1 0 0 1 0 1 0 2 1 1 2 1 1 0 1 0 2 0 1 2 0 1 1 1 0 0 0 0 1 1 2 2 2 1 2 2 2 1 2 2 0 0 1 2 2 2 1 0 0 1 0 0 2 1 0 0 1 1 0 2
0 25 2 2 1 2 2 0 2 1 1 2 1 1 2 1 1 0 2 1 1 1 0 2 0 0 2
0 9 2 2 2 2 2 2 2 1 2
0 24 2 2 1 2 2 0 2 1 1 2 1 1 2 1 1 0 2 1 1 1 0 2 0 0
0 43 1 1 2 0 1 2 2 0 0 0 2 2 2 2 2 2 2 2 1 0 1 1 2 2 1 0 1 1 1 2 1 1 1 1 1 2 1 1 1 1 1 0 0
0 13 0 1 1 0 1 2 1 0 0 0 1 1 2
0 3 0 1 0
0 26 1 1 2 2 1 0 1 1 0 1 1 1 1 1 1 2 1 1 1 0 0 0 2 0 1 2
0 58 1 0 1 2 2 2 2 1 0 1 1 2 2 1 2 2 0 0 0 1 2 2 2 2 2 2 2 2 2 2 0 0 0 0 1 1 2 1 0 1 1 0 2 1 1 2 1 1 2 1 1 1 0 2 0 1 1 2
0 41 0 1 1 1 1 1 1 2 1 1 0 1 1 1 0 2 1 1 0 0 1 1 1 1 1 1 1 1 1 1 0 2 0 1 2 0 1 1 0 1 2
0 49 0 1 1 0 1 1 1 2 1 1 1 1 1 1 1 1 1 1 1 1 0 0 1 0 0 0 2 1 0 2 0 1 1 1 1 2 0 0 0 0 1 1 1 0 1 1 0 0 0
0 31 1 0 1 1 0 1 1 1 2 1 1 1 1 1 2 1 1 0 1 1 1 1 1 1 0 1 1 1 1 0 2
0 26 0 1 0 0 1 1 1 2 1 1 0 1 1 1 1 1 1 0 2 1 1 0 2 1 1 2
0 56 2 2 2 2 2 2 2 2 2 2 2 2 1 0 1 2 2 2 2 2 2 1 1 0 1 1 0 2 1 1 0 2 1 1 1 1 1 1 1 1 0 1 0 2 0 1 1 1 0 2 0 1 1 0 2 0
0 32 1 0 1 1 0 1 1 1 2 1 1 1 1 1 2 1 1 0 1 1 1 1 1 1 0 1 1 1 1 0 2 0
0 2 1 2
0 23 1 1 2 0 2 2 2 0 1 2 2 0 0 0 0 0 1 2 2 0 0 1 2
0 21 1 0 1 0 0 1 1 1 0 1 0 0 0 1 0 0 1 0 1 0 2
0 38 2 2 1 1 1 2 2 2 2 2 2 2 2 2 0 0 0 0 2 2 2 2 1 0 2 2 1 1 2 2 1 1 2 0 0 0 1 2
0 49 1 0 1 2 2 2 2 1 0 1 1 2 2 1 2 2 0 0 0 1 2 2 2 2 2 2 2 2 2 2 0 0 0 0 1 1 2 1 0 1 1 0 2 1 1 2 1 1 2
0 62 1 0 1 0 0 1 1 1 0 1 0 0 0 1 0 0 1 0 1 0 2 1 1 2 1 1 0 1 0 2 0 1 2 0 1 1 1 0 0 0 0 1 1 2 2 2 1 2 2 2 1 2 2 0 0 1 2 2 2 1 0 0
0 16 2 2 2 2 2 2 2 2 2 2 2 2 1 0 1 2
0 16 0 1 1 1 1 1 1 2 1 1 0 1 1 1 0 2
0 49 0 0 2 2 0 1 2 2 0 0 1 1 0 2 1 1 1 1 1 2 1 1 0 0 2 1 1 2 1 1 2 1 1 1 1 1 1 1 1 0 1 1 1 2 1 1 1 0 0
0 6 0 1 1 0 1 2
0 28 2 2 2 2 2 2 2 2 2 2 2 2 1 0 1 2 2 2 2 2 2 1 1 0 1 1 0 2
0 90 1 1 2 2 1 0 1 1 0 1 1 1 1 1 1 2 1 1 1 0 0 0 2 0 1 2 0 1 0 1 1 1 2 0 0 1 0 1 1 1 1 1 1 2 1 1 1 1 1 2 1 1 0 1 1 1 1 1 1 0 1 1 1 1 0 2 0 1 1 1 2 0 1 2 0 1 1 2 0 1 1 1 1 0 1 1 2 2 1 2
0 4 1 0 2 0
0 31 2 2 1 2 2 0 2 1 1 2 1 1 2 1 1 0 2 1 1 1 0 2 0 0 2 0 1 1 1 0 0
0 28 2 2 1 1 0 1 1 2 2 2 1 2 2 2 1 1 2 0 0 0 0 0 1 1 2 2 1 2
0 25 0 0 2 2 0 1 2 2 0 0 1 1 0 2 1 1 1 1 1 2 1 1 0 0 2
0 15 0 1 0 1 0 1 1 0 0 0 2 1 0 2 0
0 5 0 0 0 0 2
0 64 0 1 1 1 1 1 1 2 1 1 0 1 1 1 0 2 1 1 0 0 1 1 1 1 1 1 1 1 1 1 0 2 0 1 2 0 1 1 0 1 2 2 2 2 2 2 2 2 2 2 2 2 0 0 2 1 1 2 1 1 1 0 2 0
0 27 0 0 1 1 1 0 2 1 1 0 2 1 1 0 2 1 1 1 0 0 0 0 0 1 1 0 2
0 6 1 1 2 0 1 2
0 64 2 2 2 2 2 2 2 2 2 2 2 2 1 0 1 2 2 2 2 2 2 1 1 0 1 1 0 2 1 1 0 2 1 1 1 1 1 1 1 1 0 1 0 2 0 1 1 1 0 2 0 1 1 0 2 0 1 0 1 1 1 2 1 2
0 9 1 2 2 2 2 0 0 1 0
0 19 1 0 2 0 1 1 0 0 1 1 2 2 2 1 2 2 2 1 2
0 11 0 1 0 1 0 1 1 0 0 0 2
0 11 1 1 2 0 1 2 2 0 0 0 2
0 10 0 1 2 1 0 2 0 1 1 2
0 22 0 0 1 1 1 0 2 1 1 0 2 1 1 0 2 1 1 1 0 0 0 0
0 15 1 0 1 0 2 2 1 1 2 2 0 0 0 0 2
0 67 1 1 2 2 1 0 1 1 0 1 1 1 1 1 1 2 1 1 1 0 0 0 2 0 1 2 0 1 0 1 1 1 2 0 0 1 0 1 1 1 1 1 1 2 1 1 1 1 1 2 1 1 0 1 1 1 1 1 1 0 1 1 1 1 0 2 0
0 10 0 0 2 2 0 1 2 2 0 0
0 55 0 0 2 2 0 1 2 2 0 0 1 1 0 2 1 1 1 1 1 2 1 1 0 0 2 1 1 2 1 1 2 1 1 1 1 1 1 1 1 0 1 1 1 2 1 1 1 0 0 0 0 0 0 1 2
0 17 0 1 0 1 0 1 1 0 0 0 2 1 0 2 0 0 0
0 13 0 1 0 1 0 1 1 0 0 0 2 1 0
0 50 2 2 2 2 2 2 2 2 2 2 2 2 1 0 1 2 2 2 2 2 2 1 1 0 1 1 0 2 1 1 0 2 1 1 1 1 1 1 1 1 0 1 0 2 0 1 1 1 0 2
0 44 1 1 2 0 1 2 2 0 0 0 2 2 2 2 2 2 2 2 1 0 1 1 2 2 1 0 1 1 1 2 1 1 1 1 1 2 1 1 1 1 1 0 0 2
0 9 0 0 2 2 0 1 2 2 0
0 7 1 2 2 2 2 0 0
0 21 0 0 1 1 1 0 2 1 1 0 2 1 1 0 2 1 1 1 0 0 0
0 16 1 1 1 0 1 0 2 1 1 1 1 1 1 0 0 0
0 8 1 0 2 0 1 1 0 0
0 3 0 0 0
0 46 1 0 1 1 0 1 1 1 2 1 1 1 1 1 2 1 1 0 1 1 1 1 1 1 0 1 1 1 1 0 2 0 1 2 0 1 1 1 1 1 0 0 0 0 1 2
0 32 1 2 2 2 1 1 2 2 1 2 2 2 2 2 2 1 2 2 2 1 2 2 2 2 2 2 0 0 0 0 0 2
0 38 1 0 1 0 2 2 1 1 2 2 0 0 0 0 2 1 1 1 1 1 0 1 1 1 2 1 1 1 1 1 1 1 1 0 2 1 1 2
0 22 1 1 2 2 1 0 1 1 0 1 1 1 1 1 1 2 1 1 1 0 0 0
0 29 0 1 1 0 1 1 1 2 1 1 1 1 1 1 1 1 1 1 1 1 0 0 1 0 0 0 2 1 0
0 6 1 0 2 1 0 2
0 46 1 0 1 0 2 2 1 1 2 2 0 0 0 0 2 1 1 1 1 1 0 1 1 1 2 1 1 1 1 1 1 1 1 0 2 1 1 2 1 1 1 1 1 1 0 2
0 74 0 1 1 0 1 2 1 0 0 0 1 1 2 2 0 0 0 2 2 0 1 0 0 2 1 1 2 1 1 2 1 1 2 1 1 1 1 1 0 1 1 1 1 1 1 2 1 1 0 2 1 1 2 1 1 1 1 1 0 2 1 1 1 1 1 2 1 1 1 0 2 0 1 0
0 57 1 0 1 0 0 1 1 1 0 1 0 0 0 1 0 0 1 0 1 0 2 1 1 2 1 1 0 1 0 2 0 1 2 0 1 1 1 0 0 0 0 1 1 2 2 2 1 2 2 2 1 2 2 0 0 1 2
0 39 1 0 1 0 0 1 1 1 0 1 0 0 0 1 0 0 1 0 1 0 2 1 1 2 1 1 0 1 0 2 0 1 2 0 1 1 1 0 0
0 5 0 1 2 1 0
0 5 1 2 2 1 2
0 27 1 1 2 2 1 0 1 1 0 1 1 1 1 1 1 2 1 1 1 0 0 0 2 0 1 2 0
0 51 0 0 2 2 0 1 2 2 0 0 1 1 0 2 1 1 1 1 1 2 1 1 0 0 2 1 1 2 1 1 2 1 1 1 1 1 1 1 1 0 1 1 1 2 1 1 1 0 0 0 0
0 32 0 0 0 0 2 1 1 1 1 1 2 1 1 0 1 1 1 0 2 1 1 2 1 1 1 0 0 0 1 1 0 0
0 50 0 1 1 0 1 2 1 0 0 0 1 1 2 2 0 0 0 2 2 0 1 0 0 2 1 1 2 1 1 2 1 1 2 1 1 1 1 1 0 1 1 1 1 1 1 2 1 1 0 2
0 8 0 1 1 1 0 0 0 2
0 23 2 2 1 2 2 0 2 1 1 2 1 1 2 1 1 0 2 1 1 1 0 2 0
0 8 0 1 1 0 1 2 1 0
0 62 0 1 2 1 0 2 0 1 1 2 0 0 1 0 1 0 0 1 1 1 1 1 1 2 1 1 1 1 1 2 1 1 0 2 1 1 1 1 1 2 1 1 1 1 1 1 1 1 0 1 1 1 1 1 1 2 1 1 1 0 0 0
0 24 1 2 2 0 0 0 0 0 1 0 1 1 1 2 2 2 2 2 2 0 0 0 0 2
0 55 0 0 0 0 2 1 1 1 1 1 2 1 1 0 1 1 1 0 2 1 1 2 1 1 1 0 0 0 1 1 0 0 1 0 1 1 1 0 2 1 1 1 1 1 1 1 1 0 2 1 1 1 0 2 0
0 3 1 0 2
0 33 1 0 1 0 0 1 1 1 0 1 0 0 0 1 0 0 1 0 1 0 2 1 1 2 1 1 0 1 0 2 0 1 2
0 75 1 1 2 2 1 0 1 1 0 1 1 1 1 1 1 2 1 1 1 0 0 0 2 0 1 2 0 1 0 1 1 1 2 0 0 1 0 1 1 1 1 1 1 2 1 1 1 1 1 2 1 1 0 1 1 1 1 1 1 0 1 1 1 1 0 2 0 1 1 1 2 0 1 2 0
0 42 1 1 2 0 2 2 2 0 1 2 2 0 0 0 0 0 1 2 2 0 0 1 2 2 0 0 0 0 2 2 2 2 2 2 0 0 0 0 1 2 1 0
0 40 1 1 2 0 2 2 2 0 1 2 2 0 0 0 0 0 1 2 2 0 0 1 2 2 0 0 0 0 2 2 2 2 2 2 0 0 0 0 1 2
0 66 1 0 1 0 0 1 1 1 0 1 0 0 0 1 0 0 1 0 1 0 2 1 1 2 1 1 0 1 0 2 0 1 2 0 1 1 1 0 0 0 0 1 1 2 2 2 1 2 2 2 1 2 2 0 0 1 2 2 2 1 0 0 1 0 0 2
0 17 0 1 2 1 0 2 0 1 1 2 0 0 1 0 1 0 0
0 31 1 0 1 0 0 1 1 1 0 1 0 0 0 1 0 0 1 0 1 0 2 1 1 2 1 1 0 1 0 2 0
0 20 1 0 1 0 0 1 1 1 0 1 0 0 0 1 0 0 1 0 1 0
0 46 1 1 2 0 2 2 2 0 1 2 2 0 0 0 0 0 1 2 2 0 0 1 2 2 0 0 0 0 2 2 2 2 2 2 0 0 0 0 1 2 1 0 2 0 1 2
0 49 0 0 0 0 2 1 1 1 1 1 2 1 1 0 1 1 1 0 2 1 1 2 1 1 1 0 0 0 1 1 0 0 1 0 1 1 1 0 2 1 1 1 1 1 1 1 1 0 2
0 44 0 1 0 0 1 1 1 2 1 1 0 1 1 1 1 1 1 0 2 1 1 0 2 1 1 2 1 1 2 1 1 1 0 0 0 1 1 0 1 2 1 0 2 0
0 30 1 0 1 0 0 1 1 1 0 1 0 0 0 1 0 0 1 0 1 0 2 1 1 2 1 1 0 1 0 2
0 27 0 1 1 0 1 2 1 0 0 0 1 1 2 2 0 0 0 2 2 0 1 0 0 2 1 1 2
0 75 1 2 2 2 2 0 0 1 0 0 1 1 1 1 1 1 2 1 1 1 1 1 1 1 1 0 1 1 1 2 1 1 2 1 1 0 1 1 1 1 1 1 2 1 1 2 1 1 2 1 1 0 2 1 1 1 1 1 2 1 1 2 1 1 0 2 1 1 1 1 1 1 0 0 0
0 42 1 0 1 1 0 1 1 1 2 1 1 1 1 1 2 1 1 0 1 1 1 1 1 1 0 1 1 1 1 0 2 0 1 2 0 1 1 1 1 1 0 0
0 35 0 1 0 0 1 1 1 2 1 1 0 1 1 1 1 1 1 0 2 1 1 0 2 1 1 2 1 1 2 1 1 1 0 0 0
0 8 2 2 1 1 0 0 1 2
0 34 0 1 0 0 1 1 1 2 1 1 0 1 1 1 1 1 1 0 2 1 1 0 2 1 1 2 1 1 2 1 1 1 0 0
0 11 1 0 2 0 1 1 0 0 1 1 2
0 5 0 0 2 2 0
0 53 1 2 2 2 2 0 0 1 0 0 1 1 1 1 1 1 2 1 1 1 1 1 1 1 1 0 1 1 1 2 1 1 2 1 1 0 1 1 1 1 1 1 2 1 1 2 1 1 2 1 1 0 2
0 5 1 1 2 0 2
0 18 0 1 1 0 1 2 1 0 0 0 1 1 2 2 0 0 0 2
0 11 0 0 1 1 1 0 2 1 1 0 2
0 14 1 0 2 2 2 2 1 1 0 1 1 0 1 2
0 31 0 1 1 0 1 1 1 2 1 1 1 1 1 1 1 1 1 1 1 1 0 0 1 0 0 0 2 1 0 2 0
0 7 1 1 1 0 1 0 2
0 27 0 0 0 0 2 1 1 1 1 1 2 1 1 0 1 1 1 0 2 1 1 2 1 1 1 0 0
0 23 1 1 2 2 1 0 1 1 0 1 1 1 1 1 1 2 1 1 1 0 0 0 2
0 35 1 1 0 0 1 1 1 2 1 1 2 1 1 2 1 1 0 2 1 1 1 1 1 1 1 1 0 1 1 1 1 0 0 2 0
0 35 0 1 1 1 1 1 1 2 1 1 0 1 1 1 0 2 1 1 0 0 1 1 1 1 1 1 1 1 1 1 0 2 0 1 2
0 5 1 0 1 0 0
0 55 0 1 1 1 1 1 1 2 1 1 0 1 1 1 0 2 1 1 0 0 1 1 1 1 1 1 1 1 1 1 0 2 0 1 2 0 1 1 0 1 2 2 2 2 2 2 2 2 2 2 2 2 0 0 2
0 66 1 1 2 2 1 0 1 1 0 1 1 1 1 1 1 2 1 1 1 0 0 0 2 0 1 2 0 1 0 1 1 1 2 0 0 1 0 1 1 1 1 1 1 2 1 1 1 1 1 2 1 1 0 1 1 1 1 1 1 0 1 1 1 1 0 2
0 8 2 2 2 2 1 0 1 2
0 25 0 1 1 0 1 1 1 2 1 1 1 1 1 1 1 1 1 1 1 1 0 0 1 0 0
0 46 0 1 0 0 1 1 1 2 1 1 0 1 1 1 1 1 1 0 2 1 1 0 2 1 1 2 1 1 2 1 1 1 0 0 0 1 1 0 1 2 1 0 2 0 0 0
0 30 0 0 1 1 1 0 2 1 1 0 2 1 1 0 2 1 1 1 0 0 0 0 0 1 1 0 2 1 1 2
0 73 0 1 1 1 1 1 1 2 1 1 0 1 1 1 0 2 1 1 0 0 1 1 1 1 1 1 1 1 1 1 0 2 0 1 2 0 1 1 0 1 2 2 2 2 2 2 2 2 2 2 2 2 0 0 2 1 1 2 1 1 1 0 2 0 1 1 1 1 1 0 0 2 0
0 21 1 0 1 2 2 2 2 1 0 1 1 2 2 1 2 2 0 0 0 1 2
0 55 0 0 0 1 1 1 1 1 1 2 1 1 1 1 1 2 1 1 0 1 1 1 0 1 1 1 1 1 1 2 1 1 1 1 1 2 1 1 0 1 1 1 2 1 1 1 1 1 1 0 0 0 1 1 2
0 5 0 1 0 1 0
0 10 1 2 2 2 2 0 0 1 0 0
0 12 2 2 1 1 0 0 1 2 1 0 2 0
0 75 0 1 1 0 1 2 1 0 0 0 1 1 2 2 0 0 0 2 2 0 1 0 0 2 1 1 2 1 1 2 1 1 2 1 1 1 1 1 0 1 1 1 1 1 1 2 1 1 0 2 1 1 2 1 1 1 1 1 0 2 1 1 1 1 1 2 1 1 1 0 2 0 1 0 0
0 47 1 1 2 0 2 2 2 0 1 2 2 0 0 0 0 0 1 2 2 0 0 1 2 2 0 0 0 0 2 2 2 2 2 2 0 0 0 0 1 2 1 0 2 0 1 2 0
0 16 0 1 2 1 0 2 0 1 1 2 0 0 1 0 1 0
0 24 1 0 1 0 0 1 1 1 0 1 0 0 0 1 0 0 1 0 1 0 2 1 1 2
0 7 0 0 2 2 0 1 2
0 59 1 0 1 2 2 2 2 1 0 1 1 2 2 1 2 2 0 0 0 1 2 2 2 2 2 2 2 2 2 2 0 0 0 0 1 1 2 1 0 1 1 0 2 1 1 2 1 1 2 1 1 1 0 2 0 1 1 2 0
0 19 2 2 1 1 1 2 2 2 2 2 2 2 2 2 0 0 0 0 2
0 26 0 1 1 0 1 1 1 2 1 1 1 1 1 1 1 1 1 1 1 1 0 0 1 0 0 0
0 54 1 0 1 2 2 2 2 1 0 1 1 2 2 1 2 2 0 0 0 1 2 2 2 2 2 2 2 2 2 2 0 0 0 0 1 1 2 1 0 1 1 0 2 1 1 2 1 1 2 1 1 1 0 2
0 29 2 2 2 2 2 2 2 1 2 2 2 1 1 2 0 0 1 2 2 0 0 0 0 0 2 1 0 0 0
0 32 0 1 1 1 1 1 1 2 1 1 0 1 1 1 0 2 1 1 0 0 1 1 1 1 1 1 1 1 1 1 0 2
0 10 1 1 1 0 1 2 1 0 2 0
0 19 0 1 0 0 1 1 1 2 1 1 0 1 1 1 1 1 1 0 2
0 65 1 0 1 0 0 1 1 1 0 1 0 0 0 1 0 0 1 0 1 0 2 1 1 2 1 1 0 1 0 2 0 1 2 0 1 1 1 0 0 0 0 1 1 2 2 2 1 2 2 2 1 2 2 0 0 1 2 2 2 1 0 0 1 0 0
0 15 0 0 1 1 1 0 2 1 1 0 2 1 1 0 2
0 6 0 1 2 1 0 2
0 42 0 1 0 0 1 1 1 2 1 1 0 1 1 1 1 1 1 0 2 1 1 0 2 1 1 2 1 1 2 1 1 1 0 0 0 1 1 0 1 2 1 0
0 33 0 1 1 1 1 1 1 2 1 1 0 1 1 1 0 2 1 1 0 0 1 1 1 1 1 1 1 1 1 1 0 2 0
0 10 0 1 0 1 0 1 1 0 0 0
0 45 2 2 1 1 0 1 1 2 2 2 1 2 2 2 1 1 2 0 0 0 0 0 1 1 2 2 1 2 2 2 0 0 2 1 0 2 0 1 1 1 1 0 0 2 0
0 36 0 1 1 1 1 1 1 2 1 1 0 1 1 1 0 2 1 1 0 0 1 1 1 1 1 1 1 1 1 1 0 2 0 1 2 0
0 14 0 0 2 2 0 1 2 2 0 0 1 1 0 2
0 60 0 1 1 0 1 2 1 0 0 0 1 1 2 2 0 0 0 2 2 0 1 0 0 2 1 1 2 1 1 2 1 1 2 1 1 1 1 1 0 1 1 1 1 1 1 2 1 1 0 2 1 1 2 1 1 1 1 1 0 2
0 44 1 1 2 0 2 2 2 0 1 2 2 0 0 0 0 0 1 2 2 0 0 1 2 2 0 0 0 0 2 2 2 2 2 2 0 0 0 0 1 2 1 0 2 0
0 22 0 0 0 0 2 1 1 1 1 1 2 1 1 0 1 1 1 0 2 1 1 2
0 18 1 1 0 0 1 1 1 2 1 1 2 1 1 2 1 1 0 2
0 6 1 1 1 0 1 2
0 24 0 1 1 0 1 2 1 0 0 0 1 1 2 2 0 0 0 2 2 0 1 0 0 2
0 50 1 0 1 0 2 2 1 1 2 2 0 0 0 0 2 1 1 1 1 1 0 1 1 1 2 1 1 1 1 1 1 1 1 0 2 1 1 2 1 1 1 1 1 1 0 2 0 0 0 0
0 74 1 2 2 2 2 0 0 1 0 0 1 1 1 1 1 1 2 1 1 1 1 1 1 1 1 0 1 1 1 2 1 1 2 1 1 0 1 1 1 1 1 1 2 1 1 2 1 1 2 1 1 0 2 1 1 1 1 1 2 1 1 2 1 1 0 2 1 1 1 1 1 1 0 0
0 44 2 2 2 2 1 1 1 0 1 1 1 2 1 1 0 1 1 1 2 1 1 1 1 1 0 1 1 1 1 1 1 2 1 1 2 1 1 2 1 1 0 1 0 0
0 68 0 0 2 2 0 1 2 2 0 0 1 1 0 2 1 1 1 1 1 2 1 1 0 0 2 1 1 2 1 1 2 1 1 1 1 1 1 1 1 0 1 1 1 2 1 1 1 0 0 0 0 0 0 1 2 2 1 0 1 1 2 2 1 0 0 0 1 0
0 3 0 1 2
0 34 1 0 1 0 0 1 1 1 0 1 0 0 0 1 0 0 1 0 1 0 2 1 1 2 1 1 0 1 0 2 0 1 2 0
0 57 0 0 0 0 2 1 1 1 1 1 2 1 1 0 1 1 1 0 2 1 1 2 1 1 1 0 0 0 1 1 0 0 1 0 1 1 1 0 2 1 1 1 1 1 1 1 1 0 2 1 1 1 0 2 0 2 0
0 6 2 2 1 1 0 0
0 75 2 2 2 2 2 2 2 2 2 2 2 2 1 0 1 2 2 2 2 2 2 1 1 0 1 1 0 2 1 1 0 2 1 1 1 1 1 1 1 1 0 1 0 2 0 1 1 1 0 2 0 1 1 0 2 0 1 0 1 1 1 2 1 2 2 0 0 0 0 0 1 1 2 1 2
0 29 1 1 2 2 1 0 1 1 0 1 1 1 1 1 1 2 1 1 1 0 0 0 2 0 1 2 0 1 0
0 16 1 0 1 0 0 1 1 1 0 1 0 0 0 1 0 0
0 43 0 1 0 0 1 1 1 2 1 1 0 1 1 1 1 1 1 0 2 1 1 0 2 1 1 2 1 1 2 1 1 1 0 0 0 1 1 0 1 2 1 0 2
0 36 2 2 1 1 0 1 1 2 2 2 1 2 2 2 1 1 2 0 0 0 0 0 1 1 2 2 1 2 2 2 0 0 2 1 0 2
0 14 0 1 2 1 0 2 0 1 1 2 0 0 1 0
0 53 0 0 2 2 0 1 2 2 0 0 1 1 0 2 1 1 1 1 1 2 1 1 0 0 2 1 1 2 1 1 2 1 1 1 1 1 1 1 1 0 1 1 1 2 1 1 1 0 0 0 0 0 0
0 21 1 2 2 2 1 1 2 2 1 2 2 2 2 2 2 1 2 2 2 1 2
0 39 0 0 0 0 2 1 1 1 1 1 2 1 1 0 1 1 1 0 2 1 1 2 1 1 1 0 0 0 1 1 0 0 1 0 1 1 1 0 2
0 10 2 2 1 1 0 0 1 2 1 0
0 14 2 2 1 1 0 1 0 1 2 2 1 0 1 2
0 47 0 1 0 0 1 1 1 2 1 1 0 1 1 1 1 1 1 0 2 1 1 0 2 1 1 2 1 1 2 1 1 1 0 0 0 1 1 0 1 2 1 0 2 0 0 0 0
0 4 0 0 0 0
0 29 1 1 2 0 2 2 2 0 1 2 2 0 0 0 0 0 1 2 2 0 0 1 2 2 0 0 0 0 2
0 18 2 2 1 1 0 0 1 2 1 0 2 0 1 1 1 1 0 0
0 4 0 0 2 2
0 20 0 1 1 0 1 2 1 0 0 0 1 1 2 2 0 0 0 2 2 0
0 31 2 2 2 2 2 2 2 1 2 2 2 1 1 2 0 0 1 2 2 0 0 0 0 0 2 1 0 0 0 1 2
0 24 0 1 1 0 1 1 1 2 1 1 1 1 1 1 1 1 1 1 1 1 0 0 1 0
0 8 1 1 1 0 1 2 1 0
0 33 0 1 1 0 1 2 1 0 0 0 1 1 2 2 0 0 0 2 2 0 1 0 0 2 1 1 2 1 1 2 1 1 2
0 43 1 0 1 1 0 1 1 1 2 1 1 1 1 1 2 1 1 0 1 1 1 1 1 1 0 1 1 1 1 0 2 0 1 2 0 1 1 1 1 1 0 0 0
0 33 1 1 0 0 1 1 1 2 1 1 2 1 1 2 1 1 0 2 1 1 1 1 1 1 1 1 0 1 1 1 1 0 0
0 14 0 1 0 1 0 1 1 0 0 0 2 1 0 2
0 4 0 1 0 0
0 20 0 0 1 1 1 0 2 1 1 0 2 1 1 0 2 1 1 1 0 0
0 34 0 0 0 0 2 1 1 1 1 1 2 1 1 0 1 1 1 0 2 1 1 2 1 1 1 0 0 0 1 1 0 0 1 0
0 15 1 1 1 0 1 0 2 1 1 1 1 1 1 0 0
0 46 1 0 1 2 2 2 2 1 0 1 1 2 2 1 2 2 0 0 0 1 2 2 2 2 2 2 2 2 2 2 0 0 0 0 1 1 2 1 0 1 1 0 2 1 1 2
0 44 1 0 1 0 0 1 1 1 0 1 0 0 0 1 0 0 1 0 1 0 2 1 1 2 1 1 0 1 0 2 0 1 2 0 1 1 1 0 0 0 0 1 1 2
0 40 0 1 0 0 1 1 1 2 1 1 0 1 1 1 1 1 1 0 2 1 1 0 2 1 1 2 1 1 2 1 1 1 0 0 0 1 1 0 1 2
0 30 0 1 0 1 0 1 1 0 0 0 2 1 0 2 0 0 0 2 0 1 1 0 1 1 1 0 1 1 0 2
0 17 2 2 1 2 2 0 2 1 1 2 1 1 2 1 1 0 2
0 30 0 1 1 0 1 1 1 2 1 1 1 1 1 1 1 1 1 1 1 1 0 0 1 0 0 0 2 1 0 2
0 25 2 2 2 2 2 2 2 1 2 2 2 1 1 2 0 0 1 2 2 0 0 0 0 0 2
0 12 0 1 2 1 0 2 0 1 1 2 0 0
0 64 1 0 1 0 0 1 1 1 0 1 0 0 0 1 0 0 1 0 1 0 2 1 1 2 1 1 0 1 0 2 0 1 2 0 1 1 1 0 0 0 0 1 1 2 2 2 1 2 2 2 1 2 2 0 0 1 2 2 2 1 0 0 1 0
0 23 0 0 1 1 1 0 2 1 1 0 2 1 1 0 2 1 1 1 0 0 0 0 0
0 6 2 2 2 2 1 2
0 1 0
0 6 1 2 2 2 1 2
0 20 1 2 2 2 1 1 2 2 1 1 2 2 1 0 2 2 1 0 1 2
0 27 0 1 1 0 1 1 1 2 1 1 1 1 1 1 1 1 1 1 1 1 0 0 1 0 0 0 2
0 60 1 0 1 2 2 2 2 1 0 1 1 2 2 1 2 2 0 0 0 1 2 2 2 2 2 2 2 2 2 2 0 0 0 0 1 1 2 1 0 1 1 0 2 1 1 2 1 1 2 1 1 1 0 2 0 1 1 2 0 0
