435 3
1 0 
1 59 2 1 2 2 2 2 2 1 2 0 2 2 2 2 1 2 1 2 1 2 0 0 2 0 2 2 1 2 0 2 2 0 2 2 2 2 2 2 2 2 2 2 2 2 2 2 2 2 2 2 0 2 1 2 2 2 2 0 2
1 79 2 2 2 2 2 2 2 2 1 2 2 1 2 1 2 1 2 2 0 2 0 2 2 1 2 0 2 2 1 2 1 2 2 2 2 1 2 0 1 2 0 2 1 2 0 2 2 2 0 2 0 2 1 2 2 1 2 0 1 2 0 1 2 0 2 1 2 2 2 2 1 2 1 2 2 2 2 2 2
1 72 1 2 0 1 2 0 2 2 2 2 2 2 2 2 2 2 2 2 2 2 2 2 2 2 2 2 2 2 2 2 2 2 2 2 2 2 2 1 2 0 2 2 0 2 0 2 1 0 2 2 1 1 2 1 2 1 2 1 2 1 2 2 2 2 2 2 2 1 2 2 0 2
1 39 0 2 2 2 2 1 0 2 2 1 1 2 2 2 0 2 2 0 1 2 2 1 1 1 1 0 2 1 0 2 0 2 2 2 2 2 2 0 2
1 66 0 2 2 1 1 1 1 2 0 2 2 0 2 2 0 2 2 0 2 2 0 2 2 0 2 2 1 0 0 2 1 0 0 2 2 0 0 1 2 1 2 0 2 1 2 2 0 2 2 1 1 2 2 1 2 1 1 0 2 2 1 0 2 2 2 2
1 48 2 2 2 2 1 2 0 1 2 0 1 2 0 1 2 0 2 2 1 2 1 2 2 1 0 2 2 1 2 0 2 2 0 2 1 2 2 2 2 1 2 1 2 1 2 0 2 0
1 17 0 0 0 1 0 1 1 2 2 1 1 1 1 2 2 2 1
1 1 0
1 16 0 0 2 2 1 1 1 0 0 1 1 1 1 0 2 2
1 106 1 2 0 1 2 0 1 2 0 1 2 0 1 2 0 2 2 2 2 2 2 2 2 2 2 2 2 2 2 2 0 2 2 2 2 1 2 2 2 1 2 1 2 1 2 2 2 2 2 2 1 2 0 2 2 2 2 2 2 1 2 2 1 2 0 2 0 2 1 2 0 2 2 2 2 2 2 2 2 2 2 2 2 2 2 2 2 2 2 2 2 2 2 2 2 2 0 2 1 2 2 1 2 1 0 2
1 18 0 1 0 0 1 0 1 1 1 1 1 2 1 1 1 2 2 1
1 10 2 1 2 2 0 2 2 2 2 2
1 37 2 1 2 2 2 2 2 2 2 2 2 2 2 1 2 0 2 2 1 2 1 2 0 2 2 1 2 0 2 2 0 2 1 2 0 2 2
1 69 1 2 0 1 2 0 1 2 0 2 2 2 2 1 2 0 2 1 2 2 2 0 2 0 2 2 2 2 2 2 2 2 2 2 2 2 2 2 2 2 0 2 0 2 2 0 2 1 2 2 1 2 2 2 2 2 2 2 2 2 2 2 2 2 2 2 2 2 2
1 24 2 1 2 2 2 1 2 0 2 1 2 1 2 0 2 1 2 1 2 2 2 2 2 2
1 76 2 2 2 1 2 2 2 2 2 2 2 1 2 2 2 1 2 1 2 2 2 2 2 2 2 2 2 2 2 2 2 2 1 2 0 1 2 0 1 2 0 2 2 2 2 2 1 2 1 2 2 2 1 2 2 2 2 2 2 2 1 2 1 2 1 2 2 0 2 2 2 2 2 2 2 2
1 48 2 2 2 2 2 1 2 2 0 2 1 2 0 1 2 1 2 1 2 1 2 2 2 2 1 2 0 1 2 0 1 2 0 1 2 0 1 2 0 2 2 2 2 2 2 2 2 2
1 37 1 2 0 2 2 2 2 2 2 2 2 2 2 2 2 2 2 2 2 1 2 1 2 1 2 0 2 2 2 2 2 2 1 2 2 2 2
1 34 1 2 0 1 2 0 1 2 0 2 2 2 2 2 2 2 2 2 2 2 2 2 2 2 1 2 1 2 1 2 1 2 2 2
1 6 0 2 1 1 1 1
1 15 0 2 1 2 2 1 1 2 1 2 0 2 2 2 2
1 14 0 2 2 1 2 2 1 1 1 1 2 2 1 1
1 79 2 1 2 0 2 1 2 0 2 1 2 0 2 1 2 1 2 2 1 0 2 2 2 2 0 2 2 1 2 2 2 2 2 2 2 2 2 2 1 1 2 1 2 1 2 1 2 1 2 2 0 2 2 2 0 2 2 1 2 0 1 2 0 1 2 0 2 2 2 2 2 2 2 2 2 1 2 2 1
1 2 0 1
1 5 0 2 2 1 1
1 104 1 2 0 1 2 0 1 2 0 1 2 0 2 2 2 2 1 2 0 2 2 2 2 1 2 2 2 2 2 2 2 2 1 2 2 1 2 0 2 1 2 2 2 1 2 2 1 2 1 2 1 2 2 1 2 1 2 2 2 1 2 0 2 2 1 2 2 2 2 2 1 2 0 1 2 0 1 2 0 1 2 0 2 2 2 2 2 2 2 1 2 2 2 1 2 0 2 2 2 2 2 2 2 2
1 67 2 2 2 0 2 0 2 1 2 2 1 2 1 2 1 2 2 2 2 2 2 0 2 2 0 2 1 2 1 2 2 2 2 1 2 0 2 2 1 2 2 0 2 2 1 2 2 2 2 2 2 2 2 2 2 2 2 2 2 2 2 2 2 2 2 2 2
1 65 0 2 2 2 2 2 2 2 2 2 2 2 2 2 2 2 2 0 2 2 2 0 2 2 2 2 2 2 2 1 2 0 1 2 0 1 2 0 2 2 2 2 2 2 2 2 1 2 1 2 1 2 2 2 2 1 2 1 2 2 0 2 2 2 2
1 63 1 2 0 1 2 0 1 2 0 1 2 0 2 2 2 2 0 2 2 2 0 2 2 2 2 2 2 2 2 2 2 2 2 2 2 2 2 2 2 1 2 2 2 2 2 2 2 2 2 2 2 2 2 2 2 2 2 2 2 2 2 2 2
1 27 1 2 0 2 2 2 2 1 2 0 2 1 2 1 2 1 2 0 2 2 2 2 2 2 2 2 2
1 31 0 2 1 0 2 2 0 2 2 0 2 2 0 2 2 2 1 1 1 0 1 1 1 1 1 1 1 1 2 2 1
1 36 0 2 2 0 1 0 2 0 2 0 2 2 2 2 2 2 0 0 2 0 2 2 2 2 1 1 1 1 1 0 1 1 1 1 1 1
1 50 2 1 2 1 2 0 2 2 1 2 1 2 1 2 2 1 2 2 2 1 2 1 2 1 2 2 1 2 1 2 1 2 1 2 0 1 2 0 1 2 0 1 2 0 2 2 0 2 2 2
1 9 0 2 1 1 1 1 1 2 2
1 138 0 1 2 1 2 0 2 2 2 2 2 2 2 2 2 2 0 2 1 2 2 1 2 2 0 2 2 0 2 1 2 0 2 1 2 0 2 1 2 0 2 1 0 2 0 2 2 0 2 2 2 2 2 2 2 2 2 2 2 1 2 2 1 2 2 2 1 2 1 2 1 2 1 2 1 2 2 2 2 2 2 2 2 2 1 2 0 2 0 2 0 2 1 2 2 2 2 2 2 1 2 1 2 2 2 2 2 2 2 2 2 2 2 1 2 0 1 2 0 2 2 2 2 2 2 0 2 1 2 0 2 2 2 2 2 2 2 2
1 3 0 2 2
1 26 0 2 2 1 1 1 2 1 1 1 2 2 1 1 1 1 1 0 2 2 0 2 2 0 2 2
1 146 1 2 0 1 2 0 1 2 0 2 2 2 2 2 2 2 2 2 0 2 1 2 2 1 2 1 2 2 2 2 0 2 0 2 0 2 0 2 0 2 2 2 2 2 2 2 2 2 1 2 0 1 2 0 2 2 2 2 2 2 2 2 2 2 2 2 2 2 2 0 2 0 2 2 1 2 1 2 0 2 1 2 1 2 1 1 2 0 1 2 0 1 2 0 1 2 0 2 2 2 2 1 2 2 2 1 2 1 2 2 2 1 2 1 2 1 2 1 2 1 2 2 2 1 2 1 2 0 2 2 2 1 2 0 1 2 0 1 2 0 1 2 0 2 2 2
1 11 0 2 2 1 1 2 2 1 1 2 2
1 129 1 2 0 1 2 0 1 2 0 1 2 0 1 2 0 2 2 2 2 2 2 2 2 2 2 2 2 2 2 2 2 1 2 0 1 2 0 1 2 0 1 2 0 2 2 2 2 2 2 2 2 1 2 2 1 2 1 2 2 0 2 2 2 2 2 2 2 2 2 2 2 2 2 2 2 2 2 0 2 1 2 1 2 0 2 1 2 0 2 1 2 1 2 1 2 2 1 1 2 0 1 2 0 2 2 2 2 2 1 2 1 2 1 2 1 2 2 2 2 2 0 2 1 2 1 2 0 2 1
1 125 0 2 2 1 2 0 0 2 2 2 1 0 1 1 2 0 2 2 1 2 2 2 2 1 1 1 1 1 2 2 2 2 0 2 2 2 2 2 2 0 0 2 1 2 2 2 2 2 1 1 1 2 2 2 0 1 1 2 0 2 1 2 2 2 2 1 1 2 1 1 1 1 2 1 1 2 2 1 0 2 2 2 1 0 2 0 2 2 1 2 1 1 2 2 1 0 2 2 2 0 1 0 2 2 2 1 1 2 1 1 1 2 1 0 2 2 2 1 0 2 2 1 0 0 2
1 7 0 1 1 1 1 1 1
1 21 2 1 2 2 1 2 1 2 0 2 1 2 2 1 2 1 2 2 2 0 1
1 41 0 1 1 1 1 1 0 0 1 1 1 1 1 2 0 2 2 1 1 1 1 2 2 1 2 0 2 0 2 1 1 2 2 0 0 1 1 2 1 2 2
1 48 1 2 0 1 2 0 2 2 1 2 0 1 2 0 1 2 0 2 2 2 2 2 2 0 2 2 0 2 0 2 2 1 2 2 2 2 2 2 2 2 2 2 2 2 2 2 2 2
1 68 0 1 1 2 1 2 1 2 2 2 1 2 2 2 1 2 0 1 2 0 1 2 0 1 2 0 2 2 2 2 0 2 2 2 1 2 0 1 2 0 1 2 0 1 2 0 1 2 0 2 2 2 2 2 2 2 2 2 2 2 2 2 2 1 2 0 2 2
1 23 0 2 1 2 1 1 1 1 1 2 1 1 1 1 0 2 2 2 2 1 1 1 1
1 14 2 2 2 2 2 1 2 2 2 2 2 2 2 2
1 54 0 2 2 0 1 2 1 0 2 0 1 2 1 2 2 2 0 1 1 2 0 2 2 2 2 2 0 2 2 1 2 1 0 0 2 2 2 0 1 1 1 2 2 0 2 2 2 2 2 1 1 1 1 1
1 119 0 1 1 1 1 2 2 2 1 2 1 1 1 2 0 1 2 2 0 1 0 0 0 2 1 2 2 0 1 2 2 2 2 1 2 2 2 0 0 2 1 2 2 1 0 2 0 2 2 2 0 1 2 0 2 2 2 1 1 1 2 2 2 2 2 2 1 1 2 2 2 2 2 0 2 2 2 0 1 1 0 2 1 1 2 1 1 0 1 2 2 2 2 2 1 2 2 2 0 1 2 0 2 2 0 2 2 0 2 1 2 1 2 2 2 0 2 2 2
1 59 0 0 2 2 0 2 2 0 2 2 0 2 2 2 2 2 2 0 1 2 1 1 1 2 1 1 2 1 2 2 1 2 2 0 1 2 2 2 0 1 1 2 2 2 0 2 2 1 0 1 1 2 2 2 2 1 1 1 1
1 22 2 2 2 2 2 2 2 2 2 2 2 2 2 2 2 2 2 2 2 2 2 2
1 10 0 1 1 1 1 2 2 1 1 1
1 57 0 2 2 1 2 1 2 2 0 1 1 0 2 2 1 1 1 2 2 0 0 2 2 2 2 2 1 2 1 2 2 1 2 0 1 2 2 2 2 2 2 2 1 1 1 1 0 0 1 0 0 1 1 2 2 1 1
1 34 2 2 2 2 2 2 2 2 2 2 2 1 0 2 2 2 2 2 2 2 1 2 1 2 2 2 2 2 0 2 0 2 1 2
1 133 0 2 0 1 1 2 2 0 2 2 1 1 2 2 2 1 1 0 0 2 0 2 2 1 1 2 0 1 2 1 2 2 2 2 1 0 1 2 2 1 0 0 0 2 2 2 1 2 2 2 1 2 1 1 1 2 0 0 0 2 1 1 2 2 2 2 2 1 0 1 1 2 1 1 1 0 0 2 2 2 2 1 2 2 2 2 2 2 0 0 0 1 1 2 1 0 1 0 2 1 2 0 1 2 2 2 0 2 2 1 2 2 2 2 1 0 1 1 2 1 1 2 0 2 0 2 2 2 1 1 1 0 2
1 29 0 1 1 1 1 1 2 0 1 2 2 1 2 2 2 0 1 0 2 2 2 2 2 1 1 1 1 1 2
1 8 0 1 1 2 2 1 1 1
1 91 0 2 2 2 1 2 1 0 0 2 2 1 0 1 2 1 2 0 1 2 2 2 2 2 0 2 2 1 1 2 1 2 2 0 2 1 0 2 2 2 2 0 1 0 2 2 1 0 2 1 2 1 0 1 1 0 2 0 0 2 0 2 2 0 2 2 0 2 2 0 2 2 1 1 1 1 1 1 2 2 1 1 1 1 1 1 1 1 1 1 1
1 121 2 2 2 2 2 2 2 2 2 2 0 2 2 0 2 1 2 1 2 0 2 0 2 2 0 2 1 2 0 2 2 1 2 1 2 1 2 1 2 1 2 0 1 1 2 0 1 2 0 1 2 0 1 2 0 1 2 0 2 2 2 2 2 2 2 2 2 2 2 2 2 2 2 2 2 1 2 2 2 1 2 1 2 1 2 1 2 1 2 1 2 1 2 0 2 0 2 1 2 0 0 2 2 1 2 1 2 1 2 2 2 2 0 2 2 2 2 2 2 2 2
1 62 0 2 2 0 0 0 1 1 1 1 1 1 1 1 1 1 2 0 1 1 2 1 2 2 1 2 1 0 0 2 2 1 1 0 2 2 2 0 2 0 1 1 1 0 2 0 0 0 1 0 2 2 2 2 2 1 1 2 1 1 0 2
1 32 0 2 2 2 2 2 2 2 2 1 2 2 2 2 2 2 0 1 2 2 2 2 2 2 2 2 2 2 2 2 2 2
1 78 1 2 0 1 2 0 2 2 2 1 2 1 2 0 2 1 2 1 1 2 1 2 1 2 2 2 2 0 2 2 1 2 1 2 2 1 0 2 1 2 0 1 2 0 2 2 2 2 2 2 2 0 2 1 0 2 2 1 2 2 1 2 1 2 1 2 1 2 1 2 2 2 0 2 0 2 0 2
1 6 0 0 2 2 2 1
1 147 1 2 0 2 2 2 2 2 2 2 2 2 2 2 2 1 2 2 2 0 2 1 2 1 2 1 2 1 2 1 2 2 2 0 2 2 1 2 2 2 2 2 0 2 0 2 2 0 2 0 2 1 2 1 2 0 2 1 2 0 2 1 2 1 2 2 2 2 2 2 2 2 2 2 1 2 2 0 2 1 2 2 2 2 2 2 2 2 2 2 2 2 2 2 2 1 2 1 2 0 2 2 2 2 0 2 2 2 1 2 1 2 2 2 2 1 2 0 2 2 2 0 2 2 2 2 2 1 2 1 2 0 2 1 2 0 2 0 1 2 1 2 1 2 1 2 2
1 24 0 2 2 1 1 1 1 1 1 0 0 0 1 1 0 0 0 0 0 2 0 1 1 1
1 133 0 1 0 0 0 0 0 2 0 1 0 2 1 2 2 0 1 2 1 1 0 0 2 2 2 2 1 2 2 2 0 2 1 1 0 1 2 2 2 2 2 1 2 2 2 0 2 2 2 1 0 0 1 2 2 0 2 1 2 0 0 2 2 2 2 0 0 2 2 0 1 1 0 2 2 0 2 2 0 2 0 1 0 2 2 2 0 1 1 2 2 2 2 2 2 1 2 1 1 2 1 2 1 2 0 1 2 2 1 2 1 1 2 2 2 1 1 1 2 2 2 2 1 1 1 1 0 2 1 0 0 0 2
1 161 2 1 2 2 2 1 2 0 2 2 2 2 2 0 2 2 1 2 2 2 2 2 2 2 2 2 0 2 1 2 0 2 0 2 1 2 2 2 2 1 2 1 2 1 2 1 2 2 2 2 1 2 1 2 0 2 1 2 2 2 1 2 0 1 2 0 1 2 0 1 2 0 1 2 0 2 2 2 2 2 2 0 2 2 2 2 2 2 2 1 2 1 2 1 2 0 2 0 2 1 2 0 2 2 2 2 2 2 2 0 2 2 0 2 2 0 2 1 2 2 2 2 2 2 2 1 2 0 2 2 2 2 1 2 0 1 2 0 1 2 0 2 2 2 2 2 2 2 2 2 2 2 2 0 2 2 1 0 2 2 2
1 81 1 2 0 1 2 0 1 2 0 1 2 0 1 2 0 2 2 2 2 2 2 2 2 0 1 2 0 2 2 2 2 2 1 2 1 2 1 2 1 2 1 2 2 2 2 2 2 2 1 2 2 1 2 0 2 2 2 0 2 2 2 0 2 2 1 0 2 2 1 2 0 2 1 2 1 2 0 2 1 2 2
1 12 2 1 2 2 2 2 2 2 2 2 2 2
1 87 2 2 1 2 0 1 2 0 1 2 0 1 2 0 2 2 2 2 2 1 2 0 2 1 2 1 2 1 2 0 2 2 2 2 0 2 2 0 2 2 2 1 2 1 1 2 2 1 2 0 1 2 0 1 2 0 1 2 0 2 2 1 2 1 2 2 1 2 1 2 2 1 2 1 2 2 2 2 2 2 2 2 2 2 2 0 2
1 17 2 2 2 2 2 2 0 2 0 2 2 2 2 2 2 2 2
1 11 0 2 2 1 1 2 2 1 1 1 1
1 46 0 2 1 1 1 1 1 2 1 1 2 2 1 1 0 1 1 2 0 1 1 1 0 2 2 1 2 0 1 1 0 2 0 1 2 0 1 0 0 2 0 1 0 0 1 1
1 44 1 2 0 1 2 0 1 2 0 2 2 1 2 0 1 2 0 1 2 0 1 2 0 2 2 2 2 1 2 0 1 2 0 1 2 0 2 2 2 2 2 2 2 2
1 52 0 2 1 1 1 1 2 2 2 2 0 2 1 0 2 1 2 0 1 1 2 0 1 0 0 2 2 1 2 1 0 2 2 2 1 2 1 2 2 2 2 1 1 1 1 1 0 2 2 1 1 1
1 124 2 1 2 2 2 2 2 2 2 2 2 2 2 2 2 2 2 2 2 2 2 2 2 2 2 1 2 0 1 2 0 2 0 2 1 2 1 2 1 2 1 2 1 2 2 2 2 2 2 1 2 2 2 2 2 2 2 2 1 2 0 1 2 0 1 2 0 2 2 2 2 1 2 1 2 0 2 2 2 2 1 2 0 1 2 0 1 2 0 2 2 2 2 2 2 1 2 1 2 0 2 1 2 0 2 2 2 1 2 0 2 2 1 2 1 1 2 1 2 1 2 2 2 2
1 86 1 2 0 1 2 0 1 2 0 2 2 2 2 2 2 0 2 1 2 1 2 1 2 2 2 2 2 1 2 0 1 2 0 1 2 0 2 2 2 2 2 0 2 2 2 2 2 2 2 2 2 2 2 0 2 2 2 2 0 2 1 2 0 2 0 2 1 1 2 0 1 2 0 1 2 0 2 2 2 2 2 2 1 2 2 2
1 30 0 2 0 2 0 2 2 2 1 0 2 1 1 2 1 1 1 2 0 2 2 2 2 2 0 2 2 2 2 2
1 8 0 2 2 1 1 1 1 1
1 58 2 2 2 2 0 2 0 2 1 2 2 1 2 0 2 1 2 1 2 2 2 2 1 2 2 2 1 2 0 2 2 2 2 1 2 1 2 1 2 1 2 1 2 2 2 1 2 1 2 1 2 1 2 1 2 2 2 2
1 33 2 2 1 2 1 2 2 2 1 2 1 2 1 2 2 2 1 2 1 2 1 2 2 2 2 2 2 0 2 2 2 0 2
1 9 0 2 2 1 1 1 0 2 2
0 48 1 2 0 1 2 0 2 2 2 2 2 2 2 1 2 0 1 2 0 1 2 0 2 2 2 2 1 2 0 1 2 0 1 2 0 1 2 0 2 0 2 2 1 2 2 1 1 2
0 31 2 2 2 2 2 2 2 2 2 2 0 2 2 2 2 0 2 0 2 2 2 2 2 2 1 2 1 1 2 0 1
0 54 1 2 0 2 2 2 2 2 2 2 2 2 1 2 2 2 0 2 2 2 2 2 2 2 2 2 2 2 2 0 2 2 2 1 2 0 2 1 2 2 2 2 0 1 2 1 1 2 1 2 1 2 1 2
0 49 1 2 0 2 2 2 0 2 2 0 2 0 2 1 2 2 2 2 2 2 2 2 1 2 1 2 1 2 1 2 1 2 2 2 0 2 2 1 2 1 2 1 2 1 1 2 1 2 1
0 173 1 2 0 1 2 0 1 2 0 1 2 0 2 2 2 2 2 2 2 2 1 2 2 0 2 2 2 0 2 2 2 2 2 2 2 2 2 2 2 2 1 2 2 1 2 0 1 2 0 1 2 0 2 2 2 2 2 2 2 2 2 2 2 2 0 2 1 2 1 2 1 2 1 2 2 0 2 2 2 2 1 2 0 2 2 0 2 1 2 1 2 1 2 1 2 1 2 1 2 1 2 2 1 2 1 2 1 2 1 2 0 2 2 2 1 2 0 2 1 2 1 2 1 2 1 2 1 2 0 1 2 0 1 2 0 1 2 0 2 2 2 2 1 2 1 2 2 1 2 1 2 2 2 2 2 2 2 2 2 0 2 0 2 1 2 1 2 0 2 1 1 2 1
0 71 1 2 0 1 2 0 1 2 0 2 2 2 2 2 2 2 2 2 2 2 2 2 2 2 2 2 2 2 2 2 2 2 2 1 2 0 1 2 0 1 2 0 1 2 0 1 2 0 2 2 1 2 2 1 2 0 2 2 2 2 1 1 2 1 2 2 1 2 1 2 1
0 67 1 2 0 1 2 0 1 2 0 2 2 2 2 2 2 2 2 2 2 2 2 2 2 2 2 2 2 2 2 2 2 2 2 1 2 0 1 2 0 1 2 0 1 2 0 1 2 0 2 2 1 2 2 1 2 0 2 2 2 2 1 1 2 1 2 2 1
0 67 1 2 0 1 2 0 1 2 0 1 2 0 1 2 0 2 2 2 2 0 1 0 2 2 2 2 2 2 2 2 2 2 2 2 2 2 2 2 1 2 0 1 2 0 1 2 0 1 2 0 1 2 0 2 2 2 2 2 1 2 1 2 2 1 2 0 0
0 176 1 2 0 1 2 0 1 2 0 1 2 0 2 2 2 2 2 2 2 2 1 2 2 0 2 2 2 0 2 2 2 2 2 2 2 2 2 2 2 2 1 2 2 1 2 0 1 2 0 1 2 0 2 2 2 2 2 2 2 2 2 2 2 2 0 2 1 2 1 2 1 2 1 2 2 0 2 2 2 2 1 2 0 2 2 0 2 1 2 1 2 1 2 1 2 1 2 1 2 1 2 2 1 2 1 2 1 2 1 2 0 2 2 2 1 2 0 2 1 2 1 2 1 2 1 2 1 2 0 1 2 0 1 2 0 1 2 0 2 2 2 2 1 2 1 2 2 1 2 1 2 2 2 2 2 2 2 2 2 0 2 0 2 1 2 1 2 0 2 1 1 2 1 2 1 2
0 54 2 1 2 1 2 1 2 1 2 2 2 2 0 2 2 2 2 2 1 2 2 2 2 2 2 2 2 2 1 1 2 0 1 2 0 1 2 0 1 2 0 1 2 0 1 2 1 2 1 2 2 0 2 0
0 35 1 2 0 1 2 0 1 2 0 1 2 0 2 2 2 2 2 2 2 2 2 2 2 1 1 2 0 1 2 0 1 2 0 1 2
0 79 1 2 0 1 2 0 1 2 0 1 2 0 2 2 2 1 2 1 2 2 1 2 0 2 0 2 0 2 0 2 1 2 1 2 1 2 1 2 2 2 1 2 0 2 2 2 0 2 1 2 1 2 2 2 1 2 0 2 2 0 2 2 1 2 2 1 2 1 1 2 0 1 2 0 1 2 0 1 2
0 32 1 2 0 1 2 0 1 2 0 1 2 0 2 2 2 2 2 2 2 2 2 2 2 1 1 2 0 1 2 0 1 2
0 59 1 2 0 2 2 2 2 2 2 1 2 1 2 0 2 2 2 2 2 2 1 2 0 1 2 0 2 2 2 2 2 1 2 1 2 0 2 2 2 0 2 2 2 2 2 2 1 2 1 2 2 1 2 0 2 1 1 2 1
0 32 2 2 2 2 2 2 2 2 2 2 0 2 2 2 2 0 2 0 2 2 2 2 2 2 1 2 1 1 2 0 1 2
0 75 1 2 0 1 2 0 1 2 0 1 2 0 2 2 2 1 2 1 2 2 1 2 0 2 0 2 0 2 0 2 1 2 1 2 1 2 1 2 2 2 1 2 0 2 2 2 0 2 1 2 1 2 2 2 1 2 0 2 2 0 2 2 1 2 2 1 2 1 1 2 0 1 2 0 1
0 125 1 2 0 1 2 0 1 2 0 1 2 0 1 2 0 2 2 2 2 2 2 1 2 2 0 2 2 2 2 1 2 0 2 0 2 2 1 2 0 1 2 0 2 2 2 2 1 2 1 2 1 2 2 2 1 2 2 1 2 0 2 1 2 2 2 2 2 2 2 2 2 2 0 2 2 1 2 1 2 2 0 2 0 2 1 2 0 2 1 2 2 2 2 2 2 2 2 2 2 2 0 2 1 2 2 0 2 2 2 1 2 0 2 1 1 2 0 1 2 0 1 2 0 1 2
0 68 2 1 0 2 2 1 2 0 2 2 1 1 2 1 2 2 2 2 1 2 1 2 1 2 2 2 2 2 2 2 2 1 2 0 1 2 0 1 2 0 1 2 0 1 2 0 2 2 2 2 1 2 0 1 2 0 1 2 0 2 1 1 2 0 1 2 0 1
0 13 2 2 0 2 2 1 2 1 2 0 2 0 0
0 22 1 2 0 1 2 0 2 2 2 2 2 2 2 2 1 1 2 1 2 1 2 1
0 53 1 2 0 2 2 2 2 2 2 2 2 2 1 2 2 2 0 2 2 2 2 2 2 2 2 2 2 2 2 0 2 2 2 1 2 0 2 1 2 2 2 2 0 1 2 1 1 2 1 2 1 2 1
0 47 2 1 2 1 2 1 2 1 2 2 2 2 0 2 2 2 2 2 1 2 2 2 2 2 2 2 2 2 1 1 2 0 1 2 0 1 2 0 1 2 0 1 2 0 1 2 1
0 14 1 2 0 1 2 0 1 2 0 1 2 0 1 2
0 84 2 1 2 2 2 2 1 2 1 2 2 2 1 2 1 2 1 2 2 2 2 2 1 2 0 2 1 2 2 2 2 2 0 2 2 2 2 2 1 2 1 2 1 2 0 1 2 0 1 2 0 2 2 2 2 2 2 2 0 2 0 2 2 2 0 2 2 2 2 1 2 1 2 1 2 1 1 2 0 1 2 0 1 2
0 81 2 1 2 2 2 2 1 2 1 2 2 2 1 2 1 2 1 2 2 2 2 2 1 2 0 2 1 2 2 2 2 2 0 2 2 2 2 2 1 2 1 2 1 2 0 1 2 0 1 2 0 2 2 2 2 2 2 2 0 2 0 2 2 2 0 2 2 2 2 1 2 1 2 1 2 1 1 2 0 1 2
0 134 2 2 2 2 2 2 0 2 2 0 2 2 2 1 2 1 2 0 2 2 2 2 2 2 2 1 2 1 2 1 2 1 2 1 2 2 2 2 2 0 2 2 2 2 2 2 2 0 2 2 0 2 1 2 2 2 2 2 2 2 2 0 2 1 2 2 1 2 2 1 2 2 2 2 2 2 2 0 2 0 2 1 2 2 1 2 1 2 0 2 0 2 0 2 2 2 2 1 2 1 2 1 2 2 0 2 1 2 2 2 2 2 2 2 2 2 2 1 2 0 2 0 2 1 2 1 1 2 1 2 1 2 1 2
0 45 1 2 0 2 2 2 0 2 2 0 2 0 2 1 2 2 2 2 2 2 2 2 1 2 1 2 1 2 1 2 1 2 2 2 0 2 2 1 2 1 2 1 2 1 1
0 88 2 2 2 2 2 2 2 2 2 2 2 2 2 2 2 2 1 2 2 2 0 2 2 2 2 0 2 0 2 0 2 2 2 2 2 2 2 1 2 0 1 2 0 1 2 0 1 2 0 1 2 0 2 2 2 2 2 2 2 1 2 1 2 1 2 2 2 2 2 2 1 2 0 2 2 1 2 1 1 2 1 2 1 2 1 2 1 2
0 111 1 2 0 1 2 0 1 2 0 1 2 0 2 2 2 1 2 1 2 2 1 2 0 2 0 2 0 2 0 2 1 2 1 2 1 2 1 2 2 2 1 2 0 2 2 2 0 2 1 2 1 2 2 2 1 2 0 2 2 0 2 2 1 2 2 1 2 1 1 2 0 1 2 0 1 2 0 1 2 0 2 1 2 1 2 1 2 0 2 2 1 1 2 1 2 1 2 1 2 1 2 2 1 2 1 2 1 2 2 1 2
0 129 2 2 2 2 2 2 0 2 2 0 2 2 2 1 2 1 2 0 2 2 2 2 2 2 2 1 2 1 2 1 2 1 2 1 2 2 2 2 2 0 2 2 2 2 2 2 2 0 2 2 0 2 1 2 2 2 2 2 2 2 2 0 2 1 2 2 1 2 2 1 2 2 2 2 2 2 2 0 2 0 2 1 2 2 1 2 1 2 0 2 0 2 0 2 2 2 2 1 2 1 2 1 2 2 0 2 1 2 2 2 2 2 2 2 2 2 2 1 2 0 2 0 2 1 2 1 1 2 1
0 80 2 1 2 2 2 2 1 2 1 2 2 2 1 2 1 2 1 2 2 2 2 2 1 2 0 2 1 2 2 2 2 2 0 2 2 2 2 2 1 2 1 2 1 2 0 1 2 0 1 2 0 2 2 2 2 2 2 2 0 2 0 2 2 2 0 2 2 2 2 1 2 1 2 1 2 1 1 2 0 1
0 70 1 2 0 1 2 0 1 2 0 1 2 0 2 2 2 1 2 1 2 2 1 2 0 2 0 2 0 2 0 2 1 2 1 2 1 2 1 2 2 2 1 2 0 2 2 2 0 2 1 2 1 2 2 2 1 2 0 2 2 0 2 2 1 2 2 1 2 1 1 2
0 39 2 1 2 1 2 1 2 1 2 2 2 2 0 2 2 2 2 2 1 2 2 2 2 2 2 2 2 2 1 1 2 0 1 2 0 1 2 0 1
0 91 2 1 1 2 0 1 2 0 1 2 0 1 2 0 1 2 0 2 2 2 2 2 2 2 2 2 1 2 0 1 2 0 1 2 0 2 2 2 2 2 2 2 2 2 2 2 2 2 2 2 1 2 0 1 2 0 1 2 0 1 2 0 2 0 2 2 2 2 2 2 2 2 2 0 2 2 2 2 1 2 1 2 1 1 2 1 2 1 2 1 2
0 23 2 1 1 2 0 1 2 0 1 2 0 1 2 2 1 2 1 2 1 2 1 2 1
0 28 1 2 0 1 2 0 1 2 0 1 2 0 2 2 2 2 2 2 2 2 2 2 2 1 1 2 0 1
0 51 1 2 0 2 2 2 2 2 2 2 2 2 1 2 2 2 0 2 2 2 2 2 2 2 2 2 2 2 2 0 2 2 2 1 2 0 2 1 2 2 2 2 0 1 2 1 1 2 1 2 1
0 63 2 1 0 2 2 1 2 0 2 2 1 1 2 1 2 2 2 2 1 2 1 2 1 2 2 2 2 2 2 2 2 1 2 0 1 2 0 1 2 0 1 2 0 1 2 0 2 2 2 2 1 2 0 1 2 0 1 2 0 2 1 1 2
0 101 1 2 0 1 2 0 1 2 0 1 2 0 2 2 2 1 2 1 2 2 1 2 0 2 0 2 0 2 0 2 1 2 1 2 1 2 1 2 2 2 1 2 0 2 2 2 0 2 1 2 1 2 2 2 1 2 0 2 2 0 2 2 1 2 2 1 2 1 1 2 0 1 2 0 1 2 0 1 2 0 2 1 2 1 2 1 2 0 2 2 1 1 2 1 2 1 2 1 2 1 2
0 16 1 2 0 1 2 0 1 2 0 1 2 0 1 2 0 1
0 12 2 2 0 2 2 1 2 1 1 2 2 0
0 35 2 1 2 2 0 2 2 2 2 1 2 1 2 1 2 0 2 1 2 1 2 2 0 2 1 2 1 2 2 1 0 2 1 2 1
0 13 1 2 0 1 2 0 1 2 0 1 2 0 0
0 119 1 2 0 1 2 0 1 2 0 1 2 0 1 2 0 2 2 2 2 2 2 1 2 2 0 2 2 2 2 1 2 0 2 0 2 2 1 2 0 1 2 0 2 2 2 2 1 2 1 2 1 2 2 2 1 2 2 1 2 0 2 1 2 2 2 2 2 2 2 2 2 2 0 2 2 1 2 1 2 2 0 2 0 2 1 2 0 2 1 2 2 2 2 2 2 2 2 2 2 2 0 2 1 2 2 0 2 2 2 1 2 0 2 1 1 2 0 1 2
0 112 1 2 0 1 2 0 1 2 0 2 2 2 2 2 2 2 2 2 2 2 2 2 1 2 1 2 1 2 1 2 0 2 1 2 1 1 2 0 1 2 0 1 2 0 1 2 0 2 2 2 2 1 2 0 2 2 2 0 2 2 0 2 2 1 2 2 2 2 2 2 2 2 2 2 2 2 1 2 0 1 2 0 1 2 0 2 2 2 2 2 2 2 2 2 2 2 2 2 2 2 1 2 0 2 1 2 1 1 2 1 2 1
0 127 1 2 0 1 2 0 1 2 0 1 2 0 1 2 0 2 2 2 2 2 2 1 2 2 0 2 2 2 2 1 2 0 2 0 2 2 1 2 0 1 2 0 2 2 2 2 1 2 1 2 1 2 2 2 1 2 2 1 2 0 2 1 2 2 2 2 2 2 2 2 2 2 0 2 2 1 2 1 2 2 0 2 0 2 1 2 0 2 1 2 2 2 2 2 2 2 2 2 2 2 0 2 1 2 2 0 2 2 2 1 2 0 2 1 1 2 0 1 2 0 1 2 0 1 2 0 1
0 8 1 2 0 1 2 0 1 2
0 90 1 2 0 1 2 0 1 2 0 1 2 0 2 2 2 2 2 1 2 1 2 2 1 2 0 2 2 2 1 2 0 1 2 0 1 2 0 1 2 0 1 2 0 2 2 2 2 2 2 2 2 2 2 2 2 2 2 0 2 0 2 1 2 1 1 2 0 1 2 0 1 2 0 1 2 0 2 2 2 2 2 2 1 2 1 2 1 2 1 0
0 122 1 2 0 1 2 0 1 2 0 1 2 0 1 2 0 2 2 2 2 2 2 1 2 2 0 2 2 2 2 1 2 0 2 0 2 2 1 2 0 1 2 0 2 2 2 2 1 2 1 2 1 2 2 2 1 2 2 1 2 0 2 1 2 2 2 2 2 2 2 2 2 2 0 2 2 1 2 1 2 2 0 2 0 2 1 2 0 2 1 2 2 2 2 2 2 2 2 2 2 2 0 2 1 2 2 0 2 2 2 1 2 0 2 1 1 2 0 1 2 0 1 2
0 18 1 2 0 1 2 0 1 2 0 1 2 0 1 2 0 1 2 1
0 21 2 1 1 2 0 1 2 0 1 2 0 1 2 2 1 2 1 2 1 2 1
0 99 1 2 0 1 2 0 1 2 0 1 2 0 0 2 2 1 2 1 2 1 2 2 2 2 0 2 1 0 2 2 1 2 0 1 2 0 1 2 0 1 2 0 2 2 2 2 2 1 2 1 2 1 2 1 2 1 2 2 2 2 2 1 2 1 2 1 2 1 2 0 1 2 2 2 1 2 1 2 1 2 1 2 2 1 2 1 2 1 2 2 2 1 2 0 2 0 2 0 0
0 14 2 2 0 2 2 1 2 1 1 2 2 0 2 0
0 70 1 2 0 1 2 0 1 2 0 1 2 0 1 2 0 2 2 2 2 0 1 0 2 2 2 2 2 2 2 2 2 2 2 2 2 2 2 2 1 2 0 1 2 0 1 2 0 1 2 0 1 2 0 2 2 2 2 2 1 2 1 2 2 1 2 0 0 2 1 2
0 22 2 1 1 2 0 1 2 0 1 2 0 1 2 2 1 2 1 2 1 2 1 2
0 105 1 2 0 1 2 0 1 2 0 1 2 0 2 2 2 1 2 1 2 2 1 2 0 2 0 2 0 2 0 2 1 2 1 2 1 2 1 2 2 2 1 2 0 2 2 2 0 2 1 2 1 2 2 2 1 2 0 2 2 0 2 2 1 2 2 1 2 1 1 2 0 1 2 0 1 2 0 1 2 0 2 1 2 1 2 1 2 0 2 2 1 1 2 1 2 1 2 1 2 1 2 2 1 2 1
0 62 1 2 0 1 2 0 1 2 0 1 2 0 2 2 2 2 2 2 2 1 2 0 1 2 0 1 2 0 1 2 0 1 2 0 2 2 2 2 2 2 2 2 2 2 2 2 1 2 0 2 0 0 2 2 2 0 2 2 2 0 1 0
0 69 1 2 0 1 2 0 1 2 0 1 2 0 1 2 0 2 2 2 2 0 1 0 2 2 2 2 2 2 2 2 2 2 2 2 2 2 2 2 1 2 0 1 2 0 1 2 0 1 2 0 1 2 0 2 2 2 2 2 1 2 1 2 2 1 2 0 0 2 1
0 23 2 2 2 0 2 2 0 2 1 2 1 2 1 2 1 2 1 2 1 2 2 1 0
0 86 1 2 0 1 2 0 1 2 0 1 2 0 1 2 0 1 2 1 2 1 2 2 2 0 2 1 2 1 2 2 0 2 1 2 2 2 2 2 0 2 2 1 2 1 2 0 2 1 2 2 2 2 2 2 0 2 1 2 2 1 2 2 2 1 0 2 2 0 2 1 2 1 2 0 2 2 2 2 0 2 1 2 2 1 1 2
0 36 2 1 2 1 2 1 2 1 2 2 2 2 0 2 2 2 2 2 1 2 2 2 2 2 2 2 2 2 1 1 2 0 1 2 0 1
0 36 1 2 0 1 2 0 1 2 0 1 2 0 0 2 0 2 2 1 2 1 2 1 2 1 2 2 2 0 2 0 2 1 2 2 1 0
0 76 2 1 2 2 2 1 2 0 2 2 2 2 2 1 2 0 1 2 0 1 2 0 1 2 0 1 2 0 2 2 2 2 2 2 2 2 2 2 0 2 1 2 2 2 2 1 2 1 2 1 2 2 2 2 2 2 1 2 0 1 2 0 1 2 0 1 2 0 2 2 2 2 2 0 1 0
0 118 1 2 0 1 2 0 1 2 0 1 2 0 1 2 0 2 2 2 2 2 2 1 2 2 0 2 2 2 2 1 2 0 2 0 2 2 1 2 0 1 2 0 2 2 2 2 1 2 1 2 1 2 2 2 1 2 2 1 2 0 2 1 2 2 2 2 2 2 2 2 2 2 0 2 2 1 2 1 2 2 0 2 0 2 1 2 0 2 1 2 2 2 2 2 2 2 2 2 2 2 0 2 1 2 2 0 2 2 2 1 2 0 2 1 1 2 0 1
0 31 2 1 2 1 2 0 2 1 2 2 0 2 1 1 2 1 2 2 2 1 2 2 1 1 2 1 2 1 2 1 2
0 78 1 2 0 1 2 0 1 2 0 1 2 0 2 2 2 2 2 2 2 0 2 2 2 2 2 1 2 2 2 1 2 0 2 2 2 2 2 2 2 1 2 2 0 2 1 2 2 0 2 0 2 2 2 2 2 1 2 0 2 2 2 0 2 1 2 0 2 1 2 1 2 1 2 0 2 1 1 2
0 85 2 2 2 2 2 2 2 2 2 2 2 2 2 2 2 2 1 2 2 2 0 2 2 2 2 0 2 0 2 0 2 2 2 2 2 2 2 1 2 0 1 2 0 1 2 0 1 2 0 1 2 0 2 2 2 2 2 2 2 1 2 1 2 1 2 2 2 2 2 2 1 2 0 2 2 1 2 1 1 2 1 2 1 2 1
0 70 1 2 0 1 2 0 1 2 0 1 2 0 1 2 0 2 2 2 2 2 2 1 2 0 1 2 0 1 2 0 1 2 0 2 2 2 2 2 2 2 2 0 2 1 2 0 2 2 2 1 2 1 2 1 2 2 2 2 2 2 2 2 2 2 2 1 2 1 1 2
0 84 2 2 2 2 2 2 2 2 2 2 2 2 2 2 2 2 1 2 2 2 0 2 2 2 2 0 2 0 2 0 2 2 2 2 2 2 2 1 2 0 1 2 0 1 2 0 1 2 0 1 2 0 2 2 2 2 2 2 2 1 2 1 2 1 2 2 2 2 2 2 1 2 0 2 2 1 2 1 1 2 1 2 1 2
0 65 1 2 0 1 2 0 1 2 0 1 2 0 1 2 0 1 2 1 2 1 2 2 2 0 2 1 2 1 2 2 0 2 1 2 2 2 2 2 0 2 2 1 2 1 2 0 2 1 2 2 2 2 2 2 0 2 1 2 2 1 2 2 2 1 0
0 84 2 1 1 2 0 1 2 0 1 2 0 1 2 0 1 2 0 2 2 2 2 2 2 2 2 2 1 2 0 1 2 0 1 2 0 2 2 2 2 2 2 2 2 2 2 2 2 2 2 2 1 2 0 1 2 0 1 2 0 1 2 0 2 0 2 2 2 2 2 2 2 2 2 0 2 2 2 2 1 2 1 2 1 1
0 28 2 2 2 2 2 2 2 2 2 2 0 2 2 2 2 0 2 0 2 2 2 2 2 2 1 2 1 1
0 9 2 1 1 2 0 1 2 0 1
0 72 1 2 0 1 2 0 1 2 0 2 2 2 2 2 2 2 2 2 2 2 2 2 2 2 2 2 2 2 2 2 2 2 2 1 2 0 1 2 0 1 2 0 1 2 0 1 2 0 2 2 1 2 2 1 2 0 2 2 2 2 1 1 2 1 2 2 1 2 1 2 1 2
0 19 1 2 0 1 2 0 1 2 0 1 2 0 1 2 0 1 2 1 2
0 85 1 2 0 1 2 0 1 2 0 1 2 0 1 2 0 1 2 1 2 1 2 2 2 0 2 1 2 1 2 2 0 2 1 2 2 2 2 2 0 2 2 1 2 1 2 0 2 1 2 2 2 2 2 2 0 2 1 2 2 1 2 2 2 1 0 2 2 0 2 1 2 1 2 0 2 2 2 2 0 2 1 2 2 1 1
0 80 1 2 0 1 2 0 1 2 0 1 2 0 2 2 2 2 2 2 2 0 2 2 2 2 2 1 2 2 2 1 2 0 2 2 2 2 2 2 2 1 2 2 0 2 1 2 2 0 2 0 2 2 2 2 2 1 2 0 2 2 2 0 2 1 2 0 2 1 2 1 2 1 2 0 2 1 1 2 0 1
0 52 1 2 0 2 2 2 2 2 2 2 2 2 1 2 2 2 0 2 2 2 2 2 2 2 2 2 2 2 2 0 2 2 2 1 2 0 2 1 2 2 2 2 0 1 2 1 1 2 1 2 1 2
0 1 1
0 28 1 2 0 1 2 0 1 2 0 1 2 0 0 2 2 1 2 1 2 1 2 2 2 2 0 2 1 0
0 131 2 2 2 2 2 2 0 2 2 0 2 2 2 1 2 1 2 0 2 2 2 2 2 2 2 1 2 1 2 1 2 1 2 1 2 2 2 2 2 0 2 2 2 2 2 2 2 0 2 2 0 2 1 2 2 2 2 2 2 2 2 0 2 1 2 2 1 2 2 1 2 2 2 2 2 2 2 0 2 0 2 1 2 2 1 2 1 2 0 2 0 2 0 2 2 2 2 1 2 1 2 1 2 2 0 2 1 2 2 2 2 2 2 2 2 2 2 1 2 0 2 0 2 1 2 1 1 2 1 2 1
0 69 1 2 0 1 2 0 1 2 0 1 2 0 2 2 2 2 2 1 2 1 2 2 1 2 0 2 2 2 1 2 0 1 2 0 1 2 0 1 2 0 1 2 0 2 2 2 2 2 2 2 2 2 2 2 2 2 2 0 2 0 2 1 2 1 1 2 0 1 2
0 55 1 2 0 2 2 2 2 2 2 2 2 2 1 2 2 2 0 2 2 2 2 2 2 2 2 2 2 2 2 0 2 2 2 1 2 0 2 1 2 2 2 2 0 1 2 1 1 2 1 2 1 2 1 2 1
0 62 2 1 0 2 2 1 2 0 2 2 1 1 2 1 2 2 2 2 1 2 1 2 1 2 2 2 2 2 2 2 2 1 2 0 1 2 0 1 2 0 1 2 0 1 2 0 2 2 2 2 1 2 0 1 2 0 1 2 0 2 1 1
0 90 2 1 1 2 0 1 2 0 1 2 0 1 2 0 1 2 0 2 2 2 2 2 2 2 2 2 1 2 0 1 2 0 1 2 0 2 2 2 2 2 2 2 2 2 2 2 2 2 2 2 1 2 0 1 2 0 1 2 0 1 2 0 2 0 2 2 2 2 2 2 2 2 2 0 2 2 2 2 1 2 1 2 1 1 2 1 2 1 2 1
0 40 1 2 0 1 2 0 1 2 0 2 2 2 2 2 2 2 2 2 2 2 2 2 1 2 1 2 1 2 1 2 0 2 1 2 1 1 2 0 1 2
0 87 1 2 0 1 2 0 1 2 0 1 2 0 2 2 2 2 2 2 2 0 2 2 2 2 2 1 2 2 2 1 2 0 2 2 2 2 2 2 2 1 2 2 0 2 1 2 2 0 2 0 2 2 2 2 2 1 2 0 2 2 2 0 2 1 2 0 2 1 2 1 2 1 2 0 2 1 1 2 0 1 2 0 1 2 0 1 2
0 29 1 2 0 1 2 0 1 2 0 1 2 0 2 2 2 2 2 2 2 2 2 2 2 1 1 2 0 1 2
0 113 1 2 0 1 2 0 1 2 0 2 2 2 2 2 2 2 2 2 2 2 2 2 1 2 1 2 1 2 1 2 0 2 1 2 1 1 2 0 1 2 0 1 2 0 1 2 0 2 2 2 2 1 2 0 2 2 2 0 2 2 0 2 2 1 2 2 2 2 2 2 2 2 2 2 2 2 1 2 0 1 2 0 1 2 0 2 2 2 2 2 2 2 2 2 2 2 2 2 2 2 1 2 0 2 1 2 1 1 2 1 2 1 2
0 114 1 2 0 1 2 0 1 2 0 2 2 2 2 2 2 2 2 2 2 2 2 2 1 2 1 2 1 2 1 2 0 2 1 2 1 1 2 0 1 2 0 1 2 0 1 2 0 2 2 2 2 1 2 0 2 2 2 0 2 2 0 2 2 1 2 2 2 2 2 2 2 2 2 2 2 2 1 2 0 1 2 0 1 2 0 2 2 2 2 2 2 2 2 2 2 2 2 2 2 2 1 2 0 2 1 2 1 1 2 1 2 1 2 1
0 87 2 1 1 2 0 1 2 0 1 2 0 1 2 0 1 2 0 2 2 2 2 2 2 2 2 2 1 2 0 1 2 0 1 2 0 2 2 2 2 2 2 2 2 2 2 2 2 2 2 2 1 2 0 1 2 0 1 2 0 1 2 0 2 0 2 2 2 2 2 2 2 2 2 0 2 2 2 2 1 2 1 2 1 1 2 1 2
0 121 1 2 0 1 2 0 1 2 0 1 2 0 1 2 0 2 2 2 2 2 2 1 2 2 0 2 2 2 2 1 2 0 2 0 2 2 1 2 0 1 2 0 2 2 2 2 1 2 1 2 1 2 2 2 1 2 2 1 2 0 2 1 2 2 2 2 2 2 2 2 2 2 0 2 2 1 2 1 2 2 0 2 0 2 1 2 0 2 1 2 2 2 2 2 2 2 2 2 2 2 0 2 1 2 2 0 2 2 2 1 2 0 2 1 1 2 0 1 2 0 1
0 86 2 2 2 2 2 2 2 2 2 2 2 2 2 2 2 2 1 2 2 2 0 2 2 2 2 0 2 0 2 0 2 2 2 2 2 2 2 1 2 0 1 2 0 1 2 0 1 2 0 1 2 0 2 2 2 2 2 2 2 1 2 1 2 1 2 2 2 2 2 2 1 2 0 2 2 1 2 1 1 2 1 2 1 2 1 2
0 32 1 2 0 1 2 0 1 2 0 1 2 0 2 2 2 2 2 2 0 2 2 2 2 2 1 2 0 2 0 2 1 1
0 38 2 1 2 2 0 2 2 2 2 1 2 1 2 1 2 0 2 1 2 1 2 2 0 2 1 2 1 2 2 1 0 2 1 2 1 2 1 2
0 25 2 1 2 2 2 2 2 2 2 2 2 2 2 2 2 2 2 1 2 0 2 1 0 2 0
0 64 1 2 0 1 2 0 1 2 0 2 2 2 2 2 2 2 2 2 2 2 2 2 2 2 2 2 2 2 2 2 2 2 2 1 2 0 1 2 0 1 2 0 1 2 0 1 2 0 2 2 1 2 2 1 2 0 2 2 2 2 1 1 2 1
0 69 1 2 0 1 2 0 1 2 0 1 2 0 1 2 0 2 2 2 2 2 2 1 2 0 1 2 0 1 2 0 1 2 0 2 2 2 2 2 2 2 2 0 2 1 2 0 2 2 2 1 2 1 2 1 2 2 2 2 2 2 2 2 2 2 2 1 2 1 1
0 15 2 1 1 2 0 1 2 0 1 2 0 1 2 2 1
0 77 2 1 2 2 2 2 1 2 1 2 2 2 1 2 1 2 1 2 2 2 2 2 1 2 0 2 1 2 2 2 2 2 0 2 2 2 2 2 1 2 1 2 1 2 0 1 2 0 1 2 0 2 2 2 2 2 2 2 0 2 0 2 2 2 0 2 2 2 2 1 2 1 2 1 2 1 1
0 31 2 1 2 1 2 1 2 1 2 2 2 2 0 2 2 2 2 2 1 2 2 2 2 2 2 2 2 2 1 1 2
0 27 2 1 2 1 2 0 2 1 2 2 0 2 1 1 2 1 2 2 2 1 2 2 1 1 2 1 2
0 68 1 2 0 1 2 0 1 2 0 2 2 2 2 2 1 2 0 2 2 2 2 2 2 2 2 2 1 2 1 2 0 2 0 2 2 2 1 2 1 2 1 2 1 2 1 2 2 2 2 2 2 2 0 2 2 1 2 1 2 2 2 0 2 1 2 1 1 2
0 72 1 2 0 1 2 0 1 2 0 1 2 0 2 2 2 1 2 1 2 2 1 2 0 2 0 2 0 2 0 2 1 2 1 2 1 2 1 2 2 2 1 2 0 2 2 2 0 2 1 2 1 2 2 2 1 2 0 2 2 0 2 2 1 2 2 1 2 1 1 2 0 1
0 88 2 1 1 2 0 1 2 0 1 2 0 1 2 0 1 2 0 2 2 2 2 2 2 2 2 2 1 2 0 1 2 0 1 2 0 2 2 2 2 2 2 2 2 2 2 2 2 2 2 2 1 2 0 1 2 0 1 2 0 1 2 0 2 0 2 2 2 2 2 2 2 2 2 0 2 2 2 2 1 2 1 2 1 1 2 1 2 1
0 115 1 2 0 1 2 0 1 2 0 2 2 2 2 2 2 2 2 2 2 2 2 2 1 2 1 2 1 2 1 2 0 2 1 2 1 1 2 0 1 2 0 1 2 0 1 2 0 2 2 2 2 1 2 0 2 2 2 0 2 2 0 2 2 1 2 2 2 2 2 2 2 2 2 2 2 2 1 2 0 1 2 0 1 2 0 2 2 2 2 2 2 2 2 2 2 2 2 2 2 2 1 2 0 2 1 2 1 1 2 1 2 1 2 1 2
0 62 1 2 0 1 2 0 1 2 0 2 2 2 2 2 2 2 2 2 2 2 2 2 2 2 2 2 2 2 2 2 2 2 2 1 2 0 1 2 0 1 2 0 1 2 0 1 2 0 2 2 1 2 2 1 2 0 2 2 2 2 1 1
0 92 2 1 1 2 0 1 2 0 1 2 0 1 2 0 1 2 0 2 2 2 2 2 2 2 2 2 1 2 0 1 2 0 1 2 0 2 2 2 2 2 2 2 2 2 2 2 2 2 2 2 1 2 0 1 2 0 1 2 0 1 2 0 2 0 2 2 2 2 2 2 2 2 2 0 2 2 2 2 1 2 1 2 1 1 2 1 2 1 2 1 2 1
0 16 2 1 1 2 0 1 2 0 1 2 0 1 2 2 1 2
0 74 1 2 0 1 2 0 1 2 0 2 2 2 2 2 1 2 0 2 2 2 2 2 2 2 2 2 1 2 1 2 0 2 0 2 2 2 1 2 1 2 1 2 1 2 1 2 2 2 2 2 2 2 0 2 2 1 2 1 2 2 2 0 2 1 2 1 1 2 0 1 2 0 1 2
0 14 2 1 0 2 2 1 2 0 2 2 1 1 2 1
0 37 1 2 0 1 2 0 1 2 0 1 2 0 2 2 2 2 2 2 2 2 2 1 0 2 2 2 2 2 1 2 1 2 1 1 2 1 2
0 31 1 2 0 1 2 0 1 2 0 1 2 0 2 2 2 2 2 2 2 2 2 2 2 1 1 2 0 1 2 0 1
0 37 1 2 0 1 2 0 1 2 0 2 2 2 2 2 2 2 2 2 0 2 0 2 2 2 0 2 1 2 2 2 1 2 1 1 2 1 2
0 98 1 2 0 1 2 0 1 2 0 1 2 0 2 2 2 1 2 1 2 2 1 2 0 2 0 2 0 2 0 2 1 2 1 2 1 2 1 2 2 2 1 2 0 2 2 2 0 2 1 2 1 2 2 2 1 2 0 2 2 0 2 2 1 2 2 1 2 1 1 2 0 1 2 0 1 2 0 1 2 0 2 1 2 1 2 1 2 0 2 2 1 1 2 1 2 1 2 1
0 43 1 2 0 1 2 0 1 2 0 1 2 0 2 2 2 2 2 2 2 2 2 1 0 2 2 2 2 2 1 2 1 2 1 1 2 1 2 1 2 1 2 1 2
0 48 2 1 2 1 2 1 2 1 2 2 2 2 0 2 2 2 2 2 1 2 2 2 2 2 2 2 2 2 1 1 2 0 1 2 0 1 2 0 1 2 0 1 2 0 1 2 1 2
0 42 1 2 0 1 2 0 1 2 0 1 2 0 2 2 2 2 2 2 2 2 2 1 0 2 2 2 2 2 1 2 1 2 1 1 2 1 2 1 2 1 2 1
0 128 2 2 2 2 2 2 0 2 2 0 2 2 2 1 2 1 2 0 2 2 2 2 2 2 2 1 2 1 2 1 2 1 2 1 2 2 2 2 2 0 2 2 2 2 2 2 2 0 2 2 0 2 1 2 2 2 2 2 2 2 2 0 2 1 2 2 1 2 2 1 2 2 2 2 2 2 2 0 2 0 2 1 2 2 1 2 1 2 0 2 0 2 0 2 2 2 2 1 2 1 2 1 2 2 0 2 1 2 2 2 2 2 2 2 2 2 2 1 2 0 2 0 2 1 2 1 1 2
0 26 1 2 0 1 2 0 1 2 0 1 2 0 2 2 2 2 2 2 2 2 2 2 2 1 1 2
0 42 2 1 2 1 2 1 2 1 2 2 2 2 0 2 2 2 2 2 1 2 2 2 2 2 2 2 2 2 1 1 2 0 1 2 0 1 2 0 1 2 0 1
0 36 1 2 0 1 2 0 1 2 0 1 2 0 2 2 2 2 2 2 2 2 2 1 0 2 2 2 2 2 1 2 1 2 1 1 2 1
0 127 2 2 2 2 2 2 0 2 2 0 2 2 2 1 2 1 2 0 2 2 2 2 2 2 2 1 2 1 2 1 2 1 2 1 2 2 2 2 2 0 2 2 2 2 2 2 2 0 2 2 0 2 1 2 2 2 2 2 2 2 2 0 2 1 2 2 1 2 2 1 2 2 2 2 2 2 2 0 2 0 2 1 2 2 1 2 1 2 0 2 0 2 0 2 2 2 2 1 2 1 2 1 2 2 0 2 1 2 2 2 2 2 2 2 2 2 2 1 2 0 2 0 2 1 2 1 1
0 18 2 2 2 2 2 2 2 1 2 0 2 1 2 2 1 2 0 0
0 100 1 2 0 1 2 0 1 2 0 1 2 0 2 2 2 1 2 1 2 2 1 2 0 2 0 2 0 2 0 2 1 2 1 2 1 2 1 2 2 2 1 2 0 2 2 2 0 2 1 2 1 2 2 2 1 2 0 2 2 0 2 2 1 2 2 1 2 1 1 2 0 1 2 0 1 2 0 1 2 0 2 1 2 1 2 1 2 0 2 2 1 1 2 1 2 1 2 1 2 1
0 103 1 2 0 1 2 0 1 2 0 1 2 0 2 2 2 1 2 1 2 2 1 2 0 2 0 2 0 2 0 2 1 2 1 2 1 2 1 2 2 2 1 2 0 2 2 2 0 2 1 2 1 2 2 2 1 2 0 2 2 0 2 2 1 2 2 1 2 1 1 2 0 1 2 0 1 2 0 1 2 0 2 1 2 1 2 1 2 0 2 2 1 1 2 1 2 1 2 1 2 1 2 2 1
0 17 2 1 1 2 0 1 2 0 1 2 0 1 2 2 1 2 1
0 62 1 2 0 2 2 2 2 2 2 1 2 1 2 0 2 2 2 2 2 2 1 2 0 1 2 0 2 2 2 2 2 1 2 1 2 0 2 2 2 0 2 2 2 2 2 2 1 2 1 2 2 1 2 0 2 1 1 2 1 2 1 2
0 20 1 2 0 1 2 0 2 2 2 2 2 2 2 2 1 1 2 1 2 1
0 95 1 2 0 1 2 0 1 2 0 1 2 0 2 2 2 1 2 1 2 2 1 2 0 2 0 2 0 2 0 2 1 2 1 2 1 2 1 2 2 2 1 2 0 2 2 2 0 2 1 2 1 2 2 2 1 2 0 2 2 0 2 2 1 2 2 1 2 1 1 2 0 1 2 0 1 2 0 1 2 0 2 1 2 1 2 1 2 0 2 2 1 1 2 1 2
0 50 1 2 0 1 2 0 1 2 0 1 2 0 1 2 0 2 2 2 2 2 2 2 2 2 0 2 1 2 2 1 2 1 2 0 1 2 0 2 2 2 2 2 2 2 2 1 2 2 1 0
0 83 2 2 2 2 2 2 2 2 2 2 2 2 2 2 2 2 1 2 2 2 0 2 2 2 2 0 2 0 2 0 2 2 2 2 2 2 2 1 2 0 1 2 0 1 2 0 1 2 0 1 2 0 2 2 2 2 2 2 2 1 2 1 2 1 2 2 2 2 2 2 1 2 0 2 2 1 2 1 1 2 1 2 1
0 93 1 2 0 1 2 0 1 2 0 1 2 0 2 2 2 1 2 1 2 2 1 2 0 2 0 2 0 2 0 2 1 2 1 2 1 2 1 2 2 2 1 2 0 2 2 2 0 2 1 2 1 2 2 2 1 2 0 2 2 0 2 2 1 2 2 1 2 1 1 2 0 1 2 0 1 2 0 1 2 0 2 1 2 1 2 1 2 0 2 2 1 1 2
0 90 1 2 0 1 2 0 1 2 0 1 2 0 1 2 0 1 2 1 2 1 2 2 2 0 2 1 2 1 2 2 0 2 1 2 2 2 2 2 0 2 2 1 2 1 2 0 2 1 2 2 2 2 2 2 0 2 1 2 2 1 2 2 2 1 0 2 2 0 2 1 2 1 2 0 2 2 2 2 0 2 1 2 2 1 1 2 1 2 1 2
0 79 2 2 2 2 2 2 2 2 2 2 2 2 2 2 2 2 1 2 2 2 0 2 2 2 2 0 2 0 2 0 2 2 2 2 2 2 2 1 2 0 1 2 0 1 2 0 1 2 0 1 2 0 2 2 2 2 2 2 2 1 2 1 2 1 2 2 2 2 2 2 1 2 0 2 2 1 2 1 1
0 72 1 2 0 1 2 0 1 2 0 1 2 0 2 2 2 2 2 1 2 1 2 2 1 2 0 2 2 2 1 2 0 1 2 0 1 2 0 1 2 0 1 2 0 2 2 2 2 2 2 2 2 2 2 2 2 2 2 0 2 0 2 1 2 1 1 2 0 1 2 0 1 2
0 4 2 1 1 2
0 64 1 2 0 1 2 0 1 2 0 1 2 0 1 2 0 2 2 2 2 2 2 2 2 1 2 1 2 2 2 1 2 0 2 1 2 1 0 2 2 2 0 2 2 1 2 1 2 2 2 1 2 0 2 2 1 2 0 2 1 2 1 0 2 0
0 80 2 2 2 2 2 2 2 2 2 2 2 2 2 2 2 2 1 2 2 2 0 2 2 2 2 0 2 0 2 0 2 2 2 2 2 2 2 1 2 0 1 2 0 1 2 0 1 2 0 1 2 0 2 2 2 2 2 2 2 1 2 1 2 1 2 2 2 2 2 2 1 2 0 2 2 1 2 1 1 2
0 81 1 2 0 1 2 0 1 2 0 1 2 0 2 2 2 2 2 2 2 0 2 2 2 2 2 1 2 2 2 1 2 0 2 2 2 2 2 2 2 1 2 2 0 2 1 2 2 0 2 0 2 2 2 2 2 1 2 0 2 2 2 0 2 1 2 0 2 1 2 1 2 1 2 0 2 1 1 2 0 1 2
0 71 1 2 0 1 2 0 1 2 0 1 2 0 1 2 0 2 2 2 2 0 1 0 2 2 2 2 2 2 2 2 2 2 2 2 2 2 2 2 1 2 0 1 2 0 1 2 0 1 2 0 1 2 0 2 2 2 2 2 1 2 1 2 2 1 2 0 0 2 1 2 1
0 36 2 1 2 2 0 2 2 2 2 1 2 1 2 1 2 0 2 1 2 1 2 2 0 2 1 2 1 2 2 1 0 2 1 2 1 2
0 29 2 1 2 1 2 0 2 1 2 2 0 2 1 1 2 1 2 2 2 1 2 2 1 1 2 1 2 1 2
0 47 1 2 0 2 2 2 2 2 2 2 2 2 1 2 2 2 0 2 2 2 2 2 2 2 2 2 2 2 2 0 2 2 2 1 2 0 2 1 2 2 2 2 0 1 2 1 1
0 91 1 2 0 1 2 0 1 2 0 1 2 0 1 2 0 1 2 1 2 1 2 2 2 0 2 1 2 1 2 2 0 2 1 2 2 2 2 2 0 2 2 1 2 1 2 0 2 1 2 2 2 2 2 2 0 2 1 2 2 1 2 2 2 1 0 2 2 0 2 1 2 1 2 0 2 2 2 2 0 2 1 2 2 1 1 2 1 2 1 2 1
0 27 1 2 0 2 2 2 2 0 2 0 2 0 2 2 2 2 2 1 2 1 2 2 0 2 1 1 2
0 111 1 2 0 1 2 0 1 2 0 2 2 2 2 2 2 2 2 2 2 2 2 2 1 2 1 2 1 2 1 2 0 2 1 2 1 1 2 0 1 2 0 1 2 0 1 2 0 2 2 2 2 1 2 0 2 2 2 0 2 2 0 2 2 1 2 2 2 2 2 2 2 2 2 2 2 2 1 2 0 1 2 0 1 2 0 2 2 2 2 2 2 2 2 2 2 2 2 2 2 2 1 2 0 2 1 2 1 1 2 1 2
0 50 1 2 0 1 2 0 2 2 2 2 2 2 2 1 2 0 1 2 0 1 2 0 2 2 2 2 1 2 0 1 2 0 1 2 0 1 2 0 2 0 2 2 1 2 2 1 1 2 1 2
0 46 1 2 0 1 2 0 1 2 0 2 2 2 2 2 2 2 2 2 2 2 2 2 1 2 1 2 1 2 1 2 0 2 1 2 1 1 2 0 1 2 0 1 2 0 1 2
0 39 1 2 0 1 2 0 1 2 0 1 2 0 2 2 2 2 2 2 2 2 2 1 0 2 2 2 2 2 1 2 1 2 1 1 2 1 2 1 2
0 29 1 2 0 2 2 2 2 0 2 0 2 0 2 2 2 2 2 1 2 1 2 2 0 2 1 1 2 0 1
0 95 1 2 0 2 2 2 2 2 2 1 2 1 2 0 2 2 2 2 2 2 1 2 0 1 2 0 2 2 2 2 2 1 2 1 2 0 2 2 2 0 2 2 2 2 2 2 1 2 1 2 2 1 2 0 2 1 1 2 1 2 1 2 1 2 2 2 1 2 0 2 0 2 0 1 2 0 2 2 2 2 2 2 2 2 2 1 2 0 2 1 2 1 2 1 0
0 43 1 2 0 1 2 0 1 2 0 2 2 2 2 2 2 2 2 2 2 2 2 2 1 2 1 2 1 2 1 2 0 2 1 2 1 1 2 0 1 2 0 1 2
0 86 1 2 0 1 2 0 1 2 0 1 2 0 2 2 2 2 2 2 2 0 2 2 2 2 2 1 2 2 2 1 2 0 2 2 2 2 2 2 2 1 2 2 0 2 1 2 2 0 2 0 2 2 2 2 2 1 2 0 2 2 2 0 2 1 2 0 2 1 2 1 2 1 2 0 2 1 1 2 0 1 2 0 1 2 0 1
0 101 2 1 2 0 2 2 2 1 2 0 2 1 2 0 2 2 0 2 1 2 1 2 2 2 1 2 1 2 2 2 2 2 2 2 2 2 2 2 0 2 1 2 0 2 2 2 2 2 2 2 2 2 1 2 2 0 2 1 2 2 1 2 1 2 1 2 1 2 1 2 2 2 1 2 0 2 2 0 2 0 2 2 0 2 2 2 2 2 2 2 2 1 2 1 2 0 2 1 2 0 0
0 63 1 2 0 1 2 0 1 2 0 2 2 2 2 2 2 2 2 2 2 2 2 2 2 2 2 2 2 2 2 2 2 2 2 1 2 0 1 2 0 1 2 0 1 2 0 1 2 0 2 2 1 2 2 1 2 0 2 2 2 2 1 1 2
0 106 1 2 0 1 2 0 1 2 0 1 2 0 2 2 2 1 2 1 2 2 1 2 0 2 0 2 0 2 0 2 1 2 1 2 1 2 1 2 2 2 1 2 0 2 2 2 0 2 1 2 1 2 2 2 1 2 0 2 2 0 2 2 1 2 2 1 2 1 1 2 0 1 2 0 1 2 0 1 2 0 2 1 2 1 2 1 2 0 2 2 1 1 2 1 2 1 2 1 2 1 2 2 1 2 1 2
0 52 1 2 0 1 2 0 1 2 0 1 2 0 2 2 2 2 2 2 2 1 2 0 1 2 0 1 2 0 1 2 0 1 2 0 2 2 2 2 2 2 2 2 2 2 2 2 1 2 0 2 0 0
0 132 2 2 2 2 2 2 0 2 2 0 2 2 2 1 2 1 2 0 2 2 2 2 2 2 2 1 2 1 2 1 2 1 2 1 2 2 2 2 2 0 2 2 2 2 2 2 2 0 2 2 0 2 1 2 2 2 2 2 2 2 2 0 2 1 2 2 1 2 2 1 2 2 2 2 2 2 2 0 2 0 2 1 2 2 1 2 1 2 0 2 0 2 0 2 2 2 2 1 2 1 2 1 2 2 0 2 1 2 2 2 2 2 2 2 2 2 2 1 2 0 2 0 2 1 2 1 1 2 1 2 1 2
0 32 2 1 2 1 2 0 2 1 2 2 0 2 1 1 2 1 2 2 2 1 2 2 1 1 2 1 2 1 2 1 2 1
0 7 1 2 0 1 2 0 1
0 60 1 2 0 2 2 2 2 2 2 1 2 1 2 0 2 2 2 2 2 2 1 2 0 1 2 0 2 2 2 2 2 1 2 1 2 0 2 2 2 0 2 2 2 2 2 2 1 2 1 2 2 1 2 0 2 1 1 2 1 2
0 69 2 1 0 2 2 1 2 0 2 2 1 1 2 1 2 2 2 2 1 2 1 2 1 2 2 2 2 2 2 2 2 1 2 0 1 2 0 1 2 0 1 2 0 1 2 0 2 2 2 2 1 2 0 1 2 0 1 2 0 2 1 1 2 0 1 2 0 1 2
0 30 2 1 2 1 2 0 2 1 2 2 0 2 1 1 2 1 2 2 2 1 2 2 1 1 2 1 2 1 2 1
0 16 1 2 0 1 2 0 1 2 0 2 2 2 1 0 2 0
0 110 1 2 0 1 2 0 1 2 0 2 2 2 2 2 2 2 2 2 2 2 2 2 1 2 1 2 1 2 1 2 0 2 1 2 1 1 2 0 1 2 0 1 2 0 1 2 0 2 2 2 2 1 2 0 2 2 2 0 2 2 0 2 2 1 2 2 2 2 2 2 2 2 2 2 2 2 1 2 0 1 2 0 1 2 0 2 2 2 2 2 2 2 2 2 2 2 2 2 2 2 1 2 0 2 1 2 1 1 2 1
0 49 2 2 2 2 2 2 2 2 0 2 2 1 2 2 2 2 1 2 1 2 2 2 2 2 2 2 2 2 2 2 1 2 0 2 2 0 2 2 2 2 2 1 2 2 2 2 2 1 0
0 73 1 2 0 1 2 0 1 2 0 1 2 0 2 2 2 1 2 1 2 2 1 2 0 2 0 2 0 2 0 2 1 2 1 2 1 2 1 2 2 2 1 2 0 2 2 2 0 2 1 2 1 2 2 2 1 2 0 2 2 0 2 2 1 2 2 1 2 1 1 2 0 1 2
0 17 1 2 0 1 2 0 2 2 2 2 2 2 2 2 1 1 2
0 51 1 2 0 1 2 0 1 2 0 2 2 2 2 0 2 2 0 2 0 2 1 2 1 0 2 2 0 2 2 1 2 1 2 1 2 2 2 2 2 1 2 1 2 2 1 2 1 0 2 1 2
0 4 1 2 0 1
0 89 1 2 0 1 2 0 1 2 0 1 2 0 1 2 0 1 2 1 2 1 2 2 2 0 2 1 2 1 2 2 0 2 1 2 2 2 2 2 0 2 2 1 2 1 2 0 2 1 2 2 2 2 2 2 0 2 1 2 2 1 2 2 2 1 0 2 2 0 2 1 2 1 2 0 2 2 2 2 0 2 1 2 2 1 1 2 1 2 1
0 14 1 2 0 1 2 0 1 2 0 2 2 2 1 0
0 175 1 2 0 1 2 0 1 2 0 1 2 0 2 2 2 2 2 2 2 2 1 2 2 0 2 2 2 0 2 2 2 2 2 2 2 2 2 2 2 2 1 2 2 1 2 0 1 2 0 1 2 0 2 2 2 2 2 2 2 2 2 2 2 2 0 2 1 2 1 2 1 2 1 2 2 0 2 2 2 2 1 2 0 2 2 0 2 1 2 1 2 1 2 1 2 1 2 1 2 1 2 2 1 2 1 2 1 2 1 2 0 2 2 2 1 2 0 2 1 2 1 2 1 2 1 2 1 2 0 1 2 0 1 2 0 1 2 0 2 2 2 2 1 2 1 2 2 1 2 1 2 2 2 2 2 2 2 2 2 0 2 0 2 1 2 1 2 0 2 1 1 2 1 2 1
0 92 1 2 0 1 2 0 1 2 0 1 2 0 2 2 2 1 2 1 2 2 1 2 0 2 0 2 0 2 0 2 1 2 1 2 1 2 1 2 2 2 1 2 0 2 2 2 0 2 1 2 1 2 2 2 1 2 0 2 2 0 2 2 1 2 2 1 2 1 1 2 0 1 2 0 1 2 0 1 2 0 2 1 2 1 2 1 2 0 2 2 1 1
0 50 2 1 2 1 2 1 2 1 2 2 2 2 0 2 2 2 2 2 1 2 2 2 2 2 2 2 2 2 1 1 2 0 1 2 0 1 2 0 1 2 0 1 2 0 1 2 1 2 1 2
0 21 1 2 0 1 2 0 1 2 0 1 2 0 1 2 0 1 2 1 2 1 2
0 17 2 1 2 1 2 0 2 1 2 2 0 2 1 1 2 1 2
0 74 1 2 0 1 2 0 1 2 0 1 2 0 2 2 2 2 2 1 2 1 2 2 1 2 0 2 2 2 1 2 0 1 2 0 1 2 0 1 2 0 1 2 0 2 2 2 2 2 2 2 2 2 2 2 2 2 2 0 2 0 2 1 2 1 1 2 0 1 2 0 1 2 0 1
0 34 1 2 0 1 2 0 1 2 0 2 2 2 2 2 2 2 2 2 0 2 0 2 2 2 0 2 1 2 2 2 1 2 1 1
0 172 1 2 0 1 2 0 1 2 0 1 2 0 2 2 2 2 2 2 2 2 1 2 2 0 2 2 2 0 2 2 2 2 2 2 2 2 2 2 2 2 1 2 2 1 2 0 1 2 0 1 2 0 2 2 2 2 2 2 2 2 2 2 2 2 0 2 1 2 1 2 1 2 1 2 2 0 2 2 2 2 1 2 0 2 2 0 2 1 2 1 2 1 2 1 2 1 2 1 2 1 2 2 1 2 1 2 1 2 1 2 0 2 2 2 1 2 0 2 1 2 1 2 1 2 1 2 1 2 0 1 2 0 1 2 0 1 2 0 2 2 2 2 1 2 1 2 2 1 2 1 2 2 2 2 2 2 2 2 2 0 2 0 2 1 2 1 2 0 2 1 1 2
0 74 1 2 0 1 2 0 1 2 0 1 2 0 1 2 0 2 2 2 2 0 1 0 2 2 2 2 2 2 2 2 2 2 2 2 2 2 2 2 1 2 0 1 2 0 1 2 0 1 2 0 1 2 0 2 2 2 2 2 1 2 1 2 2 1 2 0 0 2 1 2 1 2 1 2
0 40 1 2 0 1 2 0 1 2 0 1 2 0 2 2 2 2 2 2 2 2 2 1 0 2 2 2 2 2 1 2 1 2 1 1 2 1 2 1 2 1
0 81 2 2 2 2 2 2 2 2 2 2 2 2 2 2 2 2 1 2 2 2 0 2 2 2 2 0 2 0 2 0 2 2 2 2 2 2 2 1 2 0 1 2 0 1 2 0 1 2 0 1 2 0 2 2 2 2 2 2 2 1 2 1 2 1 2 2 2 2 2 2 1 2 0 2 2 1 2 1 1 2 1
0 11 1 2 0 1 2 0 1 2 0 1 2
0 58 1 2 0 2 2 2 2 2 2 1 2 1 2 0 2 2 2 2 2 2 1 2 0 1 2 0 2 2 2 2 2 1 2 1 2 0 2 2 2 0 2 2 2 2 2 2 1 2 1 2 2 1 2 0 2 1 1 2
0 71 1 2 0 1 2 0 1 2 0 1 2 0 2 2 2 2 2 1 2 1 2 2 1 2 0 2 2 2 1 2 0 1 2 0 1 2 0 1 2 0 1 2 0 2 2 2 2 2 2 2 2 2 2 2 2 2 2 0 2 0 2 1 2 1 1 2 0 1 2 0 1
0 89 2 1 1 2 0 1 2 0 1 2 0 1 2 0 1 2 0 2 2 2 2 2 2 2 2 2 1 2 0 1 2 0 1 2 0 2 2 2 2 2 2 2 2 2 2 2 2 2 2 2 1 2 0 1 2 0 1 2 0 1 2 0 2 0 2 2 2 2 2 2 2 2 2 0 2 2 2 2 1 2 1 2 1 1 2 1 2 1 2
0 87 1 2 0 2 2 2 2 2 2 2 2 2 2 2 2 2 1 2 2 2 2 2 2 2 0 2 2 0 2 1 2 0 2 1 2 1 2 2 1 2 1 2 2 0 2 1 2 0 2 2 2 1 2 1 2 0 2 0 0 1 2 2 2 0 2 2 2 1 2 2 1 2 2 1 2 1 2 1 2 1 2 2 2 1 2 1 0
0 35 1 2 0 1 2 0 1 2 0 2 2 2 2 2 2 2 2 2 0 2 0 2 2 2 0 2 1 2 2 2 1 2 1 1 2
0 36 1 2 0 1 2 0 1 2 0 2 2 2 2 2 2 2 2 2 2 2 2 2 1 2 1 2 1 2 1 2 0 2 1 2 1 1
0 33 2 1 2 1 2 1 2 1 2 2 2 2 0 2 2 2 2 2 1 2 2 2 2 2 2 2 2 2 1 1 2 0 1
0 115 1 2 0 1 2 0 1 2 0 1 2 0 1 2 0 2 2 2 2 2 2 1 2 2 0 2 2 2 2 1 2 0 2 0 2 2 1 2 0 1 2 0 2 2 2 2 1 2 1 2 1 2 2 2 1 2 2 1 2 0 2 1 2 2 2 2 2 2 2 2 2 2 0 2 2 1 2 1 2 2 0 2 0 2 1 2 0 2 1 2 2 2 2 2 2 2 2 2 2 2 0 2 1 2 2 0 2 2 2 1 2 0 2 1 1
0 63 1 2 0 2 2 2 2 2 2 1 2 1 2 0 2 2 2 2 2 2 1 2 0 1 2 0 2 2 2 2 2 1 2 1 2 0 2 2 2 0 2 2 2 2 2 2 1 2 1 2 2 1 2 0 2 1 1 2 1 2 1 2 1
0 128 1 2 0 1 2 0 1 2 0 1 2 0 1 2 0 2 2 2 2 2 2 1 2 2 0 2 2 2 2 1 2 0 2 0 2 2 1 2 0 1 2 0 2 2 2 2 1 2 1 2 1 2 2 2 1 2 2 1 2 0 2 1 2 2 2 2 2 2 2 2 2 2 0 2 2 1 2 1 2 2 0 2 0 2 1 2 0 2 1 2 2 2 2 2 2 2 2 2 2 2 0 2 1 2 2 0 2 2 2 1 2 0 2 1 1 2 0 1 2 0 1 2 0 1 2 0 1 2
0 73 1 2 0 1 2 0 1 2 0 1 2 0 1 2 0 2 2 2 2 0 1 0 2 2 2 2 2 2 2 2 2 2 2 2 2 2 2 2 1 2 0 1 2 0 1 2 0 1 2 0 1 2 0 2 2 2 2 2 1 2 1 2 2 1 2 0 0 2 1 2 1 2 1
0 15 2 1 1 2 0 1 2 0 1 2 0 1 2 0 1
0 41 1 2 0 1 2 0 1 2 0 1 2 0 2 2 2 2 2 2 2 2 2 1 0 2 2 2 2 2 1 2 1 2 1 1 2 1 2 1 2 1 2
0 20 1 2 0 1 2 0 1 2 0 1 2 0 1 2 0 1 2 1 2 1
0 99 1 2 0 1 2 0 1 2 0 1 2 0 2 2 2 1 2 1 2 2 1 2 0 2 0 2 0 2 0 2 1 2 1 2 1 2 1 2 2 2 1 2 0 2 2 2 0 2 1 2 1 2 2 2 1 2 0 2 2 0 2 2 1 2 2 1 2 1 1 2 0 1 2 0 1 2 0 1 2 0 2 1 2 1 2 1 2 0 2 2 1 1 2 1 2 1 2 1 2
0 15 1 2 0 1 2 0 2 2 2 0 2 0 2 1 1
0 102 2 2 0 2 2 1 2 1 1 2 2 0 2 0 2 2 2 2 2 2 2 2 2 2 2 2 1 2 0 1 2 0 1 2 0 1 2 0 2 2 2 2 2 1 2 0 1 2 0 1 2 0 2 2 2 2 1 2 1 2 0 2 1 2 1 2 1 2 1 2 2 2 2 1 2 0 1 2 0 1 2 0 1 2 0 1 2 0 2 2 2 1 0 2 2 0 2 0 2 2 0 0
0 45 1 2 0 1 2 0 1 2 0 2 2 2 2 2 2 2 2 2 2 2 2 2 1 2 1 2 1 2 1 2 0 2 1 2 1 1 2 0 1 2 0 1 2 0 1
0 65 1 2 0 1 2 0 1 2 0 2 2 2 2 2 2 2 2 2 2 2 2 2 2 2 2 2 2 2 2 2 2 2 2 1 2 0 1 2 0 1 2 0 1 2 0 1 2 0 2 2 1 2 2 1 2 0 2 2 2 2 1 1 2 1 2
0 14 2 1 2 1 2 0 2 1 2 2 0 2 1 1
0 15 2 1 0 2 2 1 2 0 2 2 1 1 2 1 2
0 34 2 1 2 2 0 2 2 2 2 1 2 1 2 1 2 0 2 1 2 1 2 2 0 2 1 2 1 2 2 1 0 2 1 2
0 34 2 1 2 1 2 1 2 1 2 2 2 2 0 2 2 2 2 2 1 2 2 2 2 2 2 2 2 2 1 1 2 0 1 2
0 73 1 2 0 1 2 0 1 2 0 2 2 2 2 2 1 2 0 2 2 2 2 2 2 2 2 2 1 2 1 2 0 2 0 2 2 2 1 2 1 2 1 2 1 2 1 2 2 2 2 2 2 2 0 2 2 1 2 1 2 2 2 0 2 1 2 1 1 2 0 1 2 0 1
0 59 1 2 0 2 2 2 2 2 2 2 2 2 2 2 2 2 1 2 2 2 2 2 2 2 0 2 2 0 2 1 2 0 2 1 2 1 2 2 1 2 1 2 2 0 2 1 2 0 2 2 2 1 2 1 2 0 2 0 0
0 86 2 1 1 2 0 1 2 0 1 2 0 1 2 0 1 2 0 2 2 2 2 2 2 2 2 2 1 2 0 1 2 0 1 2 0 2 2 2 2 2 2 2 2 2 2 2 2 2 2 2 1 2 0 1 2 0 1 2 0 1 2 0 2 0 2 2 2 2 2 2 2 2 2 0 2 2 2 2 1 2 1 2 1 1 2 1
0 47 1 2 0 2 2 2 0 2 2 0 2 0 2 1 2 2 2 2 2 2 2 2 1 2 1 2 1 2 1 2 1 2 2 2 0 2 2 1 2 1 2 1 2 1 1 2 1
0 50 1 2 0 1 2 0 1 2 0 2 2 2 2 0 2 2 0 2 0 2 1 2 1 0 2 2 0 2 2 1 2 1 2 1 2 2 2 2 2 1 2 1 2 2 1 2 1 0 2 1
0 83 2 1 2 2 0 2 2 2 2 1 2 1 2 1 2 0 2 1 2 1 2 2 0 2 1 2 1 2 2 1 0 2 1 2 1 2 1 2 2 2 1 2 1 2 1 2 1 2 0 1 2 0 1 2 0 1 2 0 2 2 2 2 2 0 2 0 2 2 0 2 1 2 1 2 1 0 2 2 2 0 2 1 0
0 23 1 2 0 1 2 0 1 2 0 1 2 0 2 2 2 2 2 2 2 2 2 1 0
0 52 2 1 2 1 2 1 2 1 2 2 2 2 0 2 2 2 2 2 1 2 2 2 2 2 2 2 2 2 1 1 2 0 1 2 0 1 2 0 1 2 0 1 2 0 1 2 1 2 1 2 2 0
0 23 1 2 0 1 2 0 1 2 0 2 2 2 2 2 2 2 2 2 2 2 2 1 0
0 66 1 2 0 1 2 0 1 2 0 1 2 0 2 2 2 2 2 1 2 1 2 2 1 2 0 2 2 2 1 2 0 1 2 0 1 2 0 1 2 0 1 2 0 2 2 2 2 2 2 2 2 2 2 2 2 2 2 0 2 0 2 1 2 1 1 2
0 64 1 2 0 2 2 2 2 2 2 1 2 1 2 0 2 2 2 2 2 2 1 2 0 1 2 0 2 2 2 2 2 1 2 1 2 0 2 2 2 0 2 2 2 2 2 2 1 2 1 2 2 1 2 0 2 1 1 2 1 2 1 2 1 2
0 49 1 2 0 1 2 0 2 2 2 2 2 2 2 1 2 0 1 2 0 1 2 0 2 2 2 2 1 2 0 1 2 0 1 2 0 1 2 0 2 0 2 2 1 2 2 1 1 2 1
0 61 1 2 0 2 2 2 2 2 2 1 2 1 2 0 2 2 2 2 2 2 1 2 0 1 2 0 2 2 2 2 2 1 2 1 2 0 2 2 2 0 2 2 2 2 2 2 1 2 1 2 2 1 2 0 2 1 1 2 1 2 1
0 18 1 2 0 1 2 0 2 2 2 2 2 2 2 2 1 1 2 1
0 26 1 2 0 2 2 1 2 0 1 2 0 1 2 0 2 2 2 0 2 0 2 2 1 2 1 0
0 94 1 2 0 1 2 0 1 2 0 1 2 0 2 2 2 1 2 1 2 2 1 2 0 2 0 2 0 2 0 2 1 2 1 2 1 2 1 2 2 2 1 2 0 2 2 2 0 2 1 2 1 2 2 2 1 2 0 2 2 0 2 2 1 2 2 1 2 1 1 2 0 1 2 0 1 2 0 1 2 0 2 1 2 1 2 1 2 0 2 2 1 1 2 1
0 26 1 2 0 2 2 2 2 0 2 0 2 0 2 2 2 2 2 1 2 1 2 2 0 2 1 1
0 38 1 2 0 1 2 0 1 2 0 1 2 0 1 2 0 2 2 2 2 2 2 2 2 2 2 2 1 2 2 2 1 2 0 2 0 2 1 0
0 77 1 2 0 1 2 0 1 2 0 1 2 0 2 2 2 2 2 2 2 0 2 2 2 2 2 1 2 2 2 1 2 0 2 2 2 2 2 2 2 1 2 2 0 2 1 2 2 0 2 0 2 2 2 2 2 1 2 0 2 2 2 0 2 1 2 0 2 1 2 1 2 1 2 0 2 1 1
0 133 2 2 2 2 2 2 0 2 2 0 2 2 2 1 2 1 2 0 2 2 2 2 2 2 2 1 2 1 2 1 2 1 2 1 2 2 2 2 2 0 2 2 2 2 2 2 2 0 2 2 0 2 1 2 2 2 2 2 2 2 2 0 2 1 2 2 1 2 2 1 2 2 2 2 2 2 2 0 2 0 2 1 2 2 1 2 1 2 0 2 0 2 0 2 2 2 2 1 2 1 2 1 2 2 0 2 1 2 2 2 2 2 2 2 2 2 2 1 2 0 2 0 2 1 2 1 1 2 1 2 1 2 1
0 25 1 2 0 1 2 0 1 2 0 1 2 0 2 2 2 2 2 2 2 2 2 2 2 1 1
0 37 2 1 2 1 2 1 2 1 2 2 2 2 0 2 2 2 2 2 1 2 2 2 2 2 2 2 2 2 1 1 2 0 1 2 0 1 2
0 56 1 2 0 2 2 2 2 2 2 2 2 2 1 2 2 2 0 2 2 2 2 2 2 2 2 2 2 2 2 0 2 2 2 1 2 0 2 1 2 2 2 2 0 1 2 1 1 2 1 2 1 2 1 2 1 2
0 24 1 2 0 1 2 0 1 2 0 2 2 2 2 0 2 2 0 2 0 2 1 2 1 0
0 67 1 2 0 1 2 0 1 2 0 2 2 2 2 2 1 2 0 2 2 2 2 2 2 2 2 2 1 2 1 2 0 2 0 2 2 2 1 2 1 2 1 2 1 2 1 2 2 2 2 2 2 2 0 2 2 1 2 1 2 2 2 0 2 1 2 1 1
0 7 2 1 1 2 0 1 2
0 51 2 2 2 2 2 2 2 2 0 2 2 1 2 2 2 2 1 2 1 2 2 2 2 2 2 2 2 2 2 2 1 2 0 2 2 0 2 2 2 2 2 1 2 2 2 2 2 1 0 2 0
0 65 2 1 0 2 2 1 2 0 2 2 1 1 2 1 2 2 2 2 1 2 1 2 1 2 2 2 2 2 2 2 2 1 2 0 1 2 0 1 2 0 1 2 0 1 2 0 2 2 2 2 1 2 0 1 2 0 1 2 0 2 1 1 2 0 1
0 13 2 1 0 2 2 1 2 0 2 2 1 1 2
0 13 1 2 0 1 2 0 1 2 0 1 2 0 1
0 16 1 2 0 1 2 0 2 2 2 2 2 2 2 2 1 1
0 48 1 2 0 1 2 0 1 2 0 2 2 2 2 0 2 2 0 2 0 2 1 2 1 0 2 2 0 2 2 1 2 1 2 1 2 2 2 2 2 1 2 1 2 2 1 2 1 0
0 5 1 2 0 1 2
0 116 1 2 0 1 2 0 1 2 0 1 2 0 1 2 0 2 2 2 2 2 2 1 2 2 0 2 2 2 2 1 2 0 2 0 2 2 1 2 0 1 2 0 2 2 2 2 1 2 1 2 1 2 2 2 1 2 2 1 2 0 2 1 2 2 2 2 2 2 2 2 2 2 0 2 2 1 2 1 2 2 0 2 0 2 1 2 0 2 1 2 2 2 2 2 2 2 2 2 2 2 0 2 1 2 2 0 2 2 2 1 2 0 2 1 1 2
0 34 1 2 0 1 2 0 1 2 0 1 2 0 2 2 2 2 2 2 2 2 2 2 2 1 1 2 0 1 2 0 1 2 0 1
0 31 2 1 2 2 0 2 2 2 2 1 2 1 2 1 2 0 2 1 2 1 2 2 0 2 1 2 1 2 2 1 0
0 45 2 1 2 1 2 1 2 1 2 2 2 2 0 2 2 2 2 2 1 2 2 2 2 2 2 2 2 2 1 1 2 0 1 2 0 1 2 0 1 2 0 1 2 0 1
0 24 2 1 1 2 0 1 2 0 1 2 0 1 2 2 1 2 1 2 1 2 1 2 1 2
0 108 1 2 0 1 2 0 1 2 0 2 2 2 2 2 2 2 2 2 2 2 2 2 1 2 1 2 1 2 1 2 0 2 1 2 1 1 2 0 1 2 0 1 2 0 1 2 0 2 2 2 2 1 2 0 2 2 2 0 2 2 0 2 2 1 2 2 2 2 2 2 2 2 2 2 2 2 1 2 0 1 2 0 1 2 0 2 2 2 2 2 2 2 2 2 2 2 2 2 2 2 1 2 0 2 1 2 1 1
0 33 1 2 0 1 2 0 1 2 0 1 2 0 2 2 2 2 2 2 0 2 2 2 2 2 1 2 0 2 0 2 1 1 2
0 28 2 1 2 1 2 0 2 1 2 2 0 2 1 1 2 1 2 2 2 1 2 2 1 1 2 1 2 1
0 10 2 1 1 2 0 1 2 0 1 2
0 76 2 1 2 2 0 2 2 2 2 1 2 1 2 1 2 0 2 1 2 1 2 2 0 2 1 2 1 2 2 1 0 2 1 2 1 2 1 2 2 2 1 2 1 2 1 2 1 2 0 1 2 0 1 2 0 1 2 0 2 2 2 2 2 0 2 0 2 2 0 2 1 2 1 2 1 0
0 34 1 2 0 1 2 0 1 2 0 1 2 0 2 2 2 2 2 2 2 2 2 1 0 2 2 2 2 2 1 2 1 2 1 1
0 75 1 2 0 1 2 0 1 2 0 1 2 0 2 2 2 2 2 1 2 1 2 2 1 2 0 2 2 2 1 2 0 1 2 0 1 2 0 1 2 0 1 2 0 2 2 2 2 2 2 2 2 2 2 2 2 2 2 0 2 0 2 1 2 1 1 2 0 1 2 0 1 2 0 1 2
0 24 2 1 2 1 2 0 2 1 2 2 0 2 1 1 2 1 2 2 2 1 2 2 1 1
0 10 2 2 0 2 2 1 2 1 1 2
0 62 1 2 0 1 2 0 1 2 0 1 2 0 1 2 0 2 2 2 2 2 2 2 2 1 2 1 2 2 2 1 2 0 2 1 2 1 0 2 2 2 0 2 2 1 2 1 2 2 2 1 2 0 2 2 1 2 0 2 1 2 1 0
0 49 1 2 0 2 2 2 2 2 2 2 2 2 1 2 2 2 0 2 2 2 2 2 2 2 2 2 2 2 2 0 2 2 2 1 2 0 2 1 2 2 2 2 0 1 2 1 1 2 1
0 78 1 2 0 1 2 0 1 2 0 1 2 0 2 2 2 1 2 1 2 2 1 2 0 2 0 2 0 2 0 2 1 2 1 2 1 2 1 2 2 2 1 2 0 2 2 2 0 2 1 2 1 2 2 2 1 2 0 2 2 0 2 2 1 2 2 1 2 1 1 2 0 1 2 0 1 2 0 1
0 50 1 2 0 2 2 2 2 2 2 2 2 2 1 2 2 2 0 2 2 2 2 2 2 2 2 2 2 2 2 0 2 2 2 1 2 0 2 1 2 2 2 2 0 1 2 1 1 2 1 2
0 62 1 2 0 1 2 0 2 2 2 2 2 2 2 2 1 1 2 1 2 1 2 1 2 2 2 1 2 2 1 2 1 2 1 2 2 2 2 2 2 2 2 2 2 2 0 2 1 2 2 0 2 2 2 2 1 2 1 2 1 2 0 0
0 87 1 2 0 1 2 0 1 2 0 1 2 0 1 2 0 1 2 1 2 1 2 2 2 0 2 1 2 1 2 2 0 2 1 2 2 2 2 2 0 2 2 1 2 1 2 0 2 1 2 2 2 2 2 2 0 2 1 2 2 1 2 2 2 1 0 2 2 0 2 1 2 1 2 0 2 2 2 2 0 2 1 2 2 1 1 2 1
0 16 2 1 1 2 0 1 2 0 1 2 0 1 2 0 1 2
0 84 1 2 0 1 2 0 1 2 0 1 2 0 2 2 2 2 2 2 2 0 2 2 2 2 2 1 2 2 2 1 2 0 2 2 2 2 2 2 2 1 2 2 0 2 1 2 2 0 2 0 2 2 2 2 2 1 2 0 2 2 2 0 2 1 2 0 2 1 2 1 2 1 2 0 2 1 1 2 0 1 2 0 1 2
0 72 1 2 0 1 2 0 1 2 0 1 2 0 1 2 0 2 2 2 2 0 1 0 2 2 2 2 2 2 2 2 2 2 2 2 2 2 2 2 1 2 0 1 2 0 1 2 0 1 2 0 1 2 0 2 2 2 2 2 1 2 1 2 2 1 2 0 0 2 1 2 1 2
0 30 2 1 2 1 2 1 2 1 2 2 2 2 0 2 2 2 2 2 1 2 2 2 2 2 2 2 2 2 1 1
0 33 2 1 2 1 2 0 2 1 2 2 0 2 1 1 2 1 2 2 2 1 2 2 1 1 2 1 2 1 2 1 2 1 2
0 93 2 1 1 2 0 1 2 0 1 2 0 1 2 0 1 2 0 2 2 2 2 2 2 2 2 2 1 2 0 1 2 0 1 2 0 2 2 2 2 2 2 2 2 2 2 2 2 2 2 2 1 2 0 1 2 0 1 2 0 1 2 0 2 0 2 2 2 2 2 2 2 2 2 0 2 2 2 2 1 2 1 2 1 1 2 1 2 1 2 1 2 1 2
0 171 1 2 0 1 2 0 1 2 0 1 2 0 2 2 2 2 2 2 2 2 1 2 2 0 2 2 2 0 2 2 2 2 2 2 2 2 2 2 2 2 1 2 2 1 2 0 1 2 0 1 2 0 2 2 2 2 2 2 2 2 2 2 2 2 0 2 1 2 1 2 1 2 1 2 2 0 2 2 2 2 1 2 0 2 2 0 2 1 2 1 2 1 2 1 2 1 2 1 2 1 2 2 1 2 1 2 1 2 1 2 0 2 2 2 1 2 0 2 1 2 1 2 1 2 1 2 1 2 0 1 2 0 1 2 0 1 2 0 2 2 2 2 1 2 1 2 2 1 2 1 2 2 2 2 2 2 2 2 2 0 2 0 2 1 2 1 2 0 2 1 1
0 37 1 2 0 1 2 0 1 2 0 1 2 0 1 2 0 2 2 2 2 2 2 2 2 1 2 1 2 2 2 1 2 0 2 1 2 1 0
0 48 1 2 0 2 2 2 2 2 2 2 2 2 1 2 2 2 0 2 2 2 2 2 2 2 2 2 2 2 2 0 2 2 2 1 2 0 2 1 2 2 2 2 0 1 2 1 1 2
0 3 2 1 0
0 50 1 2 0 2 2 2 0 2 2 0 2 0 2 1 2 2 2 2 2 2 2 2 1 2 1 2 1 2 1 2 1 2 2 2 0 2 2 1 2 1 2 1 2 1 1 2 1 2 1 2
0 69 1 2 0 1 2 0 1 2 0 2 2 2 2 2 2 2 2 2 2 2 2 2 2 2 2 2 2 2 2 2 2 2 2 1 2 0 1 2 0 1 2 0 1 2 0 1 2 0 2 2 1 2 2 1 2 0 2 2 2 2 1 1 2 1 2 2 1 2 1
0 13 2 1 1 2 0 1 2 0 1 2 0 1 2
0 20 2 1 1 2 0 1 2 0 1 2 0 1 2 2 1 2 1 2 1 2
0 109 1 2 0 1 2 0 1 2 0 2 2 2 2 2 2 2 2 2 2 2 2 2 1 2 1 2 1 2 1 2 0 2 1 2 1 1 2 0 1 2 0 1 2 0 1 2 0 2 2 2 2 1 2 0 2 2 2 0 2 2 0 2 2 1 2 2 2 2 2 2 2 2 2 2 2 2 1 2 0 1 2 0 1 2 0 2 2 2 2 2 2 2 2 2 2 2 2 2 2 2 1 2 0 2 1 2 1 1 2
0 82 2 2 2 2 2 2 2 2 2 2 2 2 2 2 2 2 1 2 2 2 0 2 2 2 2 0 2 0 2 0 2 2 2 2 2 2 2 1 2 0 1 2 0 1 2 0 1 2 0 1 2 0 2 2 2 2 2 2 2 1 2 1 2 1 2 2 2 2 2 2 1 2 0 2 2 1 2 1 1 2 1 2
0 30 1 2 0 2 2 2 2 0 2 0 2 0 2 2 2 2 2 1 2 1 2 2 0 2 1 1 2 0 1 2
0 6 2 1 1 2 0 1
0 34 2 2 2 2 2 2 2 2 2 2 0 2 2 2 2 0 2 0 2 2 2 2 2 2 1 2 1 1 2 0 1 2 0 1
0 42 1 2 0 1 2 0 1 2 0 2 2 2 2 2 2 2 2 2 2 2 2 2 1 2 1 2 1 2 1 2 0 2 1 2 1 1 2 0 1 2 0 1
0 23 2 1 2 2 2 2 2 2 2 2 2 2 2 2 2 2 2 1 2 0 2 1 0
0 39 1 2 0 1 2 0 1 2 0 2 2 2 2 2 2 2 2 2 2 2 2 2 1 2 1 2 1 2 1 2 0 2 1 2 1 1 2 0 1
0 29 2 2 2 2 2 2 2 2 2 2 0 2 2 2 2 0 2 0 2 2 2 2 2 2 1 2 1 1 2
0 19 2 1 1 2 0 1 2 0 1 2 0 1 2 2 1 2 1 2 1
0 110 1 2 0 1 2 0 1 2 0 1 2 0 2 2 2 1 2 1 2 2 1 2 0 2 0 2 0 2 0 2 1 2 1 2 1 2 1 2 2 2 1 2 0 2 2 2 0 2 1 2 1 2 2 2 1 2 0 2 2 0 2 2 1 2 2 1 2 1 1 2 0 1 2 0 1 2 0 1 2 0 2 1 2 1 2 1 2 0 2 2 1 1 2 1 2 1 2 1 2 1 2 2 1 2 1 2 1 2 2 1
0 66 2 1 0 2 2 1 2 0 2 2 1 1 2 1 2 2 2 2 1 2 1 2 1 2 2 2 2 2 2 2 2 1 2 0 1 2 0 1 2 0 1 2 0 1 2 0 2 2 2 2 1 2 0 1 2 0 1 2 0 2 1 1 2 0 1 2
0 40 2 1 2 1 2 1 2 1 2 2 2 2 0 2 2 2 2 2 1 2 2 2 2 2 2 2 2 2 1 1 2 0 1 2 0 1 2 0 1 2
0 12 2 1 1 2 0 1 2 0 1 2 0 1
0 25 2 1 2 1 2 0 2 1 2 2 0 2 1 1 2 1 2 2 2 1 2 2 1 1 2
0 87 2 2 2 2 2 2 2 2 2 2 2 2 2 2 2 2 1 2 2 2 0 2 2 2 2 0 2 0 2 0 2 2 2 2 2 2 2 1 2 0 1 2 0 1 2 0 1 2 0 1 2 0 2 2 2 2 2 2 2 1 2 1 2 1 2 2 2 2 2 2 1 2 0 2 2 1 2 1 1 2 1 2 1 2 1 2 1
0 21 1 2 0 1 2 0 2 2 2 2 2 2 2 2 1 1 2 1 2 1 2
0 174 1 2 0 1 2 0 1 2 0 1 2 0 2 2 2 2 2 2 2 2 1 2 2 0 2 2 2 0 2 2 2 2 2 2 2 2 2 2 2 2 1 2 2 1 2 0 1 2 0 1 2 0 2 2 2 2 2 2 2 2 2 2 2 2 0 2 1 2 1 2 1 2 1 2 2 0 2 2 2 2 1 2 0 2 2 0 2 1 2 1 2 1 2 1 2 1 2 1 2 1 2 2 1 2 1 2 1 2 1 2 0 2 2 2 1 2 0 2 1 2 1 2 1 2 1 2 1 2 0 1 2 0 1 2 0 1 2 0 2 2 2 2 1 2 1 2 2 1 2 1 2 2 2 2 2 2 2 2 2 0 2 0 2 1 2 1 2 0 2 1 1 2 1 2
0 35 1 2 0 1 2 0 1 2 0 1 2 0 2 2 2 2 2 2 2 2 2 1 0 2 2 2 2 2 1 2 1 2 1 1 2
0 36 1 2 0 1 2 0 1 2 0 1 2 0 2 2 2 2 2 1 2 2 2 2 2 2 2 2 2 2 2 2 1 2 0 2 1 0
0 43 2 1 2 1 2 1 2 1 2 2 2 2 0 2 2 2 2 2 1 2 2 2 2 2 2 2 2 2 1 1 2 0 1 2 0 1 2 0 1 2 0 1 2
0 16 1 2 0 1 2 0 2 2 2 2 1 2 1 2 0 0
0 15 1 2 0 1 2 0 1 2 0 1 2 0 0 2 0
0 108 1 2 0 1 2 0 1 2 0 1 2 0 2 2 2 1 2 1 2 2 1 2 0 2 0 2 0 2 0 2 1 2 1 2 1 2 1 2 2 2 1 2 0 2 2 2 0 2 1 2 1 2 2 2 1 2 0 2 2 0 2 2 1 2 2 1 2 1 1 2 0 1 2 0 1 2 0 1 2 0 2 1 2 1 2 1 2 0 2 2 1 1 2 1 2 1 2 1 2 1 2 2 1 2 1 2 1 2
0 83 2 1 2 2 2 2 1 2 1 2 2 2 1 2 1 2 1 2 2 2 2 2 1 2 0 2 1 2 2 2 2 2 0 2 2 2 2 2 1 2 1 2 1 2 0 1 2 0 1 2 0 2 2 2 2 2 2 2 0 2 0 2 2 2 0 2 2 2 2 1 2 1 2 1 2 1 1 2 0 1 2 0 1
0 93 2 2 0 2 2 1 2 1 1 2 2 0 2 0 2 2 2 2 2 2 2 2 2 2 2 2 1 2 0 1 2 0 1 2 0 1 2 0 2 2 2 2 2 1 2 0 1 2 0 1 2 0 2 2 2 2 1 2 1 2 0 2 1 2 1 2 1 2 1 2 2 2 2 1 2 0 1 2 0 1 2 0 1 2 0 1 2 0 2 2 2 1 0
0 85 2 1 1 2 0 1 2 0 1 2 0 1 2 0 1 2 0 2 2 2 2 2 2 2 2 2 1 2 0 1 2 0 1 2 0 2 2 2 2 2 2 2 2 2 2 2 2 2 2 2 1 2 0 1 2 0 1 2 0 1 2 0 2 0 2 2 2 2 2 2 2 2 2 0 2 2 2 2 1 2 1 2 1 1 2
0 76 1 2 0 1 2 0 1 2 0 1 2 0 2 2 2 1 2 1 2 2 1 2 0 2 0 2 0 2 0 2 1 2 1 2 1 2 1 2 2 2 1 2 0 2 2 2 0 2 1 2 1 2 2 2 1 2 0 2 2 0 2 2 1 2 2 1 2 1 1 2 0 1 2 0 1 2
0 96 1 2 0 1 2 0 1 2 0 1 2 0 2 2 2 1 2 1 2 2 1 2 0 2 0 2 0 2 0 2 1 2 1 2 1 2 1 2 2 2 1 2 0 2 2 2 0 2 1 2 1 2 2 2 1 2 0 2 2 0 2 2 1 2 2 1 2 1 1 2 0 1 2 0 1 2 0 1 2 0 2 1 2 1 2 1 2 0 2 2 1 1 2 1 2 1
0 46 1 2 0 2 2 2 0 2 2 0 2 0 2 1 2 2 2 2 2 2 2 2 1 2 1 2 1 2 1 2 1 2 2 2 0 2 2 1 2 1 2 1 2 1 1 2
0 38 1 2 0 1 2 0 1 2 0 1 2 0 2 2 2 2 2 2 2 2 2 1 0 2 2 2 2 2 1 2 1 2 1 1 2 1 2 1
0 36 1 2 0 1 2 0 1 2 0 2 2 2 2 2 2 2 2 2 0 2 0 2 2 2 0 2 1 2 2 2 1 2 1 1 2 1
0 22 1 2 0 1 2 0 1 2 0 1 2 0 1 2 0 2 2 2 2 0 1 0
0 23 1 2 0 1 2 0 2 2 2 2 2 2 2 2 1 1 2 1 2 1 2 1 2
0 124 1 2 0 1 2 0 1 2 0 1 2 0 1 2 0 2 2 2 2 2 2 1 2 2 0 2 2 2 2 1 2 0 2 0 2 2 1 2 0 1 2 0 2 2 2 2 1 2 1 2 1 2 2 2 1 2 2 1 2 0 2 1 2 2 2 2 2 2 2 2 2 2 0 2 2 1 2 1 2 2 0 2 0 2 1 2 0 2 1 2 2 2 2 2 2 2 2 2 2 2 0 2 1 2 2 0 2 2 2 1 2 0 2 1 1 2 0 1 2 0 1 2 0 1
0 35 2 2 2 2 2 2 2 2 2 2 0 2 2 2 2 0 2 0 2 2 2 2 2 2 1 2 1 1 2 0 1 2 0 1 2
0 18 2 1 1 2 0 1 2 0 1 2 0 1 2 2 1 2 1 2
0 33 2 1 2 2 0 2 2 2 2 1 2 1 2 1 2 0 2 1 2 1 2 2 0 2 1 2 1 2 2 1 0 2 1
0 47 1 2 0 1 2 0 2 2 2 2 2 2 2 1 2 0 1 2 0 1 2 0 2 2 2 2 1 2 0 1 2 0 1 2 0 1 2 0 2 0 2 2 1 2 2 1 1
0 23 1 2 0 1 2 0 1 2 0 2 2 2 1 2 2 0 2 2 0 2 2 1 0
0 29 1 2 0 1 2 0 2 2 2 2 1 2 1 2 1 2 1 2 2 1 2 1 2 1 2 2 0 1 0
0 92 1 2 0 1 2 0 1 2 0 1 2 0 1 2 0 1 2 1 2 1 2 2 2 0 2 1 2 1 2 2 0 2 1 2 2 2 2 2 0 2 2 1 2 1 2 0 2 1 2 2 2 2 2 2 0 2 1 2 2 1 2 2 2 1 0 2 2 0 2 1 2 1 2 0 2 2 2 2 0 2 1 2 2 1 1 2 1 2 1 2 1 2
0 49 2 1 2 1 2 1 2 1 2 2 2 2 0 2 2 2 2 2 1 2 2 2 2 2 2 2 2 2 1 1 2 0 1 2 0 1 2 0 1 2 0 1 2 0 1 2 1 2 1
0 107 1 2 0 1 2 0 1 2 0 1 2 0 2 2 2 1 2 1 2 2 1 2 0 2 0 2 0 2 0 2 1 2 1 2 1 2 1 2 2 2 1 2 0 2 2 2 0 2 1 2 1 2 2 2 1 2 0 2 2 0 2 2 1 2 2 1 2 1 1 2 0 1 2 0 1 2 0 1 2 0 2 1 2 1 2 1 2 0 2 2 1 1 2 1 2 1 2 1 2 1 2 2 1 2 1 2 1
0 68 1 2 0 1 2 0 1 2 0 2 2 2 2 2 2 2 2 2 2 2 2 2 2 2 2 2 2 2 2 2 2 2 2 1 2 0 1 2 0 1 2 0 1 2 0 1 2 0 2 2 1 2 2 1 2 0 2 2 2 2 1 1 2 1 2 2 1 2
0 16 2 1 2 1 2 0 2 1 2 2 0 2 1 1 2 1
0 26 2 1 2 1 2 0 2 1 2 2 0 2 1 1 2 1 2 2 2 1 2 2 1 1 2 1
0 19 1 2 0 1 2 0 2 2 2 2 2 2 2 2 1 1 2 1 2
0 104 1 2 0 1 2 0 1 2 0 1 2 0 2 2 2 1 2 1 2 2 1 2 0 2 0 2 0 2 0 2 1 2 1 2 1 2 1 2 2 2 1 2 0 2 2 2 0 2 1 2 1 2 2 2 1 2 0 2 2 0 2 2 1 2 2 1 2 1 1 2 0 1 2 0 1 2 0 1 2 0 2 1 2 1 2 1 2 0 2 2 1 1 2 1 2 1 2 1 2 1 2 2 1 2
0 88 1 2 0 1 2 0 1 2 0 1 2 0 1 2 0 1 2 1 2 1 2 2 2 0 2 1 2 1 2 2 0 2 1 2 2 2 2 2 0 2 2 1 2 1 2 0 2 1 2 2 2 2 2 2 0 2 1 2 2 1 2 2 2 1 0 2 2 0 2 1 2 1 2 0 2 2 2 2 0 2 1 2 2 1 1 2 1 2
0 78 2 1 2 2 2 2 1 2 1 2 2 2 1 2 1 2 1 2 2 2 2 2 1 2 0 2 1 2 2 2 2 2 0 2 2 2 2 2 1 2 1 2 1 2 0 1 2 0 1 2 0 2 2 2 2 2 2 2 0 2 0 2 2 2 0 2 2 2 2 1 2 1 2 1 2 1 1 2
0 91 1 2 0 1 2 0 1 2 0 1 2 0 2 2 2 2 2 2 2 2 2 2 2 2 1 2 0 2 1 2 1 2 1 2 2 1 2 1 2 2 2 0 2 1 2 1 2 0 2 0 2 1 2 1 2 2 1 2 1 2 2 2 2 2 2 2 2 2 2 2 2 2 2 1 2 1 2 1 2 1 2 2 0 2 2 0 2 2 2 0 0
0 70 1 2 0 1 2 0 1 2 0 2 2 2 2 2 2 2 2 2 2 2 2 2 2 2 2 2 2 2 2 2 2 2 2 1 2 0 1 2 0 1 2 0 1 2 0 1 2 0 2 2 1 2 2 1 2 0 2 2 2 2 1 1 2 1 2 2 1 2 1 2
0 68 1 2 0 1 2 0 1 2 0 1 2 0 2 2 2 2 2 1 2 1 2 2 1 2 0 2 2 2 1 2 0 1 2 0 1 2 0 1 2 0 1 2 0 2 2 2 2 2 2 2 2 2 2 2 2 2 2 0 2 0 2 1 2 1 1 2 0 1
0 17 1 2 0 1 2 0 1 2 0 1 2 0 1 2 0 1 2
0 46 2 1 2 1 2 1 2 1 2 2 2 2 0 2 2 2 2 2 1 2 2 2 2 2 2 2 2 2 1 1 2 0 1 2 0 1 2 0 1 2 0 1 2 0 1 2
0 12 2 1 0 2 2 1 2 0 2 2 1 1
0 15 2 1 2 1 2 0 2 1 2 2 0 2 1 1 2
0 69 1 2 0 1 2 0 1 2 0 1 2 0 2 2 2 1 2 1 2 2 1 2 0 2 0 2 0 2 0 2 1 2 1 2 1 2 1 2 2 2 1 2 0 2 2 2 0 2 1 2 1 2 2 2 1 2 0 2 2 0 2 2 1 2 2 1 2 1 1
0 37 2 1 2 2 0 2 2 2 2 1 2 1 2 1 2 0 2 1 2 1 2 2 0 2 1 2 1 2 2 1 0 2 1 2 1 2 1
0 70 1 2 0 1 2 0 1 2 0 2 2 2 2 2 1 2 0 2 2 2 2 2 2 2 2 2 1 2 1 2 0 2 0 2 2 2 1 2 1 2 1 2 1 2 1 2 2 2 2 2 2 2 0 2 2 1 2 1 2 2 2 0 2 1 2 1 1 2 0 1
0 65 1 2 0 1 2 0 1 2 0 1 2 0 2 2 2 2 2 1 2 1 2 2 1 2 0 2 2 2 1 2 0 1 2 0 1 2 0 1 2 0 1 2 0 2 2 2 2 2 2 2 2 2 2 2 2 2 2 0 2 0 2 1 2 1 1
0 135 1 2 0 1 2 0 1 2 0 1 2 0 2 2 2 2 2 1 2 2 2 2 2 2 2 2 2 2 2 2 1 2 0 2 1 0 2 2 2 2 2 2 2 2 2 2 2 0 2 0 2 1 2 2 2 1 2 1 2 0 2 2 2 0 2 1 2 0 1 2 0 2 2 2 2 2 2 2 2 1 2 1 2 2 2 2 1 2 2 0 2 2 2 2 2 2 0 2 0 2 1 2 1 2 0 2 1 2 2 2 1 2 2 0 1 2 2 1 2 1 2 1 2 2 2 1 2 1 2 2 2 1 2 1 0
0 9 2 2 0 2 2 1 2 1 1
0 57 1 2 0 2 2 2 2 2 2 1 2 1 2 0 2 2 2 2 2 2 1 2 0 1 2 0 2 2 2 2 2 1 2 1 2 0 2 2 2 0 2 2 2 2 2 2 1 2 1 2 2 1 2 0 2 1 1
0 3 2 1 1
0 48 1 2 0 2 2 2 0 2 2 0 2 0 2 1 2 2 2 2 2 2 2 2 1 2 1 2 1 2 1 2 1 2 2 2 0 2 2 1 2 1 2 1 2 1 1 2 1 2
0 2 1 2
0 37 1 2 0 1 2 0 1 2 0 2 2 2 2 2 2 2 2 2 2 2 2 2 1 2 1 2 1 2 1 2 0 2 1 2 1 1 2
0 130 2 2 2 2 2 2 0 2 2 0 2 2 2 1 2 1 2 0 2 2 2 2 2 2 2 1 2 1 2 1 2 1 2 1 2 2 2 2 2 0 2 2 2 2 2 2 2 0 2 2 0 2 1 2 2 2 2 2 2 2 2 0 2 1 2 2 1 2 2 1 2 2 2 2 2 2 2 0 2 0 2 1 2 2 1 2 1 2 0 2 0 2 0 2 2 2 2 1 2 1 2 1 2 2 0 2 1 2 2 2 2 2 2 2 2 2 2 1 2 0 2 0 2 1 2 1 1 2 1 2
0 97 1 2 0 1 2 0 1 2 0 1 2 0 2 2 2 1 2 1 2 2 1 2 0 2 0 2 0 2 0 2 1 2 1 2 1 2 1 2 2 2 1 2 0 2 2 2 0 2 1 2 1 2 2 2 1 2 0 2 2 0 2 2 1 2 2 1 2 1 1 2 0 1 2 0 1 2 0 1 2 0 2 1 2 1 2 1 2 0 2 2 1 1 2 1 2 1 2
0 59 1 2 0 1 2 0 2 2 2 2 1 2 1 2 0 0 2 2 1 2 1 2 1 2 0 2 1 2 2 2 2 2 0 2 0 2 2 2 2 2 2 0 2 2 1 2 1 2 1 2 0 2 2 1 2 1 2 1 0
0 16 1 2 0 1 2 0 2 2 2 0 2 0 2 1 1 2
0 83 1 2 0 1 2 0 1 2 0 1 2 0 2 2 2 2 2 2 2 0 2 2 2 2 2 1 2 2 2 1 2 0 2 2 2 2 2 2 2 1 2 2 0 2 1 2 2 0 2 0 2 2 2 2 2 1 2 0 2 2 2 0 2 1 2 0 2 1 2 1 2 1 2 0 2 1 1 2 0 1 2 0 1
0 10 1 2 0 1 2 0 1 2 0 1
0 71 1 2 0 1 2 0 1 2 0 2 2 2 2 2 1 2 0 2 2 2 2 2 2 2 2 2 1 2 1 2 0 2 0 2 2 2 1 2 1 2 1 2 1 2 1 2 2 2 2 2 2 2 0 2 2 1 2 1 2 2 2 0 2 1 2 1 1 2 0 1 2
