440 3
1 0 
1 143 2 0 1 0 2 0 1 1 1 1 2 1 2 1 2 1 2 1 2 2 2 2 2 2 1 2 1 2 2 2 2 1 2 1 2 1 2 2 1 2 1 2 1 2 1 2 1 2 2 2 2 2 2 2 2 1 2 1 2 2 2 1 2 2 2 1 2 1 2 1 2 1 2 0 2 0 2 2 2 2 2 2 1 2 2 2 2 2 2 1 2 1 2 1 2 2 2 2 2 2 2 1 2 1 2 1 2 1 2 1 2 2 2 2 1 2 1 2 1 2 1 2 0 2 2 2 2 2 2 1 2 1 2 2 2 2 1 2 1 2 1 2 1
1 165 2 0 1 2 0 0 2 1 2 1 0 2 1 2 1 2 1 2 1 2 1 0 2 1 2 1 2 1 2 1 0 2 1 2 1 2 1 2 1 2 1 0 2 1 2 0 2 2 2 2 1 2 1 2 1 2 2 2 2 2 2 1 2 1 2 1 2 1 2 1 2 1 2 1 2 1 2 1 2 1 2 1 2 1 2 2 2 1 2 1 2 1 2 2 2 2 2 2 2 2 2 2 1 2 1 2 1 2 1 2 1 2 2 2 2 2 2 1 2 1 2 1 2 1 2 1 2 1 2 1 2 1 0 2 2 2 1 2 1 2 1 2 2 2 2 1 2 1 2 2 2 2 2 2 1 2 1 2 1 2 0 2 0 2 0
1 48 1 1 1 1 2 0 2 0 2 0 2 1 2 1 0 2 2 2 1 2 1 2 1 2 1 2 1 2 2 2 2 2 1 2 2 2 2 1 2 1 2 1 2 1 2 2 2 2
1 64 2 0 1 2 0 2 1 2 1 2 2 2 2 2 2 1 2 1 2 1 2 1 2 2 1 2 1 2 1 2 1 2 1 2 2 1 2 1 2 1 2 1 2 1 2 1 2 1 2 2 2 2 2 1 2 1 2 1 2 1 2 1 2 0
1 6 0 1 1 0 1 1
1 46 2 0 1 2 0 1 2 0 1 2 0 2 2 2 2 0 2 1 0 0 0 0 2 1 2 1 2 1 2 1 2 1 2 1 2 1 2 1 2 1 2 1 2 1 2 1
1 22 2 0 1 2 0 2 1 2 0 2 2 2 2 2 2 2 1 1 1 1 1 1
1 60 2 0 1 0 2 0 2 0 2 1 2 1 2 1 2 1 0 2 1 1 1 1 1 1 2 2 2 2 1 1 2 2 2 2 2 1 2 1 2 1 2 1 2 1 2 1 2 1 2 1 2 1 2 1 2 1 2 1 2 1
1 3 0 1 1
1 2 2 1
1 190 0 2 2 2 2 2 2 1 2 2 2 2 1 2 2 2 2 1 2 1 2 1 2 1 2 2 2 1 2 1 2 1 2 1 2 1 2 2 2 1 2 1 2 1 2 1 2 1 2 2 2 1 2 1 0 2 0 2 2 1 2 1 2 1 2 1 2 2 1 2 1 2 1 2 2 2 2 1 2 1 2 1 2 1 0 2 1 2 2 1 2 1 2 1 2 2 2 2 2 2 1 2 1 2 1 2 1 2 2 2 2 2 1 2 1 2 1 2 0 2 2 2 2 1 2 1 2 1 2 1 2 1 2 2 1 2 1 2 1 2 1 2 1 2 2 2 1 2 1 2 1 2 1 2 1 2 2 2 2 1 2 2 2 2 2 2 2 2 1 2 1 2 1 2 1 2 2 2 2 2 1 2 1 2 1 2 1 2 2 2
1 101 2 0 1 0 2 0 2 2 2 2 2 2 2 1 2 1 2 1 2 1 2 1 2 2 2 2 2 2 1 2 1 2 1 2 1 2 1 2 2 2 2 1 2 1 2 1 2 2 2 2 2 2 1 2 1 2 1 2 2 2 2 1 2 1 2 1 2 1 2 2 2 1 2 1 2 1 2 1 2 2 2 1 2 1 2 2 1 2 1 2 1 2 1 2 1 2 1 2 1 2 1
1 29 2 2 2 1 2 1 2 1 2 1 2 2 2 2 1 2 1 2 1 2 1 2 2 2 2 2 2 1 0
1 38 2 0 1 2 0 0 0 0 2 1 0 0 0 2 1 0 0 0 2 1 0 0 0 2 1 0 0 0 2 1 1 2 2 2 2 1 2 0
1 35 1 1 0 0 0 1 1 2 1 2 1 2 1 2 1 2 1 2 2 2 2 2 2 2 2 2 1 2 1 2 1 2 1 2 0
1 35 2 0 1 0 2 0 2 1 1 1 1 2 1 1 2 2 2 1 1 2 2 0 0 0 2 1 0 0 0 2 1 1 2 2 2
1 76 2 0 1 2 0 2 2 1 1 2 2 0 1 1 2 2 2 0 2 1 2 1 0 2 1 0 2 1 2 1 2 1 2 1 2 1 1 1 1 2 1 1 2 1 1 2 1 1 1 1 2 1 2 1 2 2 2 2 2 1 2 1 2 1 2 2 2 2 2 1 2 1 2 1 2 1
1 26 2 0 1 2 0 2 1 2 1 2 1 2 1 2 0 0 0 0 2 1 2 1 2 2 2 2
1 64 1 1 0 0 0 1 1 1 0 1 1 1 1 1 1 0 0 1 1 1 0 1 1 2 1 2 1 2 1 2 2 2 2 1 2 1 2 1 2 1 2 2 1 2 1 2 1 0 2 0 2 0 2 0 2 1 2 1 2 1 2 1 2 1
1 122 2 0 1 0 2 0 0 2 1 2 1 2 1 2 1 0 2 1 2 1 2 1 2 1 0 2 1 2 1 0 2 1 2 1 0 0 2 1 2 1 2 1 2 1 0 0 0 2 1 0 0 0 2 1 0 0 0 2 1 1 2 0 2 2 2 2 2 1 2 1 2 1 2 2 2 1 2 1 2 1 2 1 2 2 2 1 2 1 2 1 2 2 2 2 2 2 1 2 1 2 1 2 1 2 2 2 2 2 2 1 2 1 2 2 2 2 2 1 2 1 2 1
1 22 0 1 1 0 0 0 0 0 1 1 2 1 2 1 2 1 2 1 0 2 0 0
1 62 2 0 1 0 2 0 2 1 2 1 2 1 2 1 2 1 2 0 2 2 2 2 1 2 1 2 1 2 1 2 1 2 1 2 1 2 1 2 1 2 2 2 1 2 1 2 2 2 2 1 2 1 2 1 2 1 0 2 2 0 2 0
1 101 2 0 1 0 2 0 2 2 1 2 1 2 1 2 1 2 1 2 2 2 2 2 1 2 1 2 1 2 1 2 1 2 1 2 1 2 2 2 2 2 2 1 2 1 2 1 2 2 2 2 2 1 2 1 0 2 2 2 2 1 2 1 2 1 2 1 2 2 1 2 1 2 1 2 1 2 2 2 1 2 1 2 1 2 2 2 2 1 2 1 2 1 2 1 2 1 2 1 0 2 0
1 13 2 0 1 2 0 2 1 2 1 2 1 2 1
1 81 2 0 1 2 0 0 0 0 2 1 0 0 0 2 1 0 0 0 2 1 0 0 0 2 1 0 0 0 2 1 1 0 0 2 1 2 1 2 1 2 1 2 2 2 2 2 1 2 1 2 1 2 2 2 0 0 0 2 2 2 2 2 2 1 2 1 2 1 2 0 0 2 1 2 1 2 1 2 1 2 1
1 19 2 0 1 0 2 0 2 0 0 2 1 2 1 2 1 2 1 2 1
1 35 2 0 1 0 2 0 0 0 0 2 1 0 0 0 2 1 0 0 0 2 1 0 0 0 2 1 1 2 2 2 2 2 2 2 0
1 51 2 0 1 0 2 0 1 2 0 1 2 0 1 2 0 2 2 2 2 0 2 1 0 0 0 2 1 2 1 2 2 1 1 1 1 2 2 2 1 2 1 2 1 2 1 2 1 2 1 2 1
1 46 2 0 1 0 2 0 2 2 0 0 0 2 1 0 0 0 2 1 0 0 0 2 1 0 0 0 2 1 0 0 0 2 1 1 0 0 2 1 2 1 2 1 2 1 2 1
1 55 2 0 1 0 2 0 0 2 1 2 1 2 1 2 1 0 2 1 2 1 2 1 2 1 0 2 1 2 1 2 1 2 1 0 2 1 0 2 1 2 1 2 1 2 1 2 1 2 2 1 1 2 1 1 2
1 79 2 0 1 2 0 1 1 2 2 1 1 1 1 1 1 2 2 1 1 1 1 2 2 1 1 2 0 2 2 2 2 2 1 2 1 2 1 2 1 2 1 2 2 2 2 2 2 1 2 1 2 1 2 2 2 2 2 2 1 2 1 2 1 2 1 2 1 2 1 2 1 2 1 2 1 0 2 0 0
1 72 2 0 1 2 0 1 2 0 1 2 0 2 2 1 2 0 2 2 0 0 0 2 1 0 0 0 2 1 1 2 1 2 1 0 2 0 2 1 2 1 2 2 2 2 1 2 1 2 1 2 1 2 2 1 2 2 2 1 2 1 2 0 2 1 2 1 2 1 2 1 2 1
1 21 2 0 1 2 0 0 0 0 2 1 0 0 0 2 1 0 0 0 2 1 1
1 34 2 0 1 2 0 1 2 0 2 2 1 2 0 2 0 2 2 1 2 1 2 1 2 1 2 1 2 1 2 1 2 1 2 1
1 13 2 2 2 2 1 2 1 2 1 2 1 2 1
1 58 2 2 2 2 2 2 1 2 1 2 1 2 1 2 2 2 2 2 1 2 1 2 1 2 1 2 1 2 1 2 1 2 2 1 2 2 2 1 2 2 2 2 2 2 1 2 1 2 1 0 2 1 2 1 2 0 2 0
1 24 2 0 1 0 2 0 0 2 1 2 1 0 2 1 2 1 2 1 2 1 2 1 0 0
1 28 2 0 1 2 0 2 2 1 1 2 2 1 1 2 0 0 2 1 2 1 2 1 2 1 2 1 2 1
1 122 2 0 2 2 2 2 1 2 2 2 2 2 2 1 2 1 2 2 2 1 2 1 2 1 2 1 2 1 2 2 2 2 2 2 1 2 2 2 2 2 2 1 2 1 2 1 2 0 2 2 2 2 2 2 1 2 1 2 1 2 1 2 2 2 2 1 2 1 2 1 2 1 2 2 2 2 1 2 1 2 1 2 1 2 1 2 0 2 1 2 1 2 1 2 1 2 1 2 2 2 1 2 1 2 1 2 1 2 1 2 2 1 2 1 2 1 2 1 0 2 0 0
1 85 2 0 1 2 0 2 2 2 0 0 2 1 2 1 2 1 2 1 2 1 2 2 2 2 1 2 2 2 2 2 1 2 1 2 1 2 1 2 1 2 2 2 2 2 1 2 1 0 2 2 1 2 1 2 1 2 2 2 2 2 2 1 2 1 2 1 2 1 2 2 2 2 1 2 1 0 2 2 2 2 2 2 1 2 1
1 2 2 0
1 132 2 0 1 2 0 2 1 2 1 2 1 0 2 2 2 2 2 1 2 2 2 2 2 1 2 1 2 2 2 1 2 1 2 1 2 1 2 1 2 2 2 2 2 2 1 2 1 2 1 2 2 1 2 2 2 2 2 1 2 1 2 1 2 1 2 1 2 2 2 1 2 1 2 2 2 2 2 2 2 2 2 2 1 2 2 1 2 1 2 1 2 1 2 1 2 2 2 2 2 2 1 2 1 2 1 2 1 2 1 2 2 2 2 2 1 2 1 2 1 2 1 2 1 2 1 2 1 2 1 2 0 0
1 56 2 0 1 2 0 2 2 1 2 0 2 2 2 2 2 2 1 2 1 2 1 2 1 2 2 1 2 1 2 1 2 1 2 2 2 1 2 1 2 1 2 1 2 0 2 0 2 0 2 1 2 1 2 1 2 1
1 27 2 0 1 2 0 2 2 1 1 2 1 1 2 0 2 1 2 1 2 1 2 1 2 0 0 2 0
1 37 2 0 1 2 0 1 2 0 2 2 2 2 2 1 1 1 1 1 1 1 1 1 1 1 1 2 1 1 2 2 2 0 2 1 1 2 2
1 151 2 0 1 0 2 0 0 2 2 2 2 2 2 2 2 2 1 2 1 2 1 2 1 2 2 2 2 2 1 2 1 2 1 2 1 2 1 2 2 2 2 1 2 1 2 1 2 2 2 2 2 1 2 1 2 1 2 1 2 1 2 2 2 2 2 2 1 2 1 2 1 2 1 2 1 2 2 2 1 2 1 2 1 0 2 2 2 2 2 1 2 1 2 1 0 0 2 1 2 1 2 1 2 1 2 0 2 2 2 2 2 2 1 2 1 2 1 2 1 2 2 2 1 2 1 2 1 2 1 2 2 2 2 2 2 1 2 1 2 2 2 2 1 2 1 2 1 2 1 2 1
1 113 0 1 1 1 1 0 1 1 0 1 1 0 1 1 0 0 1 1 1 2 1 2 1 2 2 2 2 2 1 2 1 2 1 2 1 2 1 2 1 2 1 2 1 2 2 2 2 2 1 2 1 2 1 2 1 2 1 2 2 2 2 1 2 2 1 2 1 2 1 2 2 1 2 1 2 1 2 1 2 1 2 1 2 1 2 1 2 1 2 1 2 1 2 1 2 1 2 1 2 2 2 2 2 1 2 1 2 1 2 1 2 1 0
1 87 2 0 1 2 0 2 2 2 1 1 1 1 2 2 2 0 2 1 0 2 1 2 1 2 1 0 2 1 2 1 2 1 2 1 2 1 2 1 2 1 2 1 2 1 2 1 2 2 2 2 1 2 1 2 1 2 2 2 2 2 1 2 1 2 1 2 2 2 1 2 1 2 2 2 2 1 2 2 1 2 2 2 2 2 1 2 1
1 149 2 0 2 0 0 0 2 2 2 2 2 2 1 2 1 2 1 2 1 2 1 2 1 2 1 2 1 2 1 2 2 2 2 2 2 2 1 2 1 2 1 2 2 2 2 2 2 1 2 1 2 1 2 1 2 2 2 2 1 2 1 0 2 2 2 2 2 2 1 2 1 2 2 2 2 1 2 1 2 1 2 2 2 2 2 1 2 1 2 1 2 1 2 2 2 2 2 2 1 2 2 2 2 2 2 1 2 1 2 1 2 0 0 2 2 2 2 2 1 2 1 2 1 2 2 2 2 2 2 1 2 1 2 1 2 1 2 2 2 2 1 2 2 2 1 2 0 0 0
1 24 1 0 1 1 1 1 1 0 0 1 1 2 2 2 2 1 2 1 2 1 2 1 2 1
1 96 0 0 1 1 1 2 2 1 2 1 2 1 2 1 2 1 2 1 2 2 2 2 1 2 1 2 1 2 1 2 1 2 2 2 2 2 1 2 1 2 2 2 1 2 1 2 1 2 1 2 1 2 1 2 1 2 2 2 0 2 0 2 0 2 2 2 1 2 1 2 1 2 2 2 2 2 1 2 1 2 1 2 2 2 2 1 2 1 2 1 2 1 2 2 2 2
1 90 1 1 1 0 1 1 2 1 2 1 2 1 2 1 2 1 2 1 2 1 2 1 2 1 2 1 2 1 2 2 2 2 1 2 2 1 2 1 2 1 2 1 2 1 2 2 2 2 2 1 2 1 2 1 2 2 2 2 2 2 2 2 2 2 2 1 2 1 2 2 2 2 2 2 1 2 1 2 2 2 2 1 2 1 2 1 2 1 2 1
1 12 2 0 1 2 0 2 2 1 2 1 2 1
1 36 2 0 1 0 2 0 2 2 1 2 0 1 2 0 1 2 0 2 1 2 1 2 1 2 1 2 2 2 2 2 2 2 2 1 2 1
1 69 2 0 1 0 2 0 1 1 1 1 2 1 1 1 1 1 1 0 2 1 2 1 2 1 2 1 0 2 1 2 1 2 1 2 1 2 1 2 1 2 1 2 1 2 2 2 2 1 2 1 2 1 2 2 1 2 1 2 1 2 1 0 2 2 1 2 1 2 1
1 24 2 1 2 1 2 1 2 1 2 1 2 1 2 1 2 1 2 1 2 1 2 1 2 1
1 51 2 0 1 2 0 1 1 1 1 2 2 2 2 2 2 2 1 1 1 1 1 1 2 2 2 1 1 1 1 1 1 1 1 2 1 1 2 1 1 2 2 1 1 2 1 1 2 1 1 2 1
1 74 2 0 1 0 2 0 2 0 2 1 2 1 2 1 2 1 2 1 2 1 2 2 2 1 2 1 2 1 2 1 2 1 2 2 2 2 2 2 1 2 1 2 1 2 1 2 1 2 2 2 2 1 2 1 2 1 2 1 2 1 2 1 2 2 2 1 2 1 2 1 2 1 2 1
1 7 2 0 1 2 0 2 1
1 86 0 1 1 0 1 1 1 0 1 1 1 1 0 0 0 1 1 1 1 1 1 2 0 2 2 2 2 2 2 1 2 1 2 1 2 1 2 2 2 2 2 2 1 2 1 2 2 2 2 1 2 2 1 2 1 2 1 2 2 1 2 2 1 2 1 2 2 1 2 1 2 1 2 1 2 1 2 2 2 2 2 1 2 1 2 1
1 25 1 0 1 0 1 1 1 2 1 2 1 2 2 2 1 2 1 2 1 2 1 2 1 2 1
1 94 2 0 1 0 2 0 0 0 0 2 1 0 0 0 2 1 0 0 0 2 1 1 0 0 0 2 1 2 1 0 2 1 2 1 2 1 0 2 1 0 2 1 2 1 2 1 2 1 0 2 1 2 1 2 1 2 1 2 2 1 2 1 2 1 2 1 2 1 2 1 2 1 2 1 2 1 2 1 2 1 2 1 2 1 2 1 2 1 0 2 2 1 2 1
1 56 2 0 1 2 0 0 2 1 2 1 2 1 2 1 2 2 2 2 2 1 2 1 2 1 2 1 2 1 2 2 2 2 2 2 1 2 1 2 0 0 2 0 2 0 2 2 2 2 2 2 1 2 2 2 2 1
1 50 0 1 1 0 1 0 1 1 0 1 1 1 1 0 0 1 1 1 1 1 1 1 2 0 2 1 2 1 2 1 2 1 2 1 2 1 2 1 2 1 2 1 2 1 2 1 2 1 2 1
1 23 2 0 1 2 0 0 2 2 1 1 1 1 2 2 1 2 1 2 1 2 1 2 1
1 13 0 2 0 2 1 2 1 2 1 2 1 2 1
1 128 2 0 1 0 2 0 2 1 1 1 1 1 1 1 1 2 2 2 2 1 1 1 1 2 2 1 1 1 1 2 2 1 1 1 1 2 2 2 2 2 1 2 1 0 2 2 1 2 1 2 1 2 2 2 1 2 1 2 1 2 1 2 1 2 2 1 2 1 2 1 2 1 2 1 2 2 2 2 2 2 2 2 2 1 2 1 2 1 2 1 2 1 2 2 2 2 2 1 2 1 2 1 2 1 2 1 2 2 2 2 2 2 1 2 1 2 1 2 1 2 1 2 1 2 0 0 2 0
1 217 2 2 2 2 2 2 2 1 2 1 2 1 2 1 2 1 0 2 2 2 2 2 1 2 1 2 1 2 2 2 2 2 1 2 1 2 2 2 1 2 2 2 2 1 2 1 2 2 2 2 2 2 0 2 2 2 2 2 1 2 1 2 1 2 1 2 2 2 2 2 2 1 2 1 2 1 2 2 2 2 2 1 2 2 2 2 2 1 2 1 2 1 2 1 2 2 1 2 1 2 1 2 2 2 1 2 1 2 1 2 1 2 2 2 2 2 2 1 2 1 2 1 2 1 2 1 2 2 2 1 2 1 2 1 2 2 2 2 2 1 2 1 2 2 2 2 1 2 1 2 2 2 2 1 2 1 2 1 2 1 2 1 2 2 2 1 2 1 2 2 2 2 1 0 2 1 2 1 2 1 2 1 2 2 2 2 1 2 1 2 1 2 2 1 2 1 2 2 2 2 2 2 1 2 1 2 1 2 1 2 1 2 1 2 1 2 1
1 54 2 0 1 2 0 2 2 2 2 2 1 1 2 1 1 2 2 2 2 2 2 1 1 2 2 1 1 2 0 0 0 0 2 1 0 0 0 2 1 0 0 0 2 1 1 0 2 1 2 1 2 1 2 1
1 58 0 0 0 0 0 1 1 2 1 2 1 2 1 2 1 2 1 2 1 2 1 2 0 0 2 2 2 2 2 1 2 1 2 1 2 1 2 1 2 1 2 1 2 1 2 1 2 2 2 2 2 1 2 1 2 1 2 1
1 19 2 0 1 0 2 0 0 0 2 1 0 2 1 2 1 0 2 1 0
1 18 1 0 0 1 1 1 0 1 1 0 0 0 0 0 1 1 2 1
1 92 2 0 1 2 0 2 1 2 1 2 1 2 1 2 1 2 2 1 2 2 2 2 2 1 2 2 1 2 1 2 1 2 2 2 2 2 1 2 1 2 1 2 1 2 1 2 2 2 1 2 1 2 1 2 1 2 2 2 2 2 1 2 1 2 1 2 2 2 2 2 1 2 1 2 1 2 1 2 1 2 1 2 1 2 2 2 1 2 1 2 1 0
1 23 0 1 0 1 1 2 1 2 1 2 0 2 1 2 1 2 1 2 1 2 1 2 1
1 48 2 0 1 0 2 0 2 2 0 1 2 0 2 2 2 2 2 1 2 1 2 1 2 1 2 1 2 1 2 1 2 1 2 1 2 1 2 1 2 1 2 1 2 1 2 1 2 1
1 60 2 2 0 0 2 2 0 2 1 2 1 2 1 2 1 2 1 2 2 1 2 1 2 2 2 2 1 2 1 2 1 2 1 2 2 2 1 2 1 2 1 2 1 2 2 1 2 1 2 1 2 1 2 1 2 1 2 1 2 1
1 68 2 0 1 2 0 2 2 2 2 2 2 2 2 1 1 1 1 0 2 1 2 1 2 1 2 1 2 1 2 2 2 2 2 2 1 2 1 2 2 2 2 2 1 2 1 2 1 2 1 2 2 1 2 1 2 1 2 1 2 1 2 1 2 1 2 1 2 1
1 38 2 0 1 0 2 0 2 0 2 2 1 2 1 2 1 2 2 1 2 1 2 1 2 1 2 2 2 2 2 1 2 1 2 1 2 1 2 1
1 98 2 2 1 2 1 2 1 2 1 2 1 2 1 2 1 2 1 2 2 2 2 2 1 2 1 2 1 2 2 2 2 2 2 1 2 1 2 1 2 1 2 1 2 2 2 1 2 1 2 1 2 1 0 2 0 2 0 0 2 2 1 2 1 2 1 2 1 2 2 2 1 2 1 2 1 2 1 2 2 1 2 1 2 1 2 1 2 1 2 1 2 1 2 1 2 1 2 1
1 119 2 0 1 2 0 0 2 2 1 1 1 1 2 2 1 2 0 2 1 1 1 1 1 1 1 1 2 2 1 1 2 1 1 1 1 1 2 0 1 2 0 0 2 1 2 1 0 2 1 0 2 1 2 1 2 1 2 1 2 1 0 2 1 0 2 0 0 2 0 0 2 2 2 1 2 1 2 1 2 1 2 1 2 1 2 1 2 1 2 1 2 1 2 2 2 2 2 2 1 2 1 2 1 2 2 2 1 2 1 2 1 2 1 2 1 2 2 2 2
1 17 2 0 1 0 2 0 0 2 1 0 2 1 2 1 1 1 2
1 16 1 0 0 0 1 1 2 1 2 1 2 1 2 1 2 1
1 37 1 1 1 1 1 1 0 1 1 1 0 1 1 1 0 1 1 2 1 2 1 2 1 2 1 2 1 2 1 2 1 2 1 2 1 2 1
1 11 2 2 1 2 1 2 1 2 1 2 1
1 49 2 0 1 0 2 0 2 0 0 0 2 1 0 0 0 2 1 0 0 0 2 1 0 0 0 2 1 1 2 2 1 2 1 2 1 2 1 2 1 2 1 2 1 2 1 2 1 2 1
1 19 1 1 0 1 1 1 0 1 1 1 0 1 0 0 0 1 1 1 1
1 20 2 0 1 0 2 0 2 0 2 1 2 1 2 1 2 1 2 1 2 1
1 25 2 2 0 0 2 0 0 0 0 2 1 2 1 2 1 2 1 2 1 2 1 2 1 2 1
1 20 1 0 0 1 1 0 1 1 1 0 0 0 1 1 2 1 2 1 2 1
1 51 1 1 1 1 1 1 1 1 0 1 1 1 0 1 1 1 1 2 2 2 2 2 1 2 1 2 1 2 1 2 2 2 1 2 1 2 1 2 2 2 2 2 2 2 1 2 1 2 1 2 1
1 6 2 0 1 0 2 0
1 99 2 0 1 2 0 2 2 1 2 0 1 2 0 2 2 1 2 0 2 0 2 2 1 2 2 2 2 1 2 0 0 0 0 2 1 0 0 0 2 1 0 0 0 2 1 0 0 0 2 1 1 2 2 2 1 2 1 2 1 2 1 2 1 2 2 1 2 2 2 1 2 1 2 1 2 1 2 2 1 2 1 2 1 2 1 2 1 0 0 2 1 2 1 2 1 2 1 2 1
1 1 2
1 35 0 0 0 0 1 1 1 1 1 1 0 1 1 1 1 1 0 1 0 0 1 1 1 2 1 2 1 2 1 2 1 2 1 2 1
1 108 1 0 0 0 1 1 1 1 1 1 1 2 2 2 2 2 2 1 2 1 2 2 2 2 2 1 2 1 2 1 2 1 2 1 2 2 2 2 2 2 1 2 1 2 1 2 1 2 2 2 2 2 0 2 2 2 2 2 2 1 2 1 2 1 2 1 2 1 2 2 2 2 2 1 2 1 2 2 2 2 2 1 2 1 2 1 2 1 2 1 2 2 2 2 2 1 2 1 2 2 1 2 1 2 1 2 1 0
1 83 2 0 1 0 2 0 0 0 0 2 1 0 0 0 2 1 0 0 0 2 1 0 0 0 2 1 1 0 0 0 2 1 0 0 0 2 1 0 0 0 2 1 0 0 0 2 1 1 1 0 0 2 1 2 1 0 2 2 1 2 1 2 1 2 2 2 2 2 2 1 2 0 2 2 2 2 2 2 1 2 1 2 1
1 68 2 2 0 0 2 0 2 2 1 2 1 2 2 2 2 2 2 1 2 2 2 1 2 1 2 1 2 2 1 2 1 2 1 2 1 2 1 2 2 2 2 2 1 2 1 2 1 2 1 2 2 2 1 2 1 2 1 2 1 2 2 2 2 1 2 1 2 1
1 5 1 0 0 1 1
1 126 1 1 0 1 1 1 2 1 2 1 2 1 2 1 2 1 2 1 2 1 2 1 2 0 2 2 2 2 1 2 1 2 2 1 2 1 2 1 2 1 2 2 2 1 2 1 2 1 2 2 2 2 2 2 1 2 1 2 1 2 2 2 2 2 1 2 1 2 1 2 1 2 2 2 2 1 2 1 2 1 2 2 2 2 1 2 1 2 1 2 2 2 1 2 1 2 1 2 1 2 2 2 1 2 1 2 1 2 0 2 2 1 2 1 2 1 2 2 2 1 2 1 2 1 2 1
1 17 2 0 1 0 2 0 2 1 1 1 1 2 1 1 2 2 2
1 14 2 0 1 0 2 0 2 1 2 0 2 1 2 1
1 88 2 0 1 2 0 2 1 1 2 2 0 1 1 2 2 1 1 0 0 0 2 1 0 0 0 2 1 0 0 0 2 1 0 0 0 2 1 0 0 0 2 1 1 2 1 2 2 2 2 1 2 1 2 1 2 1 0 2 1 2 1 2 2 2 2 2 2 1 2 1 2 1 2 1 0 2 2 2 2 1 2 1 2 1 2 1 2 1
1 92 2 0 1 2 0 2 2 2 2 2 2 1 2 1 2 1 2 1 0 0 2 1 2 0 2 2 1 0 2 2 2 2 2 2 1 2 1 2 1 2 1 2 1 2 2 1 2 2 1 2 1 2 1 2 2 2 2 1 2 1 2 1 2 1 2 2 2 2 2 2 2 2 2 2 1 2 1 2 1 2 1 2 2 1 2 1 2 1 2 2 2 2
1 192 2 0 1 0 2 0 0 2 1 2 1 2 1 2 1 0 2 1 0 2 1 0 2 1 2 1 0 2 1 2 1 2 1 2 1 2 1 2 0 2 1 2 1 2 1 2 2 2 1 2 1 2 1 2 2 2 2 1 2 1 2 1 2 0 2 2 2 2 1 2 1 2 1 2 1 2 1 2 2 2 2 2 1 2 2 1 2 1 2 1 2 1 2 1 2 2 2 2 2 1 2 1 2 1 2 2 2 1 2 1 2 1 2 1 2 1 2 1 2 1 2 2 2 2 2 1 2 1 2 1 2 1 2 1 2 1 2 1 2 1 2 2 2 2 2 2 2 2 2 2 1 2 1 2 1 2 1 2 2 1 2 1 2 1 2 1 2 1 2 2 2 2 1 2 0 2 2 2 2 1 2 1 2 1 2 2 2 2 2 1 2 1
1 31 0 0 1 1 1 1 1 2 1 2 1 2 1 2 1 2 1 2 1 2 1 2 1 2 1 2 1 2 1 2 1
1 129 2 2 2 2 2 2 1 2 1 2 2 2 2 2 1 2 1 2 1 2 1 2 1 2 2 2 2 2 2 1 2 1 2 1 2 1 2 2 2 1 2 1 2 1 2 1 2 1 2 1 2 1 2 2 2 2 2 1 2 1 2 1 2 1 2 2 1 2 1 2 1 2 2 2 1 2 1 2 1 2 1 2 1 2 1 2 1 2 1 2 1 2 1 0 2 2 2 2 2 1 2 1 2 1 2 1 2 1 2 2 2 1 2 1 2 1 2 1 2 2 2 2 1 2 1 2 1 2 1
1 25 2 2 1 2 1 2 1 2 1 2 1 2 1 2 1 2 1 2 1 2 2 2 1 2 1
1 15 2 2 1 2 1 2 1 2 1 2 1 2 0 2 0
1 97 2 0 1 2 0 0 0 2 2 2 2 2 2 1 2 1 2 1 2 1 2 1 2 2 2 1 2 1 2 1 2 2 2 0 2 0 2 2 2 1 2 2 2 2 2 2 2 1 2 1 2 1 2 1 2 1 2 1 2 2 2 1 2 1 2 1 2 1 2 2 2 2 2 1 2 1 2 1 2 1 2 2 1 2 1 2 1 2 1 2 1 2 0 0 0 2 0
1 51 2 0 1 2 0 0 2 1 0 2 1 2 1 2 1 0 2 1 2 1 2 1 2 1 2 1 2 1 2 1 2 1 2 1 2 2 2 1 2 1 2 2 2 2 2 2 1 2 1 2 1
1 13 2 0 1 2 0 1 1 1 1 2 2 2 2
1 15 2 0 1 2 0 0 2 1 2 1 0 1 1 2 2
1 30 2 0 1 2 0 2 0 0 2 1 2 1 0 1 2 1 2 1 2 1 2 1 2 1 2 1 2 1 2 1
1 26 2 0 1 0 2 0 2 2 2 1 1 1 1 1 1 2 2 1 2 1 2 1 2 1 2 1
1 54 2 2 1 2 1 0 2 0 2 2 2 2 2 2 2 1 2 1 2 1 2 1 2 2 2 2 2 2 1 2 2 1 2 1 2 2 2 2 2 2 1 2 1 2 1 2 1 2 1 2 2 2 2 1
1 35 2 0 1 2 0 1 1 2 1 1 1 1 0 1 1 1 1 2 2 1 1 1 1 2 1 1 1 1 1 1 1 1 1 1 2
1 138 2 0 1 0 2 0 0 0 0 2 1 1 0 0 0 2 1 0 0 0 2 1 0 0 0 2 1 0 0 0 2 1 0 0 0 2 1 1 0 2 1 2 1 2 1 2 1 2 1 0 2 1 2 1 2 1 2 1 2 1 2 1 2 1 2 1 2 1 0 2 2 1 2 1 2 2 2 2 2 2 2 2 2 2 2 1 2 1 2 2 2 2 1 2 1 0 2 2 1 2 1 0 2 0 2 0 2 2 2 2 2 1 2 1 2 2 2 2 1 2 1 2 1 2 2 2 2 2 2 1 2 1 2 1 2 1 2 1
1 99 2 0 1 0 2 0 2 0 0 0 2 1 0 0 0 2 1 0 0 0 2 1 0 0 0 2 1 0 0 0 2 1 1 0 0 0 2 1 0 0 0 2 1 0 0 0 2 1 1 2 1 1 1 2 0 1 2 0 2 2 2 2 2 2 2 2 2 2 2 1 2 1 2 1 2 2 2 2 2 2 1 2 1 2 1 2 0 2 1 2 1 2 1 2 1 2 1 2 1
1 158 2 2 0 0 2 0 2 2 2 1 2 2 2 2 2 2 2 1 2 1 2 1 2 1 2 1 2 2 2 2 2 2 2 2 1 2 1 2 1 2 1 2 1 2 1 2 1 2 2 1 2 2 1 2 1 2 1 2 1 2 1 2 0 2 1 2 1 2 1 2 1 2 2 1 2 1 2 1 2 1 2 2 2 2 2 2 1 2 2 2 2 2 2 1 2 1 2 1 2 1 2 1 2 2 1 2 1 2 1 2 2 2 2 2 1 2 1 2 0 2 2 2 1 2 1 2 2 2 2 2 2 1 2 1 2 1 2 1 2 2 2 2 2 2 1 2 1 2 1 2 2 2 2 0 2 0 2 0
1 29 1 1 1 1 0 1 1 1 1 0 1 1 1 1 0 1 1 1 1 1 1 1 0 1 1 2 1 2 1
1 80 2 2 0 2 1 2 2 2 1 2 1 2 2 2 2 2 2 2 1 2 1 2 2 2 0 2 1 2 1 2 1 2 1 2 1 2 1 2 1 2 2 2 2 1 2 1 2 2 1 2 1 2 1 2 1 2 2 2 2 2 2 1 2 1 2 1 2 2 1 2 1 2 1 2 1 2 1 2 0 0
1 55 2 0 1 2 0 2 2 2 2 1 1 1 1 2 2 1 2 0 2 2 2 2 2 2 2 1 2 1 2 1 2 1 2 1 2 2 1 2 1 2 1 2 1 2 1 2 2 2 2 2 2 2 2 2 1
1 132 2 2 2 1 2 1 2 1 2 1 2 2 2 2 1 2 1 2 1 2 1 2 1 2 2 2 2 2 1 2 1 2 1 2 1 2 1 2 2 2 2 2 2 1 2 1 2 1 2 1 2 2 1 2 1 2 1 2 1 2 1 2 1 2 2 1 2 1 2 1 0 2 2 2 2 2 1 2 1 2 1 2 1 2 1 2 2 1 2 1 2 2 2 1 2 1 2 1 2 1 2 1 2 2 2 2 2 2 2 2 2 0 2 2 2 2 1 2 1 2 1 2 2 2 1 2 1 2 1 2 2 1
1 57 2 2 1 2 1 2 1 2 1 2 1 2 2 2 2 2 2 2 2 2 1 2 2 2 1 2 1 0 2 2 2 1 2 2 2 2 2 2 1 2 2 2 2 2 2 2 1 2 1 2 1 2 1 2 1 2 1
1 15 0 1 0 1 1 2 1 2 1 2 1 2 0 2 1
1 5 2 2 1 2 1
1 13 2 2 1 2 1 2 1 2 1 2 1 2 1
1 15 2 0 1 2 0 2 2 2 1 1 1 1 2 2 2
1 33 2 0 1 0 2 0 2 0 2 0 2 1 1 2 2 2 1 1 1 1 1 1 1 1 1 1 1 1 2 1 1 1 1
1 10 2 0 1 0 2 0 2 1 2 1
1 80 2 0 1 2 0 1 1 1 1 2 1 1 2 2 2 2 1 1 0 2 0 2 2 2 1 1 2 1 2 1 2 1 2 1 2 1 0 2 0 2 2 2 2 1 2 1 2 1 2 1 2 2 2 2 2 1 2 2 2 1 2 1 2 1 2 1 2 1 2 0 2 1 2 1 2 1 2 1 2 1
1 64 2 0 1 2 0 1 1 1 1 2 1 1 1 1 1 2 0 1 2 0 1 2 0 2 2 1 2 0 2 2 2 2 2 2 2 2 2 2 0 0 0 2 1 0 0 0 2 1 0 0 0 2 1 0 0 0 2 1 0 0 0 2 1 1
1 28 2 0 1 2 0 2 1 1 0 0 0 0 2 1 0 0 0 2 1 1 1 2 0 2 2 1 2 0
1 68 2 0 1 0 2 0 2 0 0 2 2 2 2 2 2 1 2 2 2 1 2 1 2 1 2 1 2 1 2 1 2 1 2 2 2 2 2 2 1 2 1 2 1 2 2 2 2 2 1 2 1 2 1 2 1 2 2 2 2 1 2 1 2 1 2 1 2 1
1 23 2 2 1 2 1 2 1 2 1 2 1 2 1 2 1 2 1 2 1 2 1 2 1
1 33 0 1 1 2 1 2 1 2 1 2 1 2 1 2 2 2 2 2 2 1 2 1 2 1 2 2 2 2 2 1 2 1 0
1 37 2 0 1 0 2 0 2 0 1 1 2 1 1 2 2 2 1 1 2 1 1 2 2 2 2 2 2 2 2 2 1 1 2 1 1 1 1
1 59 2 0 1 0 2 0 2 2 1 1 2 2 2 2 2 2 1 2 1 2 1 2 1 2 2 2 2 2 1 2 1 2 1 2 1 2 1 2 2 2 2 2 2 2 2 1 2 1 0 2 1 2 1 2 1 2 1 2 1
1 61 2 0 1 2 0 2 2 1 2 0 1 2 0 1 2 0 1 2 0 1 2 0 1 2 0 1 1 1 1 1 1 1 1 2 2 1 1 2 2 0 0 0 0 2 1 0 0 0 2 1 0 0 0 2 1 0 0 0 2 1 1
1 55 2 0 1 0 2 0 2 1 2 0 2 2 1 2 1 2 1 2 2 2 2 2 2 2 1 2 1 2 1 2 1 2 2 1 2 1 2 1 2 1 2 1 2 0 2 0 2 2 2 2 1 2 1 2 1
1 60 0 1 1 1 1 1 1 1 1 1 1 1 1 1 0 1 1 1 1 1 1 2 0 2 2 2 2 1 2 1 2 1 2 2 2 2 2 1 2 1 2 1 2 1 2 1 2 1 2 1 2 1 2 1 2 1 2 1 2 1
1 119 2 2 0 2 0 2 2 2 2 2 2 1 2 1 2 2 2 1 2 1 2 1 2 1 2 2 2 2 2 2 1 2 1 2 1 2 1 2 1 0 2 2 1 2 2 2 1 2 1 2 1 2 1 2 2 1 2 1 2 1 2 1 2 1 2 2 2 2 2 2 1 2 1 2 1 2 2 2 2 2 2 2 2 2 2 2 2 2 2 1 2 1 2 1 2 2 2 2 1 2 2 2 2 2 2 2 2 2 1 2 1 2 1 2 1 2 1 2 0
1 3 2 2 1
1 85 0 0 1 1 1 0 1 1 1 1 1 1 1 2 2 2 2 2 2 1 2 2 2 2 2 2 1 2 2 2 2 2 1 2 1 2 1 2 1 2 2 2 2 2 1 2 1 2 1 2 1 2 2 2 1 2 1 2 1 2 1 2 1 2 1 2 1 2 1 2 1 2 1 2 1 2 1 2 1 2 1 2 1 2 1
1 127 2 0 1 0 2 0 1 2 0 2 2 2 2 0 2 1 2 1 2 1 2 1 0 2 1 0 2 1 2 1 2 1 2 1 2 1 0 0 0 2 1 0 0 0 2 1 0 0 0 2 1 1 2 2 1 2 1 2 1 2 2 2 2 2 1 2 1 2 2 2 2 2 2 1 2 1 2 1 2 1 2 1 2 2 2 2 2 2 1 2 2 2 0 2 2 2 2 2 2 2 1 2 1 2 2 1 2 2 2 2 2 2 1 2 1 2 1 2 2 2 2 2 1 2 1 2 1
1 55 2 0 1 2 0 2 2 2 2 2 1 2 1 2 2 2 2 2 2 1 2 1 2 2 2 1 2 1 2 1 2 1 2 2 1 2 2 2 2 2 1 2 1 2 1 2 1 2 2 1 2 1 0 2 0
1 35 0 1 1 0 1 1 1 1 1 1 1 1 0 2 2 1 2 1 2 1 2 1 2 1 0 0 0 2 1 2 1 2 1 2 1
1 37 2 0 1 0 2 0 1 1 2 2 1 1 2 1 1 2 1 1 2 1 1 1 1 2 1 2 1 2 1 2 1 2 1 2 1 2 1
1 81 2 0 1 0 2 0 0 0 0 2 1 0 0 0 2 1 0 0 0 2 1 1 2 0 2 2 2 2 2 1 2 1 2 1 2 1 2 2 2 1 2 1 2 1 2 0 2 2 1 2 1 2 1 2 1 2 1 2 2 2 2 2 2 1 2 1 2 1 2 1 2 1 2 1 2 2 2 2 1 2 0
1 142 2 0 0 0 2 2 2 2 2 2 1 2 1 2 1 2 2 2 2 1 2 2 1 2 1 2 1 2 2 2 2 2 2 1 2 1 2 1 2 2 2 2 1 2 1 2 1 2 1 2 2 2 2 2 2 1 2 1 2 1 2 1 2 1 2 2 2 2 2 2 1 2 1 2 2 2 1 2 1 2 1 2 1 2 1 0 2 2 2 2 2 2 1 2 2 2 2 2 1 2 1 2 1 2 1 2 2 2 1 2 1 2 1 2 1 2 1 2 2 1 2 1 2 1 2 1 2 1 2 2 2 2 1 2 1 2 1 2 0 2 0 0
1 43 2 2 2 2 2 1 2 1 2 2 2 1 2 1 2 1 2 1 2 1 2 2 2 2 1 2 1 2 1 2 2 2 2 2 1 2 1 2 2 2 2 0 0
1 27 2 0 1 0 2 0 2 2 2 2 1 2 0 0 0 0 2 1 1 2 0 2 1 2 1 2 1
1 108 2 2 2 1 2 1 2 1 0 2 1 2 1 2 2 2 2 1 2 1 2 1 2 1 2 1 2 1 2 1 2 1 2 2 2 2 2 1 2 1 2 1 2 2 2 1 2 1 2 1 2 1 2 1 2 2 2 2 1 2 1 2 1 2 2 2 1 2 1 2 1 0 2 2 2 2 2 1 2 1 2 1 2 1 2 2 2 2 2 1 2 1 2 1 2 2 2 2 2 1 2 1 2 1 2 1 2 1
1 18 2 0 1 2 0 1 2 2 1 1 1 1 1 1 0 0 2 0
1 17 0 1 0 1 1 1 0 0 1 1 1 1 1 1 0 1 1
1 21 2 0 1 2 0 2 2 1 2 0 1 2 0 2 1 2 1 2 1 2 0
1 53 1 0 1 1 1 1 1 1 1 2 2 2 2 2 1 2 1 2 1 2 2 2 2 2 2 1 2 1 2 1 2 1 2 1 2 2 2 2 2 1 2 1 2 2 2 2 2 2 1 2 1 2 0
1 78 2 2 0 0 2 0 2 2 2 2 2 2 1 2 1 2 1 2 2 2 2 2 1 2 1 2 1 2 2 2 1 2 1 2 1 2 1 2 1 2 1 2 1 2 1 2 1 2 1 2 2 2 2 2 1 2 1 2 2 2 2 2 2 1 2 1 2 2 2 2 2 1 2 1 2 1 2 1
1 38 2 2 1 2 1 2 1 2 1 2 1 2 1 2 1 2 2 1 2 1 2 2 2 2 2 2 1 2 1 2 1 2 1 0 2 1 2 1
1 9 1 1 1 2 1 2 1 2 1
1 5 1 1 1 1 1
1 52 2 0 1 2 0 2 2 0 0 0 2 1 0 0 0 2 1 0 0 0 2 1 0 0 0 2 1 1 2 1 1 1 1 1 1 1 1 2 2 1 2 1 2 1 2 1 2 0 2 0 2 1
1 46 1 0 1 1 0 1 1 1 1 1 1 2 2 1 2 1 2 2 2 1 2 1 2 1 2 2 2 2 2 2 1 2 1 2 1 2 1 2 1 2 1 2 1 2 1 0
1 34 2 0 1 0 2 0 2 2 2 2 2 1 1 1 1 2 1 1 2 1 1 2 1 1 2 2 2 1 2 1 2 1 2 1
1 33 2 0 1 0 2 0 0 0 0 2 1 0 0 0 2 1 0 0 0 2 1 0 0 0 2 1 1 1 1 2 2 2 2
1 22 0 0 1 1 1 0 1 1 1 1 1 1 1 1 1 0 1 1 2 1 2 1
1 62 2 0 2 0 0 2 0 2 2 1 2 1 2 1 2 1 2 1 2 2 2 2 2 2 1 2 1 2 1 2 1 2 1 2 2 2 1 2 2 2 2 1 2 1 2 1 2 1 2 1 2 2 2 2 2 1 2 1 2 1 2 1
1 131 2 0 1 2 0 2 2 2 2 2 2 1 2 0 1 2 0 2 1 1 2 2 1 1 1 1 2 1 2 0 1 2 0 2 2 1 2 0 2 2 2 1 1 1 1 2 2 2 0 2 2 1 1 1 1 2 2 0 2 2 2 1 2 2 2 2 1 2 1 2 1 2 1 2 1 2 1 2 0 2 2 2 2 1 2 1 2 1 2 1 2 2 2 2 2 1 2 1 2 2 1 2 1 2 1 2 1 2 1 2 2 2 2 2 0 2 2 2 1 2 1 2 2 2 2 2 1 2 1 2 1
1 22 2 0 1 0 2 0 2 2 2 0 1 2 0 0 2 1 2 1 2 1 2 1
1 12 0 1 1 0 1 1 1 0 2 1 2 1
1 22 2 0 1 0 2 0 2 1 2 1 2 1 2 1 2 1 2 1 2 0 2 0
1 17 2 2 1 2 1 2 1 2 1 2 1 2 1 2 1 2 1
1 5 2 0 1 2 0
1 3 2 2 0
1 54 2 0 1 2 0 1 1 2 1 1 1 1 1 1 1 1 1 1 1 1 2 1 1 2 1 1 1 1 0 0 0 2 1 0 0 0 2 1 0 0 0 2 1 0 0 0 2 1 0 0 0 2 1 1
1 78 2 0 2 0 2 2 1 2 2 2 1 2 2 2 2 2 2 1 2 1 2 1 2 1 2 1 2 2 2 2 2 1 2 1 0 2 2 1 2 1 2 1 2 1 2 1 2 2 2 1 2 1 2 1 2 2 2 1 2 1 2 1 2 1 2 1 2 1 2 1 2 1 2 1 2 1 2 1
1 99 2 0 1 0 2 0 0 2 1 2 1 2 1 0 2 1 2 1 2 1 2 1 2 1 0 0 2 1 2 1 2 1 0 2 1 2 1 0 2 1 2 1 2 1 2 2 2 2 2 2 0 0 2 2 2 2 1 2 1 2 1 2 1 2 2 2 2 2 2 2 2 1 2 1 2 1 2 1 2 2 2 2 1 2 2 2 2 1 2 1 0 2 1 2 1 2 1 2 1
1 105 2 0 1 0 2 0 0 0 0 2 1 0 0 0 2 1 0 0 0 2 1 0 0 0 2 1 0 0 0 2 1 1 2 2 2 1 2 1 2 1 2 1 2 1 2 1 2 0 2 2 2 2 2 2 2 2 2 2 2 2 1 2 1 2 1 2 1 2 2 1 2 1 2 2 1 2 1 2 1 2 1 2 1 2 1 2 1 2 2 1 2 0 2 2 2 1 2 1 2 1 2 1 2 0 0
1 130 2 0 1 0 2 0 2 2 2 2 1 2 2 2 2 2 2 1 2 1 2 1 2 1 2 1 2 2 2 2 2 1 2 1 2 1 2 1 2 2 2 2 2 2 1 2 1 2 1 2 1 2 2 2 2 2 1 2 1 2 1 2 1 2 1 2 2 2 2 1 2 1 0 2 2 2 1 2 2 1 2 0 2 1 2 1 2 1 2 1 0 2 0 2 2 2 2 1 2 2 2 2 1 2 1 2 1 2 1 2 1 2 2 2 2 2 1 2 2 2 2 2 2 1 2 1 2 1 2 1
1 42 2 0 1 2 0 1 1 2 1 1 1 1 2 2 1 1 2 2 2 1 1 1 1 1 1 2 2 2 1 1 2 1 2 1 2 1 2 1 2 1 2 1
1 54 2 2 1 2 1 2 1 0 2 2 2 1 2 1 2 2 2 2 2 1 2 1 2 1 2 1 2 1 2 1 2 2 2 2 2 2 1 2 1 2 2 2 1 2 1 2 1 2 1 0 2 0 0 0
1 22 1 0 1 1 0 0 1 0 1 1 0 1 1 0 1 1 1 0 0 1 1 1
1 35 2 0 1 2 0 2 0 2 0 2 2 2 2 1 2 1 2 1 2 1 2 1 2 2 2 2 2 2 1 2 1 2 1 2 1
1 11 0 1 0 0 0 1 1 2 1 2 1
1 13 2 0 1 0 2 0 2 2 2 2 2 2 1
1 111 2 0 1 2 0 2 2 1 1 1 1 2 1 1 1 1 2 2 1 1 2 1 1 1 1 1 1 1 1 2 0 2 0 0 0 2 1 0 0 0 2 1 0 0 0 2 1 0 0 0 2 1 0 0 0 2 1 1 2 2 2 2 2 1 2 1 2 1 2 1 2 2 2 2 1 2 1 2 1 2 1 2 1 2 2 2 1 2 1 2 1 2 2 2 1 2 1 2 1 2 1 2 1 2 1 2 1 2 1 2 1
1 13 0 1 1 2 1 2 1 2 1 2 1 2 1
1 63 2 2 2 2 2 2 2 2 1 2 1 2 1 2 1 2 0 2 1 2 1 2 1 2 2 2 1 2 1 2 2 2 2 2 2 1 2 1 2 1 2 1 2 1 2 0 2 1 2 1 2 1 2 2 2 2 2 2 1 2 1 2 1
1 103 2 0 1 0 2 0 0 2 1 0 2 1 2 1 0 2 1 2 1 0 2 1 2 1 2 1 0 2 1 2 1 2 1 2 1 0 2 1 2 1 2 1 2 1 2 0 2 0 2 1 1 2 2 1 1 2 2 2 2 1 2 1 2 1 2 2 2 2 2 1 2 1 2 1 2 2 1 2 1 2 1 2 1 2 1 2 2 2 2 2 2 1 2 1 2 1 2 1 2 2 1 2 1
1 98 1 1 1 2 1 2 2 2 2 2 1 2 2 2 1 2 2 2 2 2 2 1 2 1 2 2 2 2 2 1 2 1 2 2 2 2 2 1 2 1 2 2 2 1 2 1 2 1 2 1 2 1 2 1 2 1 2 1 2 1 2 2 2 1 2 1 2 2 2 2 2 2 2 2 1 2 1 2 1 2 1 2 1 2 0 2 2 1 2 1 2 1 2 1 2 1 2 0
1 40 2 2 1 2 1 2 1 2 2 2 2 2 2 2 1 2 2 2 2 2 2 2 1 2 1 2 1 2 1 2 1 2 1 2 0 0 2 0 2 0
1 177 2 0 1 0 2 0 2 1 1 2 0 2 0 2 2 2 2 2 2 1 2 1 2 1 2 1 2 1 2 2 2 1 2 1 2 1 2 1 2 2 2 2 2 2 1 2 1 2 2 2 2 2 2 1 2 1 2 1 2 2 2 2 0 2 2 2 1 2 1 2 1 2 2 2 2 0 2 2 2 1 2 1 2 1 2 1 2 1 2 1 2 2 2 2 2 1 2 1 2 2 2 2 2 1 2 1 2 1 2 1 2 2 2 1 2 1 2 1 2 1 2 2 2 1 2 1 2 2 2 2 2 1 2 2 2 1 2 1 2 1 2 1 2 1 2 2 2 2 1 2 1 2 1 2 1 2 2 2 2 2 1 2 1 2 1 2 2 2 1 2 1 2 1 2 1 2 1
1 41 2 0 1 0 2 0 2 2 2 2 2 1 1 2 2 2 2 2 1 2 1 2 1 2 1 2 1 2 1 2 1 2 1 2 2 2 2 2 1 2 0
1 30 2 2 2 2 2 1 2 1 2 1 0 0 0 2 1 2 2 2 1 2 1 2 1 2 2 2 2 2 1 2
1 13 0 1 1 0 1 1 1 1 0 1 0 1 1
1 61 2 0 1 0 2 0 0 2 1 0 0 2 1 2 1 0 2 1 2 1 2 1 2 1 0 2 1 1 2 0 1 2 0 1 2 0 2 2 1 2 0 0 2 1 0 2 1 2 1 2 1 2 1 2 1 2 1 2 1 2 1
1 96 2 0 1 0 2 0 0 0 0 2 1 0 0 0 2 1 0 0 0 2 1 0 0 0 2 1 0 0 0 2 1 1 1 1 1 1 1 1 2 2 2 2 1 1 1 1 2 2 2 1 1 2 2 2 1 1 2 2 0 0 2 1 0 0 2 1 2 1 0 2 1 2 1 2 1 0 0 0 2 1 0 0 0 2 1 0 0 0 2 1 0 0 0 2 1 1
1 57 1 1 1 1 0 1 1 1 1 0 1 1 1 1 1 1 1 1 1 1 1 1 1 1 1 2 0 2 1 2 1 2 1 2 1 2 1 2 2 2 2 2 1 2 1 2 1 2 1 2 1 2 0 2 1 2 1
1 37 0 0 0 1 1 2 2 2 1 2 1 2 1 2 1 2 2 1 2 2 2 2 2 1 2 1 2 1 2 2 2 2 2 1 2 2 1
1 38 2 0 1 0 2 0 1 1 1 1 1 1 1 2 2 1 1 1 1 2 1 1 2 2 2 1 2 1 2 1 2 1 2 1 2 1 2 1
1 17 2 2 1 2 1 2 1 2 1 2 1 2 1 2 0 2 0
1 68 1 1 0 1 1 2 2 2 2 2 1 2 1 2 2 2 2 2 2 2 2 2 2 2 2 2 2 1 2 1 0 0 0 2 2 1 2 1 2 1 2 1 2 2 2 1 2 1 2 1 2 1 2 2 1 2 2 2 2 2 2 1 2 1 2 1 2 1
1 9 2 2 1 2 1 2 1 2 1
1 70 2 0 1 2 0 1 1 1 1 1 1 1 1 1 1 1 1 1 1 0 0 0 2 1 0 0 0 2 1 0 0 0 2 1 0 0 0 2 1 1 2 2 2 2 1 2 1 2 1 0 2 2 2 2 1 2 1 2 1 2 2 2 2 2 2 1 2 1 2 1
1 56 2 2 2 2 2 1 2 2 2 2 2 2 1 2 1 2 2 2 2 2 2 1 2 1 2 1 2 1 2 1 2 2 2 2 1 2 1 2 1 2 1 0 2 0 2 1 2 1 2 1 2 1 2 1 2 1
1 65 2 0 1 2 0 2 2 2 1 2 1 2 1 2 1 2 2 2 2 2 1 0 0 0 0 2 2 1 2 1 2 2 2 2 2 2 1 2 1 2 1 2 1 2 1 2 1 2 2 2 2 2 2 2 2 2 1 2 1 2 1 2 1 2 1
1 133 2 0 1 2 0 2 2 2 2 1 2 0 1 2 0 2 2 0 1 1 1 1 2 1 1 2 2 2 1 1 2 2 2 1 1 2 1 1 2 2 2 1 1 2 2 1 1 2 2 1 1 1 1 1 1 2 2 1 2 2 2 2 2 2 1 2 1 2 1 2 1 2 1 2 2 1 2 1 2 1 2 1 2 1 2 2 2 2 2 1 2 1 2 1 2 1 2 2 2 1 2 2 2 2 2 1 2 1 2 1 2 2 2 2 2 1 2 2 2 2 2 2 1 2 1 2 1 2 1 2 1 2 1
1 103 1 1 1 0 0 1 0 0 1 1 0 1 0 0 0 1 1 2 0 2 0 0 2 2 2 2 1 2 1 2 2 2 2 2 2 2 2 2 1 2 1 2 2 1 2 1 2 0 2 1 2 1 2 1 2 1 2 1 2 1 2 1 2 1 2 1 2 0 2 2 2 2 2 1 2 1 2 2 2 1 2 2 1 2 1 2 1 2 1 2 2 2 2 2 2 1 2 1 2 2 1 2 0
1 41 1 1 0 0 1 1 0 0 0 0 1 1 1 0 2 2 2 2 1 2 1 2 2 2 2 2 2 2 1 2 1 2 1 2 1 2 1 2 1 2 1
1 32 2 0 2 2 2 1 2 1 2 1 2 1 2 1 2 2 2 2 1 2 1 2 2 2 2 1 2 1 2 1 2 1
1 76 2 0 1 2 0 2 0 2 1 2 1 2 1 2 1 2 1 0 0 2 1 2 1 2 1 2 1 0 1 2 0 1 2 0 2 2 2 2 2 0 2 2 2 1 2 1 2 1 2 1 2 1 2 2 2 2 2 2 2 2 2 1 2 1 2 1 2 1 2 1 2 1 2 1 2 1
1 51 2 0 2 2 2 2 1 2 1 2 1 2 1 2 1 2 2 2 2 1 2 1 2 1 2 1 2 1 2 2 2 2 2 2 1 2 1 2 1 2 1 2 1 2 1 2 1 2 1 2 1
1 46 2 0 1 0 2 0 2 2 2 1 1 2 2 1 1 2 2 2 2 1 1 2 2 1 1 1 1 1 1 2 2 0 0 0 2 1 0 0 0 2 1 1 0 0 2 0
1 37 2 0 1 0 2 0 0 1 1 1 2 0 2 2 1 2 0 1 2 0 2 2 2 2 2 2 2 0 1 1 1 2 0 2 2 2 2
1 62 2 0 1 0 2 0 1 2 1 2 1 2 1 2 1 2 1 2 2 2 2 2 2 1 2 2 2 2 1 2 1 2 1 2 1 2 2 2 2 2 2 2 1 2 1 2 1 2 2 2 2 1 2 1 2 1 2 1 2 0 2 1
1 18 2 0 1 2 0 2 1 2 1 2 1 0 2 0 0 2 0 0
1 188 2 0 1 0 2 0 0 2 1 2 1 2 1 2 1 1 2 0 2 1 2 1 2 1 0 2 1 2 1 2 1 0 2 1 2 1 2 1 2 1 0 2 1 0 2 1 2 1 2 1 2 1 0 2 1 2 1 2 1 0 2 1 2 1 2 1 2 1 2 1 2 2 2 1 2 1 2 1 2 1 2 1 2 1 2 2 1 2 2 2 2 2 1 2 1 2 1 2 1 2 1 2 1 2 1 2 1 2 2 2 1 2 1 2 1 2 1 2 2 2 2 2 2 1 2 1 2 1 2 2 2 1 2 1 2 1 2 1 2 2 2 2 2 2 1 2 1 2 1 2 1 2 1 2 1 2 0 2 2 2 1 2 1 2 1 2 2 2 2 2 2 1 2 2 2 2 1 2 2 2 2 1 2 1 2 0 2 0
1 4 1 1 1 0
1 88 2 2 1 2 1 2 1 2 2 1 2 2 2 2 1 2 1 2 1 2 1 2 1 2 2 2 2 2 2 1 2 1 2 1 2 1 2 1 2 1 2 1 2 1 2 1 2 1 2 2 2 2 2 2 1 2 1 2 1 2 1 2 1 2 2 2 2 2 2 1 2 1 2 1 2 2 2 2 2 1 2 1 2 1 0 0 2 0
1 135 2 0 1 2 0 2 2 2 2 2 2 1 2 0 1 2 0 2 1 2 1 2 1 2 2 1 2 1 2 1 2 2 2 2 2 1 2 1 2 1 2 1 2 1 2 0 2 2 2 2 1 2 1 2 1 2 1 2 2 2 2 2 2 1 2 1 2 1 2 1 2 1 2 2 2 2 1 2 1 2 1 2 2 2 2 1 2 1 2 1 2 1 2 1 2 2 2 2 2 2 1 2 2 1 2 1 2 1 2 1 2 1 2 2 2 2 2 1 2 1 2 1 2 1 2 1 2 2 1 2 1 2 1 2 1
1 24 2 2 1 2 1 2 1 2 2 1 2 1 2 1 2 1 2 1 2 2 2 2 2 2
1 123 2 0 1 2 0 0 0 0 2 1 0 0 0 2 1 0 0 0 2 1 0 0 0 2 1 0 0 0 2 1 1 2 1 1 2 1 1 2 2 2 0 1 1 2 1 1 1 1 1 1 2 2 2 1 2 1 2 1 2 2 2 2 2 1 2 1 2 1 2 1 2 1 2 2 2 2 2 1 2 1 2 1 2 2 1 2 1 2 1 2 2 2 1 2 1 2 1 2 1 2 1 2 1 2 1 2 1 2 2 1 0 2 0 2 1 2 1 2 1 2 1 2 1
1 53 2 0 1 0 2 0 0 0 0 2 1 0 0 0 2 1 0 0 0 2 1 0 0 0 2 1 1 2 1 2 1 2 1 2 1 2 2 1 2 1 2 1 2 1 2 1 2 1 2 1 2 0 0
1 42 2 0 1 2 0 1 2 2 2 2 2 2 1 2 1 2 1 2 1 2 2 1 2 0 2 1 2 1 2 1 2 1 2 1 2 1 2 1 2 1 2 1
1 8 2 1 2 1 2 1 2 1
1 10 2 2 1 2 1 0 2 1 2 1
1 48 2 0 1 2 0 0 2 2 1 1 1 1 2 2 1 1 1 1 0 2 1 2 1 2 1 2 1 2 1 0 2 1 2 1 2 1 2 1 2 1 2 0 1 1 2 1 2 1
1 91 2 0 1 0 2 0 2 1 2 1 2 1 2 1 2 2 2 1 2 1 2 1 2 1 2 1 2 1 2 1 2 1 2 2 2 2 1 2 1 2 1 2 1 2 2 0 2 0 2 0 2 2 2 2 2 2 2 2 2 2 2 2 2 2 2 2 2 2 2 2 1 2 1 2 1 2 1 2 1 2 2 2 2 2 1 2 1 2 1 2 1
1 27 0 1 1 1 0 0 0 1 1 0 0 0 1 1 1 1 0 0 1 1 1 0 1 1 0 1 1
1 25 1 1 0 0 0 1 1 0 0 0 1 1 1 1 1 1 0 0 1 1 0 1 0 1 1
1 80 2 0 1 0 2 0 0 2 1 2 1 2 1 2 1 2 1 0 2 1 0 2 1 2 1 0 2 1 2 1 2 1 2 1 2 2 1 1 1 1 2 1 1 2 0 2 2 0 2 1 2 1 0 2 1 2 1 2 1 0 2 1 2 1 0 2 1 2 1 2 1 2 1 0 2 1 2 1 2 1
1 68 2 0 1 0 2 0 0 0 2 0 2 2 2 1 2 1 2 1 2 1 2 2 2 2 1 2 1 2 1 2 2 1 2 2 1 2 2 2 2 2 2 2 2 2 2 1 2 1 2 2 2 2 2 1 2 1 2 1 2 1 2 1 2 1 2 1 2 1
1 59 2 0 1 2 0 0 0 0 2 1 1 2 1 2 1 2 0 2 0 2 1 2 1 2 1 2 2 2 2 2 1 2 1 2 2 2 2 2 1 2 2 2 2 2 2 1 2 2 2 2 2 1 2 1 2 1 2 2 0
1 42 2 0 1 2 0 2 2 2 2 2 2 2 1 2 1 2 1 2 1 2 1 2 2 2 2 1 2 1 2 1 2 1 2 1 2 1 2 1 2 1 2 1
1 29 1 1 0 1 1 0 1 1 1 0 1 1 0 1 1 2 1 2 1 2 1 2 1 2 1 2 1 2 1
1 186 2 2 1 2 1 2 2 1 2 2 1 2 1 2 1 2 1 2 1 2 2 2 2 2 2 1 2 1 2 1 2 1 2 1 2 2 2 2 2 1 2 2 2 2 2 2 1 2 1 2 1 2 1 2 2 2 2 1 2 1 2 2 2 2 2 2 2 1 2 1 0 2 1 2 1 2 1 2 2 2 1 2 2 2 1 2 1 2 1 2 2 1 2 1 2 1 2 1 2 1 2 1 2 1 2 1 2 1 2 2 2 2 2 1 2 1 2 1 2 1 2 1 0 2 0 2 2 2 2 1 2 2 2 2 1 2 2 2 2 1 2 1 2 1 2 1 2 0 2 0 2 2 2 2 2 2 1 2 1 2 1 2 2 2 2 2 1 2 1 2 1 2 2 2 2 2 1 2 1 2 1 0 2 0 2 0
1 57 2 0 1 2 0 2 2 2 1 1 1 1 2 1 1 2 2 1 1 1 1 1 1 1 1 1 1 1 1 2 1 1 2 2 2 2 2 0 2 1 2 1 2 1 0 2 1 2 1 0 2 1 1 1 1 1 2
1 192 2 2 2 1 2 1 2 2 2 2 2 2 1 2 1 2 1 2 1 2 2 2 2 2 2 1 2 2 1 2 1 2 1 2 1 2 1 2 2 2 2 2 2 2 1 2 1 2 2 2 2 2 1 2 1 2 1 2 1 2 1 2 1 2 1 2 1 2 1 2 1 2 2 2 2 1 2 1 2 2 2 1 2 1 2 0 2 2 2 1 2 1 2 1 2 1 2 2 1 2 1 2 2 2 2 1 2 2 2 2 2 2 0 2 0 2 2 2 1 2 1 2 1 2 1 2 1 2 2 1 2 1 2 1 2 1 2 1 2 2 2 2 2 1 2 1 2 1 2 1 2 1 2 1 2 2 2 2 2 2 2 2 2 1 2 1 2 1 2 2 2 2 2 2 2 1 2 1 2 2 2 1 2 2 2 2 2 2 1 2 1 0
1 52 2 0 1 0 2 0 0 0 0 2 1 0 0 0 2 1 0 0 0 2 1 0 0 0 2 1 1 2 2 2 1 1 1 1 2 1 1 1 1 0 2 2 2 1 2 1 2 1 2 1 2 1
1 11 2 0 1 2 0 0 2 2 1 2 1
1 131 2 1 2 1 2 1 2 1 2 1 2 2 2 2 1 2 0 2 2 1 2 2 2 2 2 1 2 1 2 1 2 1 2 1 2 2 1 2 1 2 1 2 1 2 1 2 2 1 2 1 2 1 2 1 2 1 2 2 2 2 2 2 1 2 1 2 2 2 2 2 1 2 1 2 1 2 1 2 2 2 2 2 2 1 2 1 2 1 2 1 2 2 2 2 2 1 2 2 2 2 2 1 2 1 2 2 2 2 1 2 1 2 2 1 2 1 2 2 2 1 2 1 0 2 1 2 1 2 1 2 1
1 37 1 1 1 0 1 1 1 1 1 0 0 0 0 1 1 1 1 0 2 0 0 2 2 2 1 2 1 2 1 2 1 2 1 2 1 2 1
1 313 1 1 1 1 0 1 1 1 1 1 2 1 2 1 2 1 2 1 2 2 2 2 1 2 1 2 2 2 2 2 2 1 2 1 2 1 2 2 2 1 2 2 1 2 1 2 1 2 1 2 1 2 2 2 1 2 1 2 1 2 1 2 1 2 1 2 1 2 1 2 1 2 1 2 2 2 2 1 2 1 2 2 2 2 1 2 1 2 2 1 2 1 2 1 2 1 2 1 2 2 2 2 2 2 1 2 1 2 1 2 1 2 1 2 2 2 2 1 2 2 2 2 2 2 1 2 1 2 1 2 1 2 1 2 2 2 2 2 1 2 1 2 1 2 1 2 2 2 2 2 1 2 2 2 2 2 2 1 2 1 2 1 2 1 0 2 2 2 1 2 1 2 1 2 1 2 2 2 2 1 2 1 2 1 2 2 2 2 2 1 2 1 2 1 2 1 2 1 2 2 2 2 2 2 1 2 1 2 2 2 1 2 1 2 2 1 2 1 2 1 2 2 1 2 1 2 1 2 1 2 2 2 2 1 2 2 2 2 2 2 2 1 2 1 2 1 2 1 2 1 2 2 2 1 2 1 2 2 2 1 2 1 2 1 2 1 2 1 2 2 2 2 2 1 2 1 2 1 2 2 1 2 1 2 1 2 1 2 1 2 1 2 1 2 1 2 1 2 2 2 2 1 2 2 2 2 2 1 2 2 2 2 2
1 19 1 1 0 1 1 1 1 0 1 1 0 1 1 1 1 1 1 1 1
1 60 2 0 2 2 1 2 1 2 1 2 1 2 2 2 0 2 2 2 2 2 1 2 1 2 1 2 1 2 1 2 2 2 2 2 2 2 2 2 2 2 1 2 1 2 1 2 1 2 2 1 2 1 2 1 2 1 2 1 2 1
1 24 2 0 1 2 0 0 0 0 2 1 1 0 2 1 1 2 2 1 1 1 1 2 2 2
1 102 2 0 1 2 0 2 2 1 1 1 1 2 2 2 2 0 2 0 1 1 1 1 2 2 2 2 2 2 2 2 2 2 1 1 2 1 2 1 2 1 2 0 2 2 2 2 2 1 2 1 2 1 2 1 2 1 2 2 2 1 2 1 2 1 2 2 2 2 2 0 0 2 0 2 2 2 1 2 1 2 1 2 1 2 2 2 1 2 1 2 2 1 2 1 0 0 2 1 2 1 2 1
1 51 1 1 1 1 1 1 0 0 0 0 1 1 0 1 1 0 2 0 0 2 2 2 2 1 2 1 2 1 2 2 2 2 1 2 1 2 1 2 1 2 1 2 1 2 1 2 1 2 1 2 1
1 97 2 2 1 2 1 2 1 2 1 0 2 0 2 1 2 1 2 1 2 1 2 1 2 0 2 2 2 2 2 2 2 2 2 2 1 2 1 2 2 1 2 1 2 0 2 1 2 1 2 1 2 1 2 1 2 1 2 1 2 1 2 2 2 1 2 1 2 1 2 2 2 2 2 2 2 2 1 2 1 2 1 2 2 1 2 1 2 1 2 2 1 2 1 2 1 2 1
1 153 2 2 2 1 2 1 2 1 2 1 2 1 2 2 2 1 2 1 2 1 2 1 2 2 1 2 2 2 1 2 1 2 2 2 2 2 2 1 2 1 2 1 2 1 0 2 2 2 2 2 2 1 2 1 2 2 2 1 2 1 2 1 2 1 2 2 2 2 2 1 2 1 2 1 2 1 2 1 2 1 2 1 2 2 2 2 1 2 1 2 1 2 1 2 2 2 2 2 1 2 1 2 1 2 1 2 2 2 1 2 1 2 1 2 1 2 1 2 1 2 1 2 1 2 1 2 1 2 1 2 2 2 1 2 2 2 2 1 2 1 2 1 2 1 2 2 2 1 0 2 0 2 0
1 153 0 0 1 0 1 1 1 0 1 0 1 1 1 1 1 1 1 1 1 1 0 1 0 1 1 2 2 2 2 2 1 2 1 2 1 2 2 2 1 2 1 2 1 2 1 2 1 2 2 2 2 2 2 2 2 1 2 1 2 1 2 0 2 2 2 2 1 2 1 2 1 2 1 2 2 2 2 2 1 2 2 2 2 2 2 1 2 1 2 1 2 1 2 1 2 1 2 2 2 2 2 2 1 0 2 2 2 2 2 2 2 2 1 2 2 2 2 2 2 1 2 1 2 1 2 1 2 2 1 2 1 2 1 2 1 2 1 2 1 2 1 2 1 2 1 2 1 2 1 2 1 2 0
1 14 2 1 2 1 2 1 2 1 2 1 2 0 2 0
0 23 1 0 1 1 1 1 1 0 1 0 1 1 1 0 0 1 0 0 1 1 0 0 1
0 4 0 0 0 1
0 8 1 1 0 1 1 1 0 1
0 6 0 1 1 0 0 1
0 8 0 1 0 1 1 0 0 1
0 17 1 1 1 1 0 1 1 0 0 1 1 1 1 0 1 0 1
0 6 1 1 0 0 0 1
0 17 0 1 1 0 1 1 0 0 1 0 1 1 1 1 0 0 1
0 1 1
0 13 0 1 0 1 1 1 1 1 1 1 0 0 1
0 16 1 1 0 1 0 1 1 1 1 0 1 1 1 0 0 1
0 16 1 0 1 1 1 1 1 0 1 0 1 1 1 0 0 1
0 6 1 1 0 1 0 1
0 4 1 0 0 0
0 10 0 1 1 0 0 1 1 1 0 1
0 8 1 1 0 0 1 1 0 1
0 17 1 1 0 0 1 1 1 1 0 1 1 0 1 1 0 0 1
0 20 1 1 1 1 1 1 0 1 1 1 1 0 1 1 1 1 0 0 0 1
0 9 0 1 1 0 1 1 0 0 1
0 10 0 0 0 0 1 1 1 1 0 1
0 15 1 1 0 0 1 1 1 1 1 1 0 0 0 0 1
0 16 1 0 1 1 1 1 1 1 1 0 1 1 1 0 1 0
0 14 1 0 1 1 1 1 1 1 0 1 1 1 0 1
0 10 0 1 1 0 1 1 0 0 1 0
0 21 1 0 1 1 1 1 0 0 1 1 0 0 1 1 1 1 1 1 0 1 0
0 21 1 0 1 1 1 1 1 1 0 1 1 1 0 1 1 1 1 1 0 0 1
0 30 0 1 1 1 1 1 0 1 0 1 1 0 0 1 0 0 1 1 0 0 0 0 1 1 1 1 1 1 0 1
0 3 0 0 1
0 14 0 1 1 1 1 1 0 1 0 1 1 0 0 1
0 2 0 1
0 9 1 0 1 1 1 1 1 0 1
0 5 0 1 0 0 1
0 12 1 1 1 1 0 0 0 1 1 0 0 1
0 5 0 0 1 0 0
0 13 0 1 0 1 1 0 0 1 1 1 0 1 0
0 11 1 0 1 1 1 1 1 0 1 0 1
0 7 1 1 1 1 1 0 1
0 9 1 1 0 1 0 1 1 0 1
0 5 0 0 1 0 1
0 16 0 1 0 0 0 1 1 0 1 1 0 1 1 0 0 1
0 2 1 0
0 18 1 1 0 1 1 0 1 1 1 0 0 1 1 1 1 0 0 1
0 18 1 1 1 1 0 0 1 1 1 0 1 1 0 1 1 1 0 1
0 13 1 0 1 1 1 0 0 1 1 1 1 0 1
0 4 0 1 0 1
0 12 1 1 1 1 1 0 1 1 1 0 0 1
0 21 0 0 1 0 1 1 1 1 1 1 1 0 0 0 1 1 1 1 1 0 1
0 15 0 1 1 1 1 1 1 0 0 0 1 1 1 0 1
0 10 1 0 0 1 1 1 0 1 0 1
0 4 2 0 1 0
0 23 0 0 0 0 0 1 1 0 1 1 1 1 1 1 0 0 1 1 1 1 1 0 1
0 22 1 0 1 1 1 1 0 0 1 1 0 0 1 1 1 1 1 1 0 1 0 1
0 15 1 0 1 1 1 0 1 1 0 1 1 0 1 0 1
0 13 1 0 1 1 1 1 0 0 1 1 0 0 1
0 5 1 0 0 0 1
0 5 0 1 0 0 0
0 12 1 1 0 1 0 1 1 0 1 0 0 1
0 15 1 1 1 0 1 1 1 1 1 0 1 1 1 0 1
0 17 1 0 1 1 1 1 1 0 1 0 1 1 1 0 0 1 0
0 15 1 1 1 1 0 1 1 0 0 1 1 1 1 0 1
0 7 1 1 1 1 0 0 1
0 24 0 0 1 0 1 1 1 1 1 1 1 0 0 0 1 1 1 1 1 0 1 1 0 1
0 13 1 1 1 1 1 1 1 1 1 1 0 0 1
0 9 1 1 1 0 1 1 1 0 1
0 4 2 0 1 2
0 6 0 0 0 0 0 1
0 12 1 0 0 0 1 1 0 1 1 1 0 1
0 18 1 0 1 1 1 1 1 0 1 0 1 1 1 0 0 1 0 0
0 7 0 1 1 1 1 0 1
0 8 0 1 1 1 1 1 0 1
0 8 0 0 0 1 1 1 0 1
0 5 0 0 0 0 1
0 23 1 1 1 1 0 1 1 0 0 1 1 1 1 0 1 0 1 1 1 1 1 0 1
0 10 1 0 1 1 1 1 1 0 1 0
0 8 1 1 1 1 0 0 0 1
0 11 1 1 1 0 0 1 1 0 1 0 1
0 13 1 1 0 0 1 1 1 1 0 1 1 0 1
0 16 0 1 1 1 1 1 0 1 0 1 1 0 0 1 0 0
0 17 0 1 1 0 1 1 1 1 1 1 0 0 1 1 1 0 1
0 14 1 0 1 1 1 0 1 1 0 1 1 0 1 0
0 23 1 1 0 1 0 1 1 1 1 0 1 1 1 0 0 1 1 1 0 0 0 0 1
0 14 0 0 0 0 1 1 1 1 0 1 1 1 0 1
0 12 1 1 1 1 1 1 1 1 1 1 0 1
0 8 1 0 1 1 1 1 0 1
0 5 1 1 0 0 1
0 14 0 1 1 0 0 1 1 1 0 1 1 1 0 1
0 13 1 1 0 1 0 1 1 1 1 0 0 0 1
0 12 0 1 0 1 1 0 0 1 1 1 0 1
0 5 1 1 1 0 1
0 14 1 1 1 1 1 1 0 1 1 1 0 0 1 0
0 5 0 1 1 0 1
0 10 1 0 1 1 1 1 1 1 0 1
0 14 0 1 1 1 1 1 0 0 1 1 1 0 0 1
0 11 0 1 1 0 1 1 0 0 1 0 1
0 10 1 0 1 1 1 0 1 1 0 1
0 11 1 1 1 1 0 0 1 1 1 0 1
0 20 1 1 1 1 1 1 1 1 1 1 0 0 1 1 1 1 0 1 0 1
0 10 1 1 0 1 0 1 1 0 1 0
0 4 1 0 0 1
0 18 1 1 1 1 1 1 1 1 1 1 0 0 1 1 1 1 0 1
0 13 1 1 1 0 1 1 1 1 1 1 1 0 1
0 8 1 1 1 1 1 1 0 1
0 17 0 1 1 1 1 1 0 1 0 1 1 0 0 1 0 0 1
0 5 1 0 0 0 0
0 7 1 1 0 1 1 0 1
0 4 1 1 0 1
0 10 1 0 1 1 1 1 1 0 0 1
0 13 1 0 1 1 1 0 1 1 0 1 1 0 1
0 20 1 0 1 1 1 1 0 0 1 1 0 0 1 1 1 1 1 1 0 1
0 3 2 0 1
0 21 1 1 1 0 1 1 1 1 1 0 1 1 1 0 1 1 0 1 1 0 1
0 14 1 0 0 1 1 1 0 1 0 1 1 1 0 1
0 4 0 0 1 0
0 23 0 1 1 1 1 1 0 1 0 1 1 0 0 1 0 0 1 1 0 0 0 0 1
0 7 1 1 0 0 0 1 0
0 11 1 1 1 0 1 1 1 1 1 0 1
0 16 1 0 1 1 1 0 0 1 1 1 1 0 1 1 0 1
0 19 1 0 1 1 1 1 1 0 1 0 1 1 1 0 0 1 0 0 1
0 9 0 0 0 0 0 1 1 0 1
0 10 1 1 1 1 0 1 1 0 0 1
0 7 0 1 0 1 1 0 1
0 18 1 1 1 0 1 1 1 1 1 0 1 1 1 0 1 1 0 1
0 10 0 0 1 1 1 1 1 1 0 1
0 14 0 1 0 1 1 0 0 1 1 1 0 1 0 0
0 6 1 1 1 1 0 1
0 15 0 1 0 1 1 0 0 1 1 1 0 1 0 0 1
0 6 1 0 0 0 0 1
0 10 0 1 1 1 1 1 0 1 0 1
0 19 1 1 1 0 1 1 1 1 1 1 1 0 1 1 1 0 0 0 1
0 10 0 0 1 1 1 1 0 0 0 1
0 8 1 0 0 1 1 1 0 1
0 9 1 1 1 0 0 1 1 0 1
0 14 0 1 0 1 1 1 1 1 1 1 0 0 1 0
0 11 1 0 1 1 1 1 1 1 1 0 1
0 17 0 0 0 0 0 1 1 0 1 1 1 1 1 1 0 0 1
0 6 0 0 1 0 0 1
0 11 1 1 0 1 0 1 1 1 1 0 1
0 18 1 1 0 1 0 1 1 0 1 0 0 1 1 0 1 1 0 1
0 19 0 1 0 0 0 1 1 0 1 1 0 1 1 0 0 1 1 0 1
0 5 2 0 1 0 2
0 16 1 1 0 1 0 1 1 1 1 0 0 0 1 1 0 1
0 9 1 0 0 1 1 1 0 1 0
0 14 1 1 1 1 0 0 1 1 1 0 1 1 0 1
0 9 1 1 1 1 1 1 1 0 1
0 12 1 1 0 1 1 0 1 1 1 0 0 1
0 9 0 1 0 0 0 1 1 0 1
0 15 1 1 1 1 1 1 0 1 1 1 0 0 1 0 1
0 6 0 1 0 0 0 1
0 15 1 0 1 1 1 1 1 1 1 0 1 1 1 0 1
0 4 0 1 0 0
0 3 1 0 1
0 19 0 0 1 1 1 1 1 1 0 1 1 1 1 1 1 1 0 0 1
0 17 0 0 1 1 1 1 0 0 0 1 1 1 1 1 1 0 1
0 15 0 0 1 0 1 1 1 1 1 1 1 0 0 0 1
0 16 1 1 1 1 0 1 1 0 0 1 1 1 1 0 1 0
0 12 0 1 0 0 0 1 1 0 1 1 0 1
0 11 0 1 1 1 1 1 1 0 0 0 1
0 3 0 1 0
0 22 0 0 1 1 1 1 0 0 0 1 1 1 1 1 1 0 1 1 1 0 0 1
0 3 1 0 0
0 5 1 1 0 1 0
0 12 1 0 0 0 0 1 1 0 0 0 0 1
0 18 1 1 0 1 0 1 1 1 1 0 0 0 1 1 0 1 0 1
0 15 1 1 0 1 0 1 1 0 1 0 0 1 1 0 1
0 9 0 1 1 1 1 1 0 1 0
0 10 1 1 0 0 1 1 1 1 0 1
0 19 1 1 1 1 1 1 1 1 1 1 0 0 1 1 1 1 0 1 0
0 8 1 0 1 1 1 0 0 1
0 9 1 0 1 1 1 0 0 0 1
0 7 1 0 1 1 1 0 1
0 13 0 1 1 0 1 1 1 1 1 1 0 0 1
0 8 1 0 0 0 1 1 0 1
0 14 1 0 1 1 1 0 0 0 1 1 1 0 0 1
0 17 1 0 1 1 1 1 1 1 1 0 1 1 1 0 1 0 1
0 8 1 1 0 0 0 1 0 1
0 9 0 1 1 1 1 1 0 0 1
0 15 0 1 1 1 1 1 0 1 0 1 1 0 0 1 0
0 13 1 1 1 1 1 1 0 1 1 1 0 0 1
0 9 1 0 1 1 1 1 0 0 1
0 6 1 1 1 0 0 1
0 11 1 1 0 1 0 1 1 0 1 0 0
0 13 1 1 1 1 1 1 0 1 1 1 1 0 1
0 15 0 1 0 1 1 1 1 1 1 1 0 0 1 0 1
0 10 1 1 1 0 0 1 1 0 1 0
0 17 1 1 0 1 0 1 1 1 1 0 0 0 1 1 0 1 0
0 7 1 1 1 0 1 0 1
0 6 1 1 1 0 1 0
