82 3
1 0 
1 20 0 1 1 1 1 0 2 1 1 1 1 1 1 0 1 1 0 0 0 0
1 48 0 1 1 1 1 1 0 0 1 0 0 0 1 0 0 0 0 0 0 1 0 0 1 1 0 1 0 1 0 0 0 0 0 0 0 1 0 0 1 0 0 1 0 0 1 0 0 1
1 104 0 2 1 1 1 1 1 1 1 1 1 1 1 0 0 1 0 0 0 0 1 0 0 0 0 1 0 0 0 1 0 0 0 0 0 1 0 0 1 0 0 0 0 0 1 0 0 0 0 1 1 1 0 0 1 1 0 0 0 0 1 0 0 0 0 0 1 0 0 0 0 1 1 0 0 1 0 0 1 0 0 0 0 0 1 0 0 0 0 0 0 0 0 1 0 0 1 0 0 1 0 0 1 1
1 165 2 2 2 2 2 1 1 1 1 1 1 1 1 0 0 0 0 0 1 0 0 0 1 0 1 1 0 1 1 0 0 1 0 0 0 0 0 1 1 0 0 0 0 0 0 0 1 1 0 0 1 0 0 1 0 0 1 0 0 1 0 0 1 1 2 2 2 2 0 0 0 0 0 0 1 1 2 2 0 0 0 0 1 1 1 1 0 2 0 2 0 2 1 1 1 1 1 0 0 0 0 0 0 0 1 1 0 0 0 1 0 0 0 0 1 0 0 0 1 0 0 0 0 1 1 0 0 0 1 1 0 0 0 0 0 1 0 0 0 0 0 1 0 0 0 0 0 0 1 0 0 1 0 0 0 1 0 1 0 1 0 0 0 1 0
1 51 0 2 2 0 2 1 1 1 1 1 1 1 0 1 1 0 0 1 1 0 0 1 0 0 0 0 1 1 0 0 1 0 0 1 0 1 0 0 0 0 1 0 1 0 0 0 0 0 0 1 0
1 45 0 0 1 0 0 1 0 0 1 0 0 1 0 0 1 2 2 0 2 1 1 0 2 2 2 2 2 0 2 1 1 1 1 1 1 1 2 2 2 0 2 1 1 1 1
1 157 0 0 2 1 1 1 1 1 1 0 0 0 1 0 0 0 1 0 0 1 0 0 1 0 0 1 0 1 0 0 0 0 0 1 0 0 0 0 0 1 1 0 0 0 1 0 0 1 0 0 1 0 0 0 0 1 0 1 0 0 0 0 2 2 2 2 0 2 1 1 1 1 0 0 1 0 0 0 0 0 1 0 0 0 0 0 1 1 0 0 0 0 0 1 0 0 0 0 1 0 0 0 0 0 1 0 0 0 0 1 0 0 1 0 0 0 0 0 1 0 0 0 0 0 0 0 0 1 0 0 0 1 0 0 0 0 1 0 0 0 0 1 0 0 0 0 1 0 1 0 0 0 0 0 0 0 0
1 1 1
1 149 1 0 2 0 2 0 2 0 2 0 2 0 2 1 1 1 1 1 1 0 1 1 1 0 0 0 0 1 0 0 0 0 0 1 1 0 0 0 0 1 0 0 0 0 0 1 0 0 0 1 0 0 0 1 0 0 0 0 0 1 0 0 0 0 1 0 0 0 0 0 0 1 1 0 0 0 0 0 0 1 0 0 0 1 0 0 1 0 0 1 0 0 1 1 0 0 0 0 0 1 0 0 0 0 1 0 0 0 0 0 0 0 1 1 0 0 0 0 0 0 1 0 0 0 0 0 1 0 0 1 0 0 1 0 0 0 0 0 0 2 0 2 0 2 1 1 1 1 1
1 122 0 2 2 0 2 1 1 2 2 2 2 2 0 2 1 1 1 1 1 1 1 1 0 0 0 0 0 1 0 0 1 0 1 0 1 0 0 0 1 0 0 0 1 0 0 0 0 0 0 1 0 1 0 0 0 0 0 0 0 1 0 0 0 0 1 0 1 0 0 0 0 1 0 0 1 0 1 0 0 0 0 1 1 0 1 0 0 2 2 2 1 1 1 1 1 1 1 1 1 1 1 0 1 0 0 0 0 0 1 1 0 0 1 1 1 1 1 1 1 1 1 1
1 90 2 2 2 2 0 2 1 1 1 1 1 1 0 0 0 0 0 1 0 0 0 1 0 0 1 0 0 0 0 1 0 1 0 0 1 0 1 0 0 1 0 0 0 0 1 0 1 0 0 0 0 1 0 0 0 0 0 0 0 0 2 1 1 1 1 0 0 0 0 1 0 0 0 0 1 0 0 0 1 0 0 0 1 0 0 0 0 0 1 0
1 52 1 2 0 0 0 0 0 0 0 0 1 0 1 1 1 1 2 2 2 0 2 1 1 1 1 1 0 0 0 0 1 0 0 1 0 0 1 0 0 1 0 1 0 0 1 2 0 0 0 0 0 2
1 17 1 0 2 0 2 1 1 1 1 1 1 1 1 1 1 1 1
1 185 0 1 1 1 1 1 1 1 1 0 0 1 1 0 0 0 0 0 1 0 1 1 0 0 0 0 1 0 0 1 0 0 1 0 0 0 0 1 0 0 0 0 1 0 0 0 0 1 0 1 1 0 0 1 0 0 0 1 0 1 0 0 0 1 0 0 0 1 1 1 1 1 1 1 1 1 1 1 1 1 1 1 0 0 0 0 1 0 0 0 0 0 1 1 0 0 0 0 1 0 0 1 0 0 1 0 1 0 0 1 0 0 0 0 1 1 0 0 0 0 0 1 0 0 0 0 1 0 0 0 1 0 1 1 0 1 0 0 0 0 0 1 0 0 1 0 0 0 0 0 0 0 0 0 1 0 1 0 1 0 0 0 0 1 1 0 0 1 0 0 0 0 0 1 0 0 1 0 1 0 1 0 0 0 1
1 25 0 0 1 0 0 1 0 0 1 0 0 1 2 2 2 2 0 2 1 1 1 0 0 0 0
1 129 0 1 1 1 1 1 1 1 1 1 1 1 1 1 1 1 1 1 1 0 0 0 1 0 1 0 0 0 0 0 1 0 0 0 0 0 1 0 0 0 0 0 1 0 0 0 0 1 0 1 0 0 1 0 0 0 1 0 0 0 1 0 0 1 0 0 0 0 0 1 0 0 0 1 0 0 0 0 1 0 0 0 0 0 1 0 0 0 0 0 1 0 0 0 0 1 0 0 0 1 0 1 0 0 0 0 1 0 0 0 0 1 0 1 2 2 2 0 0 0 2 0 0 0 2 1 2 1 1
1 96 2 1 1 1 1 1 1 1 1 1 0 1 0 0 0 1 1 0 0 0 0 1 0 0 0 0 0 0 1 1 0 0 1 0 0 0 0 1 0 1 0 0 0 1 0 0 0 0 0 1 0 0 0 1 0 0 0 0 0 1 1 1 0 0 0 0 1 0 0 1 0 0 0 1 0 0 1 0 0 1 0 2 0 2 0 2 0 2 1 1 1 1 1 0 0 0
1 110 2 2 2 0 2 1 1 1 1 1 1 0 1 0 1 0 0 0 0 0 1 0 0 0 0 1 0 1 0 0 0 0 1 0 0 0 0 1 0 0 0 0 0 1 0 0 0 1 0 0 1 0 0 0 0 1 0 1 0 0 0 0 0 1 0 0 0 0 1 0 0 0 0 1 0 2 2 2 1 1 1 1 1 0 0 0 1 0 0 0 0 0 0 1 0 0 0 1 0 0 0 0 0 1 0 1 0 1 0 1
1 9 0 1 1 0 1 1 1 1 1
1 239 2 2 2 2 0 2 1 1 1 1 1 1 1 2 0 0 0 0 2 2 2 1 1 0 0 1 0 0 1 0 0 1 0 0 1 0 0 1 0 0 1 0 0 1 1 2 2 2 0 0 0 0 0 2 2 2 2 1 1 1 1 1 0 0 0 1 0 0 0 0 1 0 0 0 0 0 0 1 0 0 1 0 0 1 0 1 0 0 0 0 1 1 0 0 0 0 0 1 0 1 0 0 0 0 0 1 0 0 1 0 0 0 0 1 0 0 0 0 0 1 0 0 0 0 0 1 0 0 0 0 1 0 0 0 1 0 0 0 0 0 1 0 0 0 0 1 0 0 0 0 0 1 0 0 0 1 0 0 1 0 0 0 0 0 1 0 0 1 0 0 1 1 0 0 0 0 0 1 0 0 0 0 0 1 0 0 0 0 1 0 0 0 0 0 1 0 1 0 0 0 0 0 1 0 0 0 0 1 0 0 0 0 0 0 1 0 0 0 0 0 1 0 0 0 0 0 1 0 1 1 0 0 1 1 0 0 1 0 0
1 85 1 2 2 1 1 1 1 1 1 1 1 0 0 0 0 0 1 0 0 0 0 1 1 0 0 0 1 0 0 1 0 0 1 1 0 1 0 0 0 0 0 1 0 0 0 0 1 0 0 1 0 0 0 0 1 0 0 1 0 0 0 1 0 0 0 0 0 1 1 0 0 0 0 0 1 0 1 0 0 0 1 0 0 0 1
1 155 1 2 2 2 0 0 0 2 2 0 2 2 0 0 1 1 2 0 0 2 2 2 1 1 1 0 0 1 0 0 1 0 0 1 0 0 1 0 0 0 0 0 1 0 0 0 1 0 0 0 0 0 0 1 0 0 1 0 0 0 0 0 1 0 0 0 0 1 0 0 0 0 0 1 0 0 0 0 1 0 0 0 0 0 1 0 0 0 1 0 0 0 0 0 1 0 0 1 1 0 1 0 0 1 0 0 0 0 1 0 2 2 2 2 2 1 1 1 1 1 1 1 1 0 2 0 2 0 2 0 2 0 2 1 1 1 1 1 0 1 0 0 1 0 0 0 0 1 0 0 1 0 0 1 0
1 117 0 0 1 0 0 1 0 0 1 0 0 1 0 0 1 0 0 0 0 0 1 0 0 1 0 0 1 0 0 1 0 0 1 0 0 1 0 0 1 0 0 1 0 2 0 2 1 1 1 1 1 1 1 1 1 1 0 2 1 1 1 1 1 1 0 1 0 0 0 0 1 0 0 0 0 1 0 0 0 1 0 0 0 0 1 0 0 1 0 0 0 0 0 1 0 1 1 0 0 0 0 1 0 0 0 0 1 1 0 0 0 0 0 1 1 0 0
1 66 1 2 2 0 0 0 0 1 1 0 1 1 1 0 0 0 0 1 0 0 0 0 0 1 0 0 0 0 0 0 0 0 1 0 1 2 1 1 1 1 0 1 0 0 0 0 0 1 0 1 0 0 0 1 0 0 0 0 1 0 0 1 0 1 0 0
1 152 1 1 1 1 1 1 1 0 1 1 1 1 1 1 1 1 0 0 0 1 0 0 0 0 0 1 0 0 0 0 0 0 0 0 0 1 0 0 0 0 1 0 0 0 0 1 0 0 1 0 0 0 0 0 0 0 1 1 1 1 1 0 0 0 1 1 1 1 1 1 0 0 0 0 0 1 0 1 0 1 0 0 0 0 0 0 1 0 0 0 0 0 1 0 0 1 0 1 0 0 1 1 0 0 0 1 0 1 0 0 1 0 0 0 0 0 1 0 0 0 0 1 0 1 1 1 0 0 0 0 1 0 0 0 0 1 0 1 0 0 1 0 1 0 1 0 0 1 0 0 0 0
1 1 0
1 143 0 0 0 0 0 1 0 0 1 0 0 1 0 0 1 0 0 1 0 0 1 0 0 1 1 2 2 2 2 2 0 0 0 0 1 1 2 2 0 2 1 2 0 0 0 1 0 0 1 0 0 1 0 0 1 0 0 1 0 0 1 0 0 1 0 0 1 0 0 1 0 0 1 0 0 1 0 0 1 1 2 2 2 0 0 0 0 0 0 2 0 0 0 0 0 0 0 1 0 0 0 0 0 2 2 0 2 1 1 1 1 1 0 2 1 1 1 1 0 0 0 0 1 0 0 1 1 0 0 0 0 1 0 0 0 0 1 1 0 0 0 0 0
1 2 1 0
1 48 0 2 0 2 0 2 0 2 0 2 1 1 1 1 1 1 1 1 1 1 2 0 2 1 1 1 0 1 0 1 0 0 1 0 0 0 0 0 1 1 0 0 0 0 0 0 0 0
0 6 0 2 0 2 0 2
0 3 2 0 2
0 2 2 1
0 5 0 2 2 2 1
0 14 2 2 2 2 0 2 1 1 0 0 2 2 2 2
0 11 2 2 2 2 0 2 1 1 0 0 2
0 3 0 2 2
0 8 2 2 2 2 2 0 2 1
0 6 2 2 2 2 2 1
0 13 2 2 2 2 0 2 1 1 0 0 2 2 2
0 7 2 2 2 2 0 2 1
0 10 0 0 2 0 2 0 2 0 2 1
0 6 2 2 2 2 0 2
0 5 2 2 2 0 2
0 5 2 2 2 2 0
0 6 2 2 2 2 2 0
0 6 2 2 2 0 2 1
0 5 0 0 2 0 2
0 8 0 2 0 2 0 2 0 2
0 4 2 2 2 1
0 7 0 2 0 2 0 2 0
0 3 2 2 2
0 15 2 2 2 2 0 2 1 1 0 0 2 2 2 2 1
0 8 0 0 2 0 2 0 2 0
0 10 0 2 0 2 0 2 0 2 0 2
0 4 2 0 2 1
0 5 0 2 0 2 0
0 5 2 2 2 2 1
0 11 0 2 0 2 0 2 0 2 0 2 1
0 1 2
0 4 2 2 0 2
0 4 2 2 2 2
0 5 2 2 2 2 2
0 5 2 2 0 2 1
0 2 2 0
0 3 0 0 2
0 9 0 0 2 0 2 0 2 0 2
0 7 0 0 2 0 2 0 2
0 3 2 2 0
0 4 0 2 2 2
0 12 2 2 2 2 0 2 1 1 0 0 2 2
0 2 2 2
0 4 2 2 2 0
0 3 0 2 0
0 4 0 0 2 0
0 3 0 2 1
0 9 0 2 0 2 0 2 0 2 0
0 2 0 2
0 7 2 2 2 2 2 0 2
0 6 0 0 2 0 2 0
0 4 0 2 0 2
0 4 0 0 2 1
