373 4
1 17 0 0 0 0 3 0 0 3 0 3 0 2 1 3 1 3 2
1 57 0 0 3 3 0 3 0 3 0 2 0 3 1 3 1 2 2 2 2 2 2 3 3 3 3 3 0 0 3 3 3 0 2 3 3 3 2 3 3 3 3 3 3 2 3 3 3 3 3 3 2 3 3 3 3 3 3
1 83 3 1 3 1 3 1 3 1 1 0 1 2 3 1 3 1 2 2 2 2 2 2 0 2 2 1 3 0 3 0 2 1 3 1 3 1 3 1 3 1 3 0 3 3 3 2 3 3 3 2 3 3 3 3 1 3 1 3 1 3 1 3 1 2 3 3 3 3 3 2 3 2 3 3 3 3 2 1 2 0 0 1 1
1 13 3 1 3 2 2 2 2 3 0 0 2 1 2
1 110 3 3 3 0 2 1 3 1 3 1 3 1 3 2 3 3 0 0 0 0 3 3 0 3 0 3 0 3 0 3 0 2 1 3 1 3 1 3 1 3 0 2 3 3 3 3 3 3 0 0 3 0 0 3 3 0 2 1 3 1 3 1 3 2 2 1 0 0 2 2 1 2 0 0 0 0 3 3 0 3 0 3 0 3 0 2 1 3 1 3 1 3 2 2 3 3 3 3 3 3 3 1 3 3 3 1 2 1 2 1
1 26 3 2 1 1 3 1 2 0 1 2 3 3 2 3 1 2 3 2 3 3 1 3 1 1 1 2
1 54 3 1 3 1 3 1 3 1 3 1 3 1 1 2 2 0 2 3 1 2 2 2 2 2 2 1 1 1 2 0 3 3 3 2 3 3 3 3 0 0 3 0 3 0 3 0 3 0 2 1 3 1 3 0
1 58 3 0 3 0 2 1 3 1 3 1 3 1 3 1 3 0 2 3 3 3 3 3 3 2 3 3 3 3 3 3 3 3 3 3 3 3 3 3 3 3 3 3 3 3 3 3 3 3 3 3 3 2 3 3 3 3 3 3
1 105 3 3 0 0 3 0 3 0 3 0 3 0 3 0 2 1 3 0 2 3 3 3 2 3 3 3 3 3 3 3 3 3 0 0 0 0 0 0 0 0 3 0 3 0 3 0 2 1 3 1 3 1 3 0 2 3 3 3 3 3 3 2 3 3 3 3 1 3 3 3 1 0 3 3 3 3 3 3 3 3 3 2 3 3 3 0 0 3 0 3 0 3 0 2 1 3 1 3 1 3 1 3 1 3 0
1 44 3 1 2 3 3 1 3 1 3 1 3 1 3 1 3 1 3 3 3 1 2 0 0 2 2 3 3 3 2 3 3 3 3 3 3 0 3 0 2 1 3 1 3 2
1 194 3 3 3 0 3 0 3 0 3 0 3 0 2 2 3 3 3 3 3 3 2 3 3 3 2 3 3 3 3 3 3 3 3 3 2 3 3 3 2 3 3 3 2 3 3 3 3 1 3 1 3 1 3 1 3 1 1 3 1 3 1 3 1 3 1 3 2 1 1 2 1 1 2 3 1 3 1 1 1 1 0 1 3 0 1 2 1 3 1 2 3 3 3 2 3 3 3 3 3 2 3 3 3 3 3 3 2 0 0 0 0 0 0 0 0 3 3 0 3 0 3 0 2 1 3 1 3 1 3 1 3 2 3 3 3 3 3 3 2 3 3 3 3 3 3 3 3 3 0 0 0 0 2 1 3 1 3 1 3 0 3 0 0 3 3 0 3 0 3 0 3 0 3 0 2 1 3 1 3 2 0 0 0 0 3 0 2 1 3 1 3 1 3 2
1 53 2 3 3 3 2 3 3 3 3 3 3 2 3 3 3 2 3 3 3 0 0 3 0 0 0 0 3 0 2 1 3 1 3 1 3 1 3 1 3 0 3 1 3 1 3 1 3 1 3 1 1 2 2
1 19 3 1 2 1 1 0 1 0 2 2 3 1 3 3 3 0 0 2 2
1 44 3 1 3 1 3 1 2 1 1 1 3 3 3 0 1 3 2 3 1 2 3 1 3 1 1 2 2 3 3 2 3 3 3 3 3 3 3 1 3 2 2 2 2 2
1 96 3 1 3 1 3 1 3 2 2 2 0 0 1 1 2 3 3 3 2 3 3 3 3 3 0 3 0 3 0 2 1 3 1 3 0 2 1 3 1 3 1 3 1 3 1 3 2 3 3 3 2 3 3 3 2 3 3 3 2 3 3 3 3 3 3 2 3 3 3 0 0 0 0 3 0 3 0 2 1 3 1 3 1 3 1 3 2 3 3 3 3 3 3 3 3 3
1 60 3 1 2 2 2 2 1 2 3 1 3 2 2 2 2 2 1 0 2 2 3 1 3 1 3 1 3 1 2 1 3 2 0 1 3 3 1 2 1 1 1 1 1 1 1 2 2 3 1 3 1 3 1 3 1 2 2 2 1 2
1 10 3 2 2 2 2 2 0 2 0 2
1 88 0 0 0 0 0 0 3 3 0 2 1 3 1 3 1 3 2 3 3 3 2 3 3 3 3 3 3 3 3 3 2 3 3 3 3 3 3 3 3 3 3 3 3 3 3 3 2 3 3 3 2 3 3 3 0 0 3 3 0 3 0 2 1 3 0 3 0 0 0 0 3 0 2 1 3 2 3 1 3 1 2 3 3 1 2 2 0 0
1 19 2 3 3 3 3 1 3 1 3 1 3 1 2 2 2 2 2 1 2
1 100 3 2 2 2 2 2 3 0 3 3 3 3 3 0 3 0 3 0 1 2 3 0 0 0 0 3 0 3 0 2 1 3 2 0 0 3 0 3 0 3 0 3 0 3 0 2 1 3 1 3 1 3 1 3 1 3 0 2 3 3 3 3 3 3 2 3 3 3 3 3 3 0 0 3 0 0 3 0 0 3 0 3 0 3 0 3 0 2 1 3 1 3 1 3 1 3 0 3 3 3
1 41 3 1 3 1 3 1 3 1 3 3 3 1 2 2 0 0 3 0 0 3 3 3 0 3 0 3 0 3 0 2 1 3 1 3 1 3 1 3 1 3 2
1 12 3 1 3 1 3 1 2 2 0 1 0 1
1 75 3 1 3 1 3 1 3 1 3 1 2 2 2 0 0 2 3 1 3 1 2 3 3 1 1 2 3 1 3 1 3 1 3 1 2 2 2 3 3 3 3 3 2 0 1 3 1 1 1 1 1 1 1 1 1 1 1 2 2 2 3 1 3 1 3 1 3 2 2 2 1 2 0 2 1
1 37 3 3 3 2 3 3 3 3 3 3 3 0 0 3 3 3 0 3 0 3 0 2 1 3 2 3 1 3 1 3 1 2 3 3 2 0 0
1 73 3 1 2 2 2 1 1 0 1 3 3 3 1 3 3 3 3 3 3 2 1 1 2 1 1 3 1 1 2 3 1 3 3 3 3 3 3 2 2 0 1 2 3 1 3 2 1 2 2 1 3 1 3 1 3 1 3 1 2 2 1 2 2 3 1 3 1 0 1 0 2 2 1
1 101 3 0 3 0 3 0 3 0 2 1 3 2 2 3 3 3 2 3 3 3 3 3 3 2 3 3 3 3 3 3 0 0 0 0 0 0 3 0 0 3 0 2 1 3 1 3 1 3 0 3 1 3 1 3 1 3 1 3 1 2 1 1 1 2 1 1 3 1 2 2 2 2 2 2 0 1 2 0 1 2 1 1 1 1 2 3 3 3 3 1 2 1 1 0 1 2 1 2 2 2 1
1 123 2 3 3 3 2 3 3 3 3 3 3 3 3 3 3 3 3 2 3 3 3 3 3 3 2 3 3 3 2 3 3 3 2 3 3 3 3 3 3 2 3 3 3 3 3 3 2 3 3 3 3 3 3 2 3 3 3 3 3 3 3 3 3 0 0 0 0 3 3 0 3 0 2 1 3 1 3 1 3 1 3 1 3 0 3 3 0 0 2 1 3 2 2 3 3 3 3 3 3 3 3 3 2 3 3 3 2 3 3 3 3 3 3 3 3 3 2 3 3 3 3 3 3
1 25 3 1 3 1 3 1 3 3 3 1 0 3 1 3 1 3 1 3 1 3 1 3 3 3 1
1 138 3 1 3 1 3 1 3 3 3 1 2 1 2 3 1 3 1 3 1 3 1 3 2 1 1 1 1 1 1 1 2 2 0 0 0 0 2 1 3 1 3 1 3 0 3 0 0 3 0 3 0 3 0 3 0 3 0 2 1 3 0 2 3 3 3 2 3 3 3 3 0 3 0 3 0 3 0 3 0 2 2 3 3 0 0 0 0 3 3 0 3 0 3 0 3 0 3 0 2 1 3 1 3 0 2 3 3 3 2 3 3 3 2 3 3 3 2 3 3 3 2 3 3 3 3 1 3 1 3 1 3 1 3 1 2 1 3 1
1 39 3 3 3 2 3 3 3 2 3 3 3 3 3 3 2 3 3 3 2 3 3 3 3 3 3 2 3 3 3 2 3 3 3 3 3 3 3 3 3
1 27 3 1 3 1 2 2 2 1 1 1 2 1 2 3 1 3 1 3 1 3 1 3 1 2 3 3 1
0 35 0 0 3 0 0 0 0 3 0 3 0 3 0 2 1 3 1 3 1 3 0 0 0 0 0 0 0 3 3 3 0 3 0 3 0
0 9 0 0 3 0 3 0 3 0 2
0 16 0 0 3 0 0 3 0 0 3 0 3 0 2 1 3 1
0 17 0 0 0 0 0 0 0 0 0 0 3 0 3 0 3 0 3
0 15 0 0 0 0 0 0 3 0 3 0 3 0 3 0 2
0 7 0 0 0 0 0 0 2
0 11 0 0 0 0 0 0 0 0 2 1 3
0 25 0 0 0 0 3 3 3 0 2 2 0 0 3 0 0 0 0 3 2 1 3 1 3 0 0
0 12 0 0 3 0 0 3 0 3 0 2 1 3
0 11 0 0 3 3 2 1 3 1 3 1 3
0 10 0 0 0 0 3 0 3 0 3 0
0 21 0 0 0 0 0 0 3 0 3 0 3 0 3 0 2 1 3 1 3 1 3
0 26 0 0 3 0 0 0 0 3 0 3 0 3 0 2 1 3 1 3 1 3 0 0 0 0 0 0
0 10 0 0 0 0 0 0 0 0 0 0
0 15 0 0 0 0 3 3 0 3 0 3 0 2 1 3 1
0 21 0 0 0 0 0 0 3 0 3 0 2 1 3 2 0 0 0 0 3 0 3
0 25 0 0 0 0 0 0 0 0 0 0 3 0 3 0 3 0 3 0 3 0 2 1 3 1 3
0 9 0 0 3 3 2 1 3 1 3
0 6 0 0 0 0 3 0
0 13 0 0 0 0 3 0 3 0 2 1 3 1 3
0 16 0 0 0 0 3 3 0 3 0 3 0 2 1 3 1 3
0 5 0 0 3 0 3
0 6 0 0 3 3 2 1
0 19 0 0 3 0 0 3 0 3 0 2 1 3 1 3 1 3 1 3 1
0 10 0 0 0 0 3 0 3 0 2 1
0 24 0 0 0 0 3 0 3 0 2 1 3 1 3 0 0 0 3 3 3 0 3 0 3 0
0 5 0 0 0 0 3
0 13 0 0 0 0 0 0 0 0 0 0 3 0 3
0 23 0 0 0 0 3 3 3 0 2 2 0 0 3 0 0 0 0 3 2 1 3 1 3
0 17 0 0 0 0 3 3 0 3 0 3 0 2 1 3 1 3 1
0 10 0 0 0 0 3 3 2 1 3 1
0 23 0 0 0 0 0 0 0 0 0 0 3 0 3 0 3 0 3 0 3 0 2 1 3
0 7 0 0 0 0 3 3 0
0 15 0 0 0 0 3 3 3 0 2 2 0 0 3 0 0
0 26 0 0 0 0 3 0 3 0 2 1 3 1 3 0 0 0 3 3 3 0 3 0 3 0 3 0
0 32 0 0 0 0 3 3 3 0 2 2 0 0 3 0 0 0 0 3 2 1 3 1 3 0 0 0 3 0 3 0 3 0
0 20 0 0 0 0 3 3 0 3 0 3 0 2 1 3 1 3 1 3 1 3
0 7 0 0 0 0 3 0 3
0 18 0 0 0 0 0 0 0 0 0 0 3 0 3 0 3 0 3 0
0 33 0 0 3 0 0 0 0 3 0 3 0 3 0 2 1 3 1 3 1 3 0 0 0 0 0 0 0 3 3 3 0 3 0
0 37 0 0 3 0 0 0 0 3 0 3 0 3 0 2 1 3 1 3 1 3 0 0 0 0 0 0 0 3 3 3 0 3 0 3 0 2 1
0 18 0 0 0 0 3 0 3 0 3 0 2 1 3 1 3 1 3 1
0 11 0 0 2 1 3 1 3 1 3 1 3
0 10 0 0 3 0 3 0 3 0 2 1
0 6 0 0 3 3 3 0
0 6 0 0 3 0 0 0
0 12 0 0 0 0 0 0 3 0 3 0 3 0
0 6 0 0 3 2 1 3
0 15 0 0 0 0 3 3 2 1 3 1 3 1 3 1 3
0 26 0 0 0 0 3 3 3 0 2 2 0 0 3 0 0 0 0 3 2 1 3 1 3 0 0 0
0 7 0 0 0 0 0 0 3
0 14 0 0 3 0 3 0 3 0 2 1 3 1 3 1
0 23 0 0 0 0 0 0 3 0 3 0 3 0 3 0 2 1 3 1 3 1 3 1 3
0 11 0 0 3 3 3 0 2 1 3 1 3
0 20 0 0 0 0 0 0 0 0 0 0 3 0 3 0 3 0 3 0 3 0
0 13 0 0 3 3 2 1 3 1 3 1 3 1 3
0 14 0 0 3 3 3 0 0 3 0 3 0 3 0 3
0 10 0 0 3 0 0 3 0 3 0 2
0 14 0 0 0 0 0 0 3 0 3 0 3 0 2 1
0 1 0
0 6 0 0 0 0 0 0
0 14 0 0 0 0 3 3 3 0 2 2 0 0 3 0
0 7 0 0 3 0 3 0 3
0 8 0 0 3 3 3 0 2 1
0 23 0 0 3 0 3 0 3 0 2 1 3 1 3 1 3 2 0 0 3 3 3 0 2
0 30 0 0 0 0 3 0 3 0 2 1 3 1 3 0 0 0 3 3 3 0 3 0 3 0 3 0 2 1 3 1
0 6 0 0 3 0 0 2
0 40 0 0 0 0 3 3 3 0 2 2 0 0 3 0 0 0 0 3 2 1 3 1 3 0 0 0 3 0 3 0 3 0 2 1 3 1 3 1 3 1
0 13 0 0 0 0 0 0 0 0 2 1 3 1 3
0 21 0 0 3 0 0 3 0 0 3 0 3 0 2 1 3 1 3 2 0 0 0
0 22 0 0 0 0 3 3 3 0 2 2 0 0 3 0 0 0 0 3 2 1 3 1
0 5 0 0 3 3 0
0 13 0 0 3 0 0 3 0 0 3 0 3 0 2
0 11 0 0 0 0 3 3 3 0 2 2 0
0 12 0 0 3 3 2 1 3 1 3 1 3 1
0 15 0 0 0 0 0 0 0 0 0 0 3 0 3 0 3
0 22 0 0 3 0 0 0 0 3 0 3 0 3 0 2 1 3 1 3 1 3 0 0
0 16 0 0 0 0 0 0 3 0 3 0 2 1 3 2 0 0
0 30 0 0 3 0 0 0 0 3 0 3 0 3 0 2 1 3 1 3 1 3 0 0 0 0 0 0 0 3 3 3
0 6 0 0 3 0 3 0
0 3 0 0 3
0 8 0 0 3 0 2 1 3 1
0 9 0 0 3 3 3 0 0 3 0
0 14 0 0 0 0 0 0 3 0 3 0 3 0 3 0
0 11 0 0 0 0 0 0 3 0 3 0 3
0 8 0 0 3 0 0 0 0 3
0 21 0 0 0 0 3 3 3 0 2 2 0 0 3 0 0 0 0 3 2 1 3
0 18 0 0 0 0 3 3 0 3 0 3 0 2 1 3 1 3 1 3
0 6 0 0 3 0 0 3
0 14 0 0 0 0 0 0 0 0 0 0 3 0 3 0
0 25 0 0 3 0 0 0 0 3 0 3 0 3 0 2 1 3 1 3 1 3 0 0 0 0 0
0 18 0 0 3 0 3 0 3 0 2 1 3 1 3 1 3 2 0 0
0 22 0 0 3 3 3 0 0 3 0 3 0 3 0 3 0 2 1 3 1 3 1 3
0 25 0 0 3 0 0 3 0 0 3 0 3 0 2 1 3 1 3 2 0 0 0 0 3 0 2
0 10 0 0 0 0 0 0 0 0 2 1
0 17 0 0 0 0 3 3 3 0 2 2 0 0 3 0 0 0 0
0 8 0 0 0 0 0 0 2 1
0 13 0 0 0 0 3 3 2 1 3 1 3 1 3
0 22 0 0 0 0 3 3 0 3 0 3 0 2 1 3 1 3 1 3 1 3 1 3
0 22 0 0 3 0 0 3 0 0 3 0 3 0 2 1 3 1 3 2 0 0 0 0
0 18 0 0 3 0 0 3 0 3 0 2 1 3 1 3 1 3 1 3
0 19 0 0 3 0 0 0 0 3 0 3 0 3 0 2 1 3 1 3 1
0 17 0 0 0 0 0 0 3 0 3 0 3 0 3 0 2 1 3
0 9 0 0 0 0 0 0 0 0 2
0 18 0 0 0 0 3 0 3 0 2 1 3 1 3 0 0 0 3 3
0 7 0 0 3 3 3 0 2
0 22 0 0 0 0 0 0 3 0 3 0 2 1 3 2 0 0 0 0 3 0 3 0
0 12 0 0 3 0 0 2 1 3 1 3 1 3
0 28 0 0 3 0 0 0 0 3 0 3 0 3 0 2 1 3 1 3 1 3 0 0 0 0 0 0 0 3
0 8 0 0 0 0 0 0 3 0
0 37 0 0 0 0 3 3 3 0 2 2 0 0 3 0 0 0 0 3 2 1 3 1 3 0 0 0 3 0 3 0 3 0 2 1 3 1 3
0 23 0 0 3 3 3 0 0 3 0 3 0 3 0 3 0 2 1 3 1 3 1 3 1
0 35 0 0 0 0 3 3 3 0 2 2 0 0 3 0 0 0 0 3 2 1 3 1 3 0 0 0 3 0 3 0 3 0 2 1 3
0 20 0 0 0 0 3 3 3 0 2 2 0 0 3 0 0 0 0 3 2 1
0 22 0 0 0 0 3 0 3 0 2 1 3 1 3 0 0 0 3 3 3 0 3 0
0 17 0 0 0 0 3 0 3 0 3 0 2 1 3 1 3 1 3
0 23 0 0 3 0 0 3 0 0 3 0 3 0 2 1 3 1 3 2 0 0 0 0 3
0 15 0 0 3 0 0 3 0 0 3 0 3 0 2 1 3
0 25 0 0 0 0 0 0 3 0 3 0 2 1 3 2 0 0 0 0 3 0 3 0 3 0 3
0 8 0 0 0 0 3 3 3 0
0 8 0 0 0 0 0 0 0 0
0 34 0 0 0 0 3 3 3 0 2 2 0 0 3 0 0 0 0 3 2 1 3 1 3 0 0 0 3 0 3 0 3 0 2 1
0 5 0 0 3 2 1
0 13 0 0 0 0 3 3 0 3 0 3 0 2 1
0 9 0 0 0 0 3 0 3 0 2
0 5 0 0 3 0 0
0 36 0 0 0 0 3 3 3 0 2 2 0 0 3 0 0 0 0 3 2 1 3 1 3 0 0 0 3 0 3 0 3 0 2 1 3 1
0 10 0 0 0 0 3 3 0 3 0 3
0 42 0 0 3 0 0 0 0 3 0 3 0 3 0 2 1 3 1 3 1 3 0 0 0 0 0 0 0 3 3 3 0 3 0 3 0 2 1 3 1 3 1 3
0 13 0 0 3 0 3 0 3 0 2 1 3 1 3
0 10 0 0 2 1 3 1 3 1 3 1
0 8 0 0 3 3 3 0 0 3
0 14 0 0 0 0 3 3 2 1 3 1 3 1 3 1
0 5 0 0 2 1 3
0 15 0 0 3 3 3 0 0 3 0 3 0 3 0 3 0
0 24 0 0 0 0 0 0 0 0 0 0 3 0 3 0 3 0 3 0 3 0 2 1 3 1
0 14 0 0 0 0 3 3 0 3 0 3 0 2 1 3
0 3 0 0 2
0 13 0 0 3 0 0 3 0 3 0 2 1 3 1
0 10 0 0 3 0 0 0 0 3 0 3
0 8 0 0 3 3 2 1 3 1
0 12 0 0 0 0 0 0 2 1 3 1 3 1
0 19 0 0 0 0 3 0 3 0 3 0 2 1 3 1 3 1 3 1 3
0 9 0 0 3 3 3 0 2 1 3
0 33 0 0 0 0 3 3 3 0 2 2 0 0 3 0 0 0 0 3 2 1 3 1 3 0 0 0 3 0 3 0 3 0 2
0 36 0 0 3 0 0 0 0 3 0 3 0 3 0 2 1 3 1 3 1 3 0 0 0 0 0 0 0 3 3 3 0 3 0 3 0 2
0 19 0 0 3 0 3 0 3 0 2 1 3 1 3 1 3 2 0 0 3
0 4 0 0 0 0
0 20 0 0 3 0 3 0 3 0 2 1 3 1 3 1 3 2 0 0 3 3
0 7 0 0 3 0 3 0 2
0 29 0 0 3 0 0 0 0 3 0 3 0 3 0 2 1 3 1 3 1 3 0 0 0 0 0 0 0 3 3
0 12 0 0 0 0 3 3 0 3 0 3 0 2
0 27 0 0 3 0 0 0 0 3 0 3 0 3 0 2 1 3 1 3 1 3 0 0 0 0 0 0 0
0 16 0 0 3 0 0 3 0 3 0 2 1 3 1 3 1 3
0 12 0 0 3 3 3 0 0 3 0 3 0 3
0 33 0 0 0 0 3 0 3 0 2 1 3 1 3 0 0 0 3 3 3 0 3 0 3 0 3 0 2 1 3 1 3 1 3
0 8 0 0 3 0 3 0 3 0
0 16 0 0 3 0 0 0 0 3 0 3 0 3 0 2 1 3
0 32 0 0 3 0 0 0 0 3 0 3 0 3 0 2 1 3 1 3 1 3 0 0 0 0 0 0 0 3 3 3 0 3
0 9 0 0 3 0 2 1 3 1 3
0 19 0 0 3 3 3 0 0 3 0 3 0 3 0 3 0 2 1 3 1
0 16 0 0 0 0 0 0 2 1 3 1 3 1 3 1 3 1
0 11 0 0 0 0 0 0 0 0 0 0 3
0 41 0 0 0 0 3 3 3 0 2 2 0 0 3 0 0 0 0 3 2 1 3 1 3 0 0 0 3 0 3 0 3 0 2 1 3 1 3 1 3 1 3
0 17 0 0 3 0 0 3 0 0 3 0 3 0 2 1 3 1 3
0 5 0 0 3 3 2
0 32 0 0 0 0 3 0 3 0 2 1 3 1 3 0 0 0 3 3 3 0 3 0 3 0 3 0 2 1 3 1 3 1
0 31 0 0 0 0 3 3 3 0 2 2 0 0 3 0 0 0 0 3 2 1 3 1 3 0 0 0 3 0 3 0 3
0 12 0 0 0 0 3 0 3 0 3 0 2 1
0 21 0 0 3 3 3 0 0 3 0 3 0 3 0 3 0 2 1 3 1 3 1
0 13 0 0 0 0 0 0 3 0 3 0 3 0 2
0 24 0 0 3 0 0 0 0 3 0 3 0 3 0 2 1 3 1 3 1 3 0 0 0 0
0 24 0 0 3 0 0 3 0 0 3 0 3 0 2 1 3 1 3 2 0 0 0 0 3 0
0 7 0 0 3 3 0 2 1
0 15 0 0 0 0 0 0 3 0 3 0 2 1 3 2 0
0 19 0 0 0 0 0 0 3 0 3 0 2 1 3 2 0 0 0 0 3
0 22 0 0 0 0 0 0 3 0 3 0 3 0 3 0 2 1 3 1 3 1 3 1
0 12 0 0 0 0 0 0 3 0 3 0 2 1
0 15 0 0 3 0 0 0 0 3 0 3 0 3 0 2 1
0 24 0 0 3 3 3 0 0 3 0 3 0 3 0 3 0 2 1 3 1 3 1 3 1 3
0 9 0 0 3 3 0 2 1 3 1
0 11 0 0 0 0 3 0 3 0 3 0 2
0 7 0 0 3 3 2 1 3
0 6 0 0 2 1 3 1
0 26 0 0 0 0 0 0 0 0 0 0 3 0 3 0 3 0 3 0 3 0 2 1 3 1 3 1
0 31 0 0 0 0 3 0 3 0 2 1 3 1 3 0 0 0 3 3 3 0 3 0 3 0 3 0 2 1 3 1 3
0 16 0 0 0 0 3 0 3 0 2 1 3 1 3 0 0 0
0 9 0 0 0 0 3 3 2 1 3
0 20 0 0 0 0 3 0 3 0 3 0 2 1 3 1 3 1 3 1 3 1
0 39 0 0 0 0 3 3 3 0 2 2 0 0 3 0 0 0 0 3 2 1 3 1 3 0 0 0 3 0 3 0 3 0 2 1 3 1 3 1 3
0 16 0 0 3 3 3 0 0 3 0 3 0 3 0 3 0 2
0 34 0 0 0 0 3 0 3 0 2 1 3 1 3 0 0 0 3 3 3 0 3 0 3 0 3 0 2 1 3 1 3 1 3 1
0 21 0 0 0 0 3 0 3 0 2 1 3 1 3 0 0 0 3 3 3 0 3
0 12 0 0 0 0 3 3 2 1 3 1 3 1
0 14 0 0 0 0 3 0 3 0 3 0 2 1 3 1
0 17 0 0 3 0 0 3 0 3 0 2 1 3 1 3 1 3 1
0 16 0 0 0 0 3 3 3 0 2 2 0 0 3 0 0 0
0 23 0 0 3 0 0 0 0 3 0 3 0 3 0 2 1 3 1 3 1 3 0 0 0
0 8 0 0 3 0 0 3 0 0
0 11 0 0 0 0 0 0 2 1 3 1 3
0 27 0 0 0 0 3 0 3 0 2 1 3 1 3 0 0 0 3 3 3 0 3 0 3 0 3 0 2
0 8 0 0 3 0 0 2 1 3
0 11 0 0 0 0 0 0 3 0 3 0 2
0 15 0 0 0 0 0 0 2 1 3 1 3 1 3 1 3
0 19 0 0 0 0 0 0 0 0 0 0 3 0 3 0 3 0 3 0 3
0 15 0 0 3 0 0 3 0 3 0 2 1 3 1 3 1
0 16 0 0 0 0 0 0 0 0 0 0 3 0 3 0 3 0
0 6 0 0 3 0 2 1
0 14 0 0 3 0 0 3 0 0 3 0 3 0 2 1
0 11 0 0 0 0 3 3 0 3 0 3 0
0 7 0 0 3 2 1 3 1
0 11 0 0 0 0 3 3 2 1 3 1 3
0 7 0 0 3 0 0 3 0
0 21 0 0 0 0 3 0 3 0 3 0 2 1 3 1 3 1 3 1 3 1 3
0 5 0 0 3 3 3
0 20 0 0 3 3 3 0 0 3 0 3 0 3 0 3 0 2 1 3 1 3
0 17 0 0 3 0 3 0 3 0 2 1 3 1 3 1 3 2 0
0 11 0 0 3 0 0 0 0 3 0 3 0
0 10 0 0 0 0 0 0 2 1 3 1
0 30 0 0 0 0 3 3 3 0 2 2 0 0 3 0 0 0 0 3 2 1 3 1 3 0 0 0 3 0 3 0
0 25 0 0 3 3 3 0 0 3 0 3 0 3 0 3 0 2 1 3 1 3 1 3 1 3 1
0 38 0 0 3 0 0 0 0 3 0 3 0 3 0 2 1 3 1 3 1 3 0 0 0 0 0 0 0 3 3 3 0 3 0 3 0 2 1 3
0 5 0 0 0 0 0
0 18 0 0 3 3 3 0 0 3 0 3 0 3 0 3 0 2 1 3
0 26 0 0 0 0 0 0 3 0 3 0 2 1 3 2 0 0 0 0 3 0 3 0 3 0 3 0
0 13 0 0 3 0 0 0 0 3 0 3 0 3 0
0 4 0 0 3 0
0 7 0 0 0 0 3 3 2
0 8 0 0 0 0 3 3 2 1
0 13 0 0 0 0 3 3 3 0 2 2 0 0 3
0 5 0 0 3 0 2
0 20 0 0 0 0 0 0 3 0 3 0 3 0 3 0 2 1 3 1 3 1
0 17 0 0 3 0 0 0 0 3 0 3 0 3 0 2 1 3 1
0 11 0 0 3 0 0 3 0 3 0 2 1
0 7 0 0 0 0 0 0 0
0 27 0 0 3 0 0 3 0 0 3 0 3 0 2 1 3 1 3 2 0 0 0 0 3 0 2 1 3
0 7 0 0 3 0 2 1 3
0 16 0 0 0 0 3 0 3 0 3 0 2 1 3 1 3 1
0 22 0 0 3 0 3 0 3 0 2 1 3 1 3 1 3 2 0 0 3 3 3 0
0 11 0 0 3 0 0 3 0 0 3 0 3
0 12 0 0 3 0 0 3 0 0 3 0 3 0
0 15 0 0 3 0 3 0 3 0 2 1 3 1 3 1 3
0 20 0 0 3 0 0 3 0 0 3 0 3 0 2 1 3 1 3 2 0 0
0 18 0 0 0 0 3 3 3 0 2 2 0 0 3 0 0 0 0 3
0 9 0 0 0 0 0 0 2 1 3
0 8 0 0 0 0 3 0 3 0
0 28 0 0 0 0 3 3 3 0 2 2 0 0 3 0 0 0 0 3 2 1 3 1 3 0 0 0 3 0
0 10 0 0 3 3 3 0 0 3 0 3
0 29 0 0 0 0 3 3 3 0 2 2 0 0 3 0 0 0 0 3 2 1 3 1 3 0 0 0 3 0 3
0 18 0 0 0 0 0 0 3 0 3 0 3 0 3 0 2 1 3 1
0 9 0 0 2 1 3 1 3 1 3
0 38 0 0 0 0 3 3 3 0 2 2 0 0 3 0 0 0 0 3 2 1 3 1 3 0 0 0 3 0 3 0 3 0 2 1 3 1 3 1
0 9 0 0 0 0 3 3 0 3 0
0 31 0 0 3 0 0 0 0 3 0 3 0 3 0 2 1 3 1 3 1 3 0 0 0 0 0 0 0 3 3 3 0
0 35 0 0 0 0 3 0 3 0 2 1 3 1 3 0 0 0 3 3 3 0 3 0 3 0 3 0 2 1 3 1 3 1 3 1 3
0 34 0 0 3 0 0 0 0 3 0 3 0 3 0 2 1 3 1 3 1 3 0 0 0 0 0 0 0 3 3 3 0 3 0 3
0 3 0 0 0
0 26 0 0 3 3 3 0 0 3 0 3 0 3 0 3 0 2 1 3 1 3 1 3 1 3 1 3
0 40 0 0 3 0 0 0 0 3 0 3 0 3 0 2 1 3 1 3 1 3 0 0 0 0 0 0 0 3 3 3 0 3 0 3 0 2 1 3 1 3
0 9 0 0 0 0 3 3 3 0 2
0 7 0 0 3 0 0 0 0
0 12 0 0 0 0 3 3 3 0 2 2 0 0
0 8 0 0 2 1 3 1 3 1
0 27 0 0 0 0 0 0 0 0 0 0 3 0 3 0 3 0 3 0 3 0 2 1 3 1 3 1 3
0 19 0 0 3 0 0 3 0 0 3 0 3 0 2 1 3 1 3 2 0
0 12 0 0 3 0 0 0 0 3 0 3 0 3
0 25 0 0 0 0 3 0 3 0 2 1 3 1 3 0 0 0 3 3 3 0 3 0 3 0 3
0 20 0 0 3 0 0 0 0 3 0 3 0 3 0 2 1 3 1 3 1 3
0 9 0 0 3 0 0 3 0 3 0
0 17 0 0 0 0 0 0 3 0 3 0 2 1 3 2 0 0 0
0 10 0 0 3 3 3 0 2 1 3 1
0 19 0 0 0 0 3 0 3 0 2 1 3 1 3 0 0 0 3 3 3
0 11 0 0 3 3 3 0 0 3 0 3 0
0 4 0 0 3 2
0 14 0 0 3 0 0 0 0 3 0 3 0 3 0 2
0 13 0 0 0 0 0 0 2 1 3 1 3 1 3
0 15 0 0 0 0 3 0 3 0 3 0 2 1 3 1 3
0 6 0 0 3 3 0 2
0 13 0 0 0 0 0 0 3 0 3 0 2 1 3
0 20 0 0 3 0 0 3 0 3 0 2 1 3 1 3 1 3 1 3 1 3
0 4 0 0 3 3
0 10 0 0 3 0 0 3 0 0 3 0
0 13 0 0 0 0 3 0 3 0 3 0 2 1 3
0 18 0 0 0 0 0 0 3 0 3 0 2 1 3 2 0 0 0 0
0 8 0 0 3 3 0 2 1 3
0 29 0 0 0 0 3 0 3 0 2 1 3 1 3 0 0 0 3 3 3 0 3 0 3 0 3 0 2 1 3
0 7 0 0 2 1 3 1 3
0 23 0 0 0 0 3 0 3 0 2 1 3 1 3 0 0 0 3 3 3 0 3 0 3
0 10 0 0 3 3 0 2 1 3 1 3
0 9 0 0 3 0 0 3 0 0 3
0 20 0 0 0 0 3 0 3 0 2 1 3 1 3 0 0 0 3 3 3 0
0 17 0 0 3 3 3 0 0 3 0 3 0 3 0 3 0 2 1
0 4 0 0 2 1
0 27 0 0 0 0 3 3 3 0 2 2 0 0 3 0 0 0 0 3 2 1 3 1 3 0 0 0 3
0 10 0 0 0 0 0 0 3 0 3 0
0 27 0 0 0 0 0 0 3 0 3 0 2 1 3 2 0 0 0 0 3 0 3 0 3 0 3 0 2
0 11 0 0 3 0 3 0 3 0 2 1 3
0 2 0 0
0 14 0 0 0 0 0 0 2 1 3 1 3 1 3 1
0 39 0 0 3 0 0 0 0 3 0 3 0 3 0 2 1 3 1 3 1 3 0 0 0 0 0 0 0 3 3 3 0 3 0 3 0 2 1 3 1
0 13 0 0 3 3 3 0 0 3 0 3 0 3 0
0 7 0 0 0 0 3 3 3
0 12 0 0 0 0 3 0 3 0 2 1 3 1
0 11 0 0 0 0 3 0 3 0 2 1 3
0 17 0 0 0 0 0 0 2 1 3 1 3 1 3 1 3 1 3
0 9 0 0 0 0 0 0 0 0 0
0 12 0 0 0 0 0 0 0 0 2 1 3 1
0 19 0 0 0 0 3 3 3 0 2 2 0 0 3 0 0 0 0 3 2
0 24 0 0 0 0 0 0 3 0 3 0 2 1 3 2 0 0 0 0 3 0 3 0 3 0
0 8 0 0 3 2 1 3 1 3
0 41 0 0 3 0 0 0 0 3 0 3 0 3 0 2 1 3 1 3 1 3 0 0 0 0 0 0 0 3 3 3 0 3 0 3 0 2 1 3 1 3 1
0 23 0 0 0 0 0 0 3 0 3 0 2 1 3 2 0 0 0 0 3 0 3 0 3
0 9 0 0 3 0 0 0 0 3 0
0 14 0 0 3 0 0 3 0 3 0 2 1 3 1 3
0 8 0 0 0 0 3 3 0 3
0 10 0 0 3 0 0 2 1 3 1 3
0 22 0 0 0 0 0 0 0 0 0 0 3 0 3 0 3 0 3 0 3 0 2 1
0 6 0 0 0 0 3 3
0 28 0 0 0 0 3 0 3 0 2 1 3 1 3 0 0 0 3 3 3 0 3 0 3 0 3 0 2 1
0 8 0 0 3 0 0 3 0 3
0 11 0 0 3 0 0 2 1 3 1 3 1
0 7 0 0 3 3 3 0 0
0 12 0 0 3 0 3 0 3 0 2 1 3 1
0 15 0 0 0 0 0 0 3 0 3 0 3 0 2 1 3
0 10 0 0 3 3 2 1 3 1 3 1
0 9 0 0 0 0 0 0 3 0 3
0 7 0 0 3 0 0 2 1
0 16 0 0 0 0 0 0 3 0 3 0 3 0 3 0 2 1
0 9 0 0 3 0 0 2 1 3 1
0 18 0 0 3 0 0 0 0 3 0 3 0 3 0 2 1 3 1 3
0 9 0 0 0 0 3 0 3 0 3
0 19 0 0 0 0 0 0 3 0 3 0 3 0 3 0 2 1 3 1 3
0 21 0 0 3 0 3 0 3 0 2 1 3 1 3 1 3 2 0 0 3 3 3
0 15 0 0 0 0 3 0 3 0 2 1 3 1 3 0 0
0 20 0 0 0 0 0 0 3 0 3 0 2 1 3 2 0 0 0 0 3 0
0 21 0 0 0 0 0 0 0 0 0 0 3 0 3 0 3 0 3 0 3 0 2
0 17 0 0 0 0 3 0 3 0 2 1 3 1 3 0 0 0 3
0 13 0 0 0 0 0 0 3 0 3 0 3 0 3
0 26 0 0 3 0 0 3 0 0 3 0 3 0 2 1 3 1 3 2 0 0 0 0 3 0 2 1
0 21 0 0 0 0 3 3 0 3 0 3 0 2 1 3 1 3 1 3 1 3 1
0 12 0 0 0 0 0 0 0 0 0 0 3 0
0 19 0 0 0 0 3 3 0 3 0 3 0 2 1 3 1 3 1 3 1
