545 4
1 0 
1 62 1 1 0 1 1 0 1 1 0 1 1 0 1 1 0 1 0 1 0 1 1 0 1 0 1 0 1 1 0 1 1 0 1 1 0 1 3 3 0 0 0 2 0 2 0 2 0 2 3 0 3 0 3 0 3 0 3 0 3 3 3 0
1 15 0 0 1 0 1 1 0 1 1 2 3 0 3 0 3
1 26 0 1 1 0 1 0 1 1 0 1 1 0 1 1 0 1 1 0 1 0 2 3 0 3 0 3
1 17 2 0 3 3 3 0 3 3 0 0 2 0 2 0 2 0 2
1 8 2 2 2 1 3 3 0 0
1 7 0 3 3 0 3 0 3
1 18 3 0 3 3 0 3 0 0 2 0 2 0 2 3 0 3 0 3
1 5 2 3 0 3 0
1 15 2 0 2 0 2 3 0 3 3 3 0 3 0 3 0
1 11 2 1 3 3 0 0 0 2 0 2 0
1 29 1 1 0 1 1 0 1 1 0 1 1 0 1 1 0 1 0 1 0 1 3 0 3 3 3 0 3 3 0
1 19 3 3 3 3 3 3 2 1 3 3 0 3 3 3 0 3 3 0 0
1 10 2 3 0 0 2 0 2 3 0 3
1 24 0 0 2 1 1 1 1 2 2 0 2 2 0 2 2 1 1 1 1 3 3 3 1 3
1 4 0 0 3 0
1 2 3 3
1 13 2 3 3 0 3 3 0 3 0 3 0 3 3
1 65 0 1 0 1 1 0 1 1 0 1 1 0 1 1 1 0 1 1 0 1 1 0 1 1 0 1 1 0 1 0 1 0 1 1 0 1 1 0 1 1 1 0 1 1 0 1 1 0 1 1 0 1 1 0 1 3 0 3 3 0 3 0 3 0 0
1 5 2 0 0 0 0
1 9 3 2 2 0 2 0 2 0 2
1 43 0 1 0 1 1 0 1 0 1 0 1 1 0 1 1 0 1 1 0 1 1 0 1 1 0 0 1 0 1 1 0 1 0 0 2 0 2 0 2 0 2 0 2
1 6 2 0 3 0 3 3
1 17 3 3 3 3 3 3 3 3 3 2 0 0 0 0 0 3 0
1 2 2 3
1 3 2 0 2
1 1 2
1 2 2 0
1 28 0 0 0 0 0 0 0 0 0 0 0 0 0 0 0 0 0 0 0 0 0 0 3 0 3 0 3 3
1 13 1 1 0 1 3 3 3 3 0 2 1 1 3
1 20 1 1 0 1 0 0 3 0 3 0 3 0 3 0 0 2 3 3 3 0
1 59 3 3 3 3 3 3 3 3 3 3 3 3 3 0 3 3 0 2 0 3 0 2 0 2 1 1 1 1 1 0 2 2 2 2 1 1 1 1 1 0 2 3 0 2 0 0 2 1 1 1 1 1 3 3 1 3 1 3 3
1 16 0 0 0 0 0 0 0 0 0 0 0 0 0 0 0 0
1 5 2 0 3 0 0
1 12 0 0 0 0 0 0 2 3 0 3 0 3
1 9 0 0 0 0 0 0 0 0 0
1 4 3 0 0 0
1 13 3 3 0 0 2 0 2 0 2 0 2 0 2
1 21 3 3 3 3 3 3 3 3 3 3 3 3 3 3 3 3 3 3 3 3 0
1 10 2 1 2 1 3 3 2 2 0 3
1 17 0 0 0 0 0 0 0 3 0 2 0 2 0 2 3 0 0
1 6 2 0 2 0 0 3
1 3 3 0 0
1 36 0 1 0 1 1 0 1 0 1 0 1 0 1 0 1 1 0 1 0 1 0 1 1 0 1 1 0 1 1 0 1 0 3 3 3 0
1 28 1 1 0 1 1 0 1 1 0 1 1 0 1 0 0 1 1 0 1 1 0 1 1 0 1 1 0 1
1 7 3 0 3 0 0 0 2
1 41 0 1 0 1 1 0 1 1 0 1 0 1 0 1 1 0 1 1 0 1 1 0 1 1 0 1 0 1 0 1 1 0 1 1 0 1 1 0 1 2 0
1 15 0 0 0 0 0 0 0 0 0 0 0 0 0 0 0
1 19 0 0 0 0 0 0 0 0 0 0 0 0 0 3 3 3 0 0 0
1 10 2 0 2 0 2 0 2 0 2 0
1 13 0 0 0 0 0 0 3 3 3 0 3 0 3
1 26 0 0 0 0 0 0 0 0 0 0 0 0 0 0 0 0 3 0 3 3 3 0 3 0 0 0
1 68 3 3 3 3 3 3 3 3 3 3 3 3 3 3 3 3 3 3 3 3 3 3 3 3 3 3 3 0 0 0 2 0 2 2 0 2 2 2 2 2 0 3 2 2 0 0 2 0 0 2 0 0 2 0 3 1 3 3 2 2 1 2 2 0 2 2 0 3
1 7 0 2 0 2 0 2 2
1 33 1 1 1 0 1 1 0 1 1 0 1 1 0 1 1 0 1 0 1 0 1 1 1 0 1 0 0 3 0 3 0 3 2
1 32 0 0 0 0 0 0 0 0 0 0 0 0 0 0 0 0 0 0 0 0 3 0 3 0 3 0 3 0 0 2 0 2
1 21 0 0 0 0 0 0 0 0 0 3 0 3 3 3 0 3 0 0 2 0 2
1 26 0 0 1 0 1 0 0 1 0 1 0 1 0 1 1 0 1 1 0 1 1 0 1 0 0 0
1 4 2 0 0 0
1 6 2 3 0 3 2 0
1 1 3
0 12 2 3 1 3 1 3 1 3 0 2 1 1
0 51 0 0 0 0 0 0 0 0 0 0 0 0 0 0 0 0 0 0 0 2 2 1 1 1 2 2 1 1 1 1 2 2 2 0 2 2 3 2 2 0 0 2 0 0 2 0 2 2 1 1 1
0 21 2 2 2 1 3 3 3 3 0 1 3 1 3 1 3 1 3 1 3 3 1
0 53 2 0 0 0 2 0 2 0 2 0 2 2 2 0 2 2 0 3 0 2 1 1 1 0 2 1 1 1 1 1 0 2 0 2 2 2 3 3 3 3 1 3 3 3 1 3 0 2 1 1 1 1 1
0 4 2 0 0 1
0 36 2 0 3 3 0 3 1 3 3 3 1 3 3 3 1 3 1 3 1 3 2 2 0 2 2 1 1 1 1 1 0 2 2 2 2 2
0 52 0 0 0 0 0 0 0 0 0 0 0 0 0 0 0 0 0 0 0 2 2 1 1 1 2 2 1 1 1 1 2 2 2 0 2 2 3 2 2 0 0 2 0 0 2 0 2 2 1 1 1 1
0 67 2 0 2 0 2 0 2 0 2 0 2 3 3 3 0 3 0 3 1 3 1 3 3 1 3 0 2 1 1 1 1 1 3 0 2 0 0 2 2 0 2 1 1 1 0 2 1 1 1 1 0 2 0 3 2 2 1 1 1 1 2 2 1 1 2 2 2
0 69 1 1 0 1 1 0 1 1 0 1 0 1 0 1 0 1 0 1 1 0 1 1 0 1 1 0 1 1 0 1 0 1 0 1 1 0 1 1 0 1 1 0 1 0 0 2 2 0 2 2 0 2 2 0 2 0 3 3 3 1 3 0 2 1 1 1 1 1 2
0 18 2 0 2 2 2 2 0 2 0 2 2 0 3 3 3 3 3 1
0 35 1 1 0 1 0 1 0 1 1 0 1 1 0 1 1 0 1 2 2 2 0 2 0 2 2 2 2 2 1 3 2 2 0 2 1
0 40 0 0 0 0 0 0 0 0 0 0 0 0 0 0 0 0 0 0 0 0 0 0 2 1 3 3 2 2 1 1 3 0 2 2 2 2 1 1 1 1
0 46 3 3 3 3 3 3 3 3 3 3 3 2 1 3 3 3 3 3 3 3 3 3 3 3 3 3 3 0 3 0 0 2 1 1 1 2 2 2 2 2 0 0 2 0 3 1
0 19 2 0 3 3 0 3 1 3 3 3 1 3 3 3 1 3 1 3 1
0 41 0 1 0 1 1 0 1 1 0 1 1 0 1 1 0 1 1 1 0 1 1 0 1 1 0 1 3 0 1 3 2 2 0 2 2 0 2 2 1 1 1
0 51 0 1 0 1 1 0 1 1 0 1 1 0 1 1 0 1 0 0 1 0 1 1 0 1 1 0 1 1 0 1 1 0 1 0 1 0 1 1 0 1 1 0 1 1 0 1 1 3 3 3 1
0 33 0 3 0 3 3 3 0 2 0 2 0 2 0 2 1 3 3 3 0 2 0 0 2 3 3 1 3 1 3 3 1 3 1
0 68 1 0 1 0 1 1 0 1 1 0 1 0 1 0 1 1 0 1 1 1 0 1 1 0 1 1 0 1 1 3 3 0 3 0 3 3 3 1 3 3 1 3 3 3 3 1 3 1 3 1 3 1 3 1 3 0 2 1 1 1 1 1 0 2 0 0 2 1
0 14 2 0 3 3 3 0 3 0 3 0 2 1 2 2
0 44 3 0 3 3 0 0 1 3 1 3 1 3 3 1 3 3 0 2 2 2 2 0 2 2 1 0 2 1 1 1 1 1 3 0 2 0 0 2 1 1 1 1 1 0
0 16 0 0 0 2 2 1 1 1 1 1 2 2 0 0 2 1
0 15 2 0 0 3 1 3 2 2 1 1 2 2 0 3 1
0 45 3 0 3 3 0 0 1 3 1 3 1 3 3 1 3 3 0 2 2 2 2 0 2 2 1 0 2 1 1 1 1 1 3 0 2 0 0 2 1 1 1 1 1 0 2
0 31 0 0 0 0 0 0 0 0 0 0 0 0 0 0 0 0 2 2 0 2 2 0 2 2 1 1 1 1 1 2 2
0 38 3 3 3 3 3 3 3 3 3 3 3 3 3 3 3 2 2 2 0 3 0 3 0 1 3 3 3 3 3 0 2 1 1 1 1 1 3 1
0 19 0 2 0 2 0 2 0 2 0 2 0 2 0 2 0 2 1 1 1
0 16 2 3 1 3 1 3 1 3 0 2 1 1 1 2 2 2
0 65 1 0 1 0 1 1 0 1 1 0 1 0 1 0 1 1 0 1 1 1 0 1 1 0 1 1 0 1 1 3 3 0 3 0 3 3 3 1 3 3 1 3 3 3 3 1 3 1 3 1 3 1 3 1 3 0 2 1 1 1 1 1 0 2 0
0 34 0 1 0 1 1 0 1 1 0 1 0 1 0 0 0 2 2 2 2 2 2 2 1 1 1 0 2 1 1 1 0 2 1 1
0 46 2 0 2 0 2 0 2 0 2 0 2 3 3 3 0 3 0 3 1 3 1 3 3 1 3 0 2 1 1 1 1 1 3 0 2 0 0 2 2 0 2 1 1 1 0 2
0 48 3 0 3 3 0 0 1 3 1 3 1 3 3 1 3 3 0 2 2 2 2 0 2 2 1 0 2 1 1 1 1 1 3 0 2 0 0 2 1 1 1 1 1 0 2 0 0 2
0 24 2 0 0 0 2 0 2 0 2 0 2 2 2 0 2 2 0 3 0 2 1 1 1 0
0 51 2 0 0 0 2 0 2 0 2 0 2 2 2 0 2 2 0 3 0 2 1 1 1 0 2 1 1 1 1 1 0 2 0 2 2 2 3 3 3 3 1 3 3 3 1 3 0 2 1 1 1
0 29 0 0 0 0 0 0 0 0 0 0 0 0 0 0 0 0 2 2 0 2 2 0 2 2 1 1 1 1 1
0 30 0 0 0 0 0 0 0 0 0 0 0 0 0 0 0 0 2 2 0 2 2 0 2 2 1 1 1 1 1 2
0 42 2 0 2 0 2 0 2 0 2 0 2 3 3 3 0 3 0 3 1 3 1 3 3 1 3 0 2 1 1 1 1 1 3 0 2 0 0 2 2 0 2 1
0 5 0 2 2 1 1
0 39 2 3 3 0 3 3 3 0 3 0 3 0 3 0 3 0 3 3 3 0 1 3 1 3 3 1 3 3 1 3 2 2 0 0 2 1 0 2 0
0 28 2 0 3 3 0 3 1 3 3 3 1 3 3 3 1 3 1 3 1 3 2 2 0 2 2 1 1 1
0 22 3 3 3 3 3 3 0 0 3 3 3 1 3 1 3 1 3 3 1 3 3 1
0 43 0 1 0 1 1 0 1 1 0 1 1 0 1 1 0 1 1 1 0 1 1 0 1 1 0 1 3 0 1 3 2 2 0 2 2 0 2 2 1 1 1 1 1
0 41 3 3 3 3 3 3 3 3 3 3 3 3 3 3 3 3 3 3 3 3 3 3 3 3 3 3 3 3 3 3 3 3 3 3 3 3 3 2 3 3 1
0 45 2 0 0 0 2 0 2 0 2 0 2 2 2 0 2 2 0 3 0 2 1 1 1 0 2 1 1 1 1 1 0 2 0 2 2 2 3 3 3 3 1 3 3 3 1
0 10 2 2 2 1 3 3 3 3 0 1
0 14 2 0 0 1 3 1 3 3 3 3 1 3 3 1
0 24 0 1 0 1 1 0 1 1 0 1 1 0 1 1 0 1 0 0 0 2 0 2 2 1
0 49 3 0 3 3 0 0 1 3 1 3 1 3 3 1 3 3 0 2 2 2 2 0 2 2 1 0 2 1 1 1 1 1 3 0 2 0 0 2 1 1 1 1 1 0 2 0 0 2 0
0 5 0 2 1 0 2
0 61 1 0 1 0 1 1 0 1 1 0 1 0 1 0 1 1 0 1 1 1 0 1 1 0 1 1 0 1 1 3 3 0 3 0 3 3 3 1 3 3 1 3 3 3 3 1 3 1 3 1 3 1 3 1 3 0 2 1 1 1 1
0 65 2 0 2 0 2 0 2 0 2 0 2 3 3 3 0 3 0 3 1 3 1 3 3 1 3 0 2 1 1 1 1 1 3 0 2 0 0 2 2 0 2 1 1 1 0 2 1 1 1 1 0 2 0 3 2 2 1 1 1 1 2 2 1 1 2
0 71 1 1 0 1 1 0 1 1 0 1 0 1 0 1 0 1 0 1 1 0 1 1 0 1 1 0 1 1 0 1 0 1 0 1 1 0 1 1 0 1 1 0 1 0 0 2 2 0 2 2 0 2 2 0 2 0 3 3 3 1 3 0 2 1 1 1 1 1 2 2 0
0 59 2 0 2 0 2 0 2 0 2 0 2 3 3 3 0 3 0 3 1 3 1 3 3 1 3 0 2 1 1 1 1 1 3 0 2 0 0 2 2 0 2 1 1 1 0 2 1 1 1 1 0 2 0 3 2 2 1 1 1
0 28 0 0 0 0 0 0 0 0 0 0 0 0 0 0 0 0 0 0 0 0 0 2 2 1 1 1 0 2
0 7 3 2 1 3 1 3 1
0 71 1 0 1 0 1 1 0 1 1 0 1 0 1 0 1 1 0 1 1 1 0 1 1 0 1 1 0 1 1 3 3 0 3 0 3 3 3 1 3 3 1 3 3 3 3 1 3 1 3 1 3 1 3 1 3 0 2 1 1 1 1 1 0 2 0 0 2 1 1 1 1
0 7 0 2 0 2 0 3 1
0 8 0 0 0 2 2 1 1 1
0 14 3 3 0 3 1 3 3 1 3 3 2 2 1 1
0 16 2 0 0 2 0 2 0 2 0 2 0 2 1 3 3 1
0 66 1 1 0 1 1 0 1 1 0 1 0 1 0 1 0 1 0 1 1 0 1 1 0 1 1 0 1 1 0 1 0 1 0 1 1 0 1 1 0 1 1 0 1 0 0 2 2 0 2 2 0 2 2 0 2 0 3 3 3 1 3 0 2 1 1 1
0 14 3 0 3 3 0 0 1 3 1 3 1 3 3 1
0 61 2 0 2 0 2 0 2 0 2 0 2 3 3 3 0 3 0 3 1 3 1 3 3 1 3 0 2 1 1 1 1 1 3 0 2 0 0 2 2 0 2 1 1 1 0 2 1 1 1 1 0 2 0 3 2 2 1 1 1 1 2
0 15 0 3 3 0 3 0 2 2 0 3 1 3 3 3 1
0 64 2 0 2 0 2 0 2 0 2 0 2 3 3 3 0 3 0 3 1 3 1 3 3 1 3 0 2 1 1 1 1 1 3 0 2 0 0 2 2 0 2 1 1 1 0 2 1 1 1 1 0 2 0 3 2 2 1 1 1 1 2 2 1 1
0 38 0 0 0 0 0 0 0 0 0 0 0 0 0 0 0 0 0 0 0 0 0 0 2 2 0 2 1 1 1 0 2 0 3 3 1 3 3 1
0 24 0 1 0 1 1 0 1 1 0 1 0 1 0 0 0 2 2 2 2 2 2 2 1 1
0 27 2 0 0 3 1 3 2 2 1 1 2 2 0 3 1 3 3 2 2 0 0 2 1 1 1 1 1
0 23 2 0 3 3 3 0 3 0 3 0 2 1 2 2 2 2 2 0 3 2 2 1 1
0 30 0 0 0 0 0 0 0 0 0 0 0 0 0 0 0 0 0 0 0 2 2 1 1 1 2 2 1 1 1 1
0 52 2 0 2 0 2 0 2 0 2 0 2 3 3 3 0 3 0 3 1 3 1 3 3 1 3 0 2 1 1 1 1 1 3 0 2 0 0 2 2 0 2 1 1 1 0 2 1 1 1 1 0 2
0 38 3 3 3 3 3 3 3 3 3 3 3 2 1 3 3 3 3 3 3 3 3 3 3 3 3 3 3 0 3 0 0 2 1 1 1 2 2 2
0 29 3 3 3 3 3 3 3 3 3 3 3 3 3 3 3 3 3 3 3 3 3 3 2 2 3 1 3 3 1
0 29 3 3 3 3 3 3 3 3 3 3 3 3 3 3 3 3 3 2 2 0 2 2 0 2 2 2 3 3 1
0 39 0 1 0 1 1 0 1 1 0 1 0 1 0 0 0 2 2 2 2 2 2 2 1 1 1 0 2 1 1 1 0 2 1 1 1 1 1 3 1
0 13 2 0 0 3 1 3 2 2 1 1 2 2 0
0 37 2 0 3 3 0 3 1 3 3 3 1 3 3 3 1 3 1 3 1 3 2 2 0 2 2 1 1 1 1 1 0 2 2 2 2 2 0
0 28 0 3 0 3 3 3 0 2 0 2 0 2 0 2 1 3 3 3 0 2 0 0 2 3 3 1 3 1
0 46 0 1 0 1 1 0 1 1 0 1 1 0 1 1 0 1 0 1 0 1 1 0 1 0 0 1 0 1 1 0 1 1 0 1 1 0 1 2 2 0 0 2 2 0 2 1
0 66 1 0 1 0 1 1 0 1 1 0 1 0 1 0 1 1 0 1 1 1 0 1 1 0 1 1 0 1 1 3 3 0 3 0 3 3 3 1 3 3 1 3 3 3 3 1 3 1 3 1 3 1 3 1 3 0 2 1 1 1 1 1 0 2 0 0
0 13 2 1 2 1 3 2 1 1 3 3 3 3 1
0 27 3 0 3 3 0 0 1 3 1 3 1 3 3 1 3 3 0 2 2 2 2 0 2 2 1 0 2
0 33 0 0 0 0 0 0 0 0 0 0 0 0 0 0 0 0 0 0 0 0 0 2 2 1 1 1 0 2 0 2 2 2 0
0 35 0 1 0 1 1 0 1 1 0 1 0 1 0 0 0 2 2 2 2 2 2 2 1 1 1 0 2 1 1 1 0 2 1 1 1
0 24 0 0 0 0 0 0 0 0 0 0 0 0 0 0 0 0 0 0 0 0 0 0 2 1
0 22 0 2 0 2 0 2 0 2 0 3 0 2 0 0 2 0 2 2 1 1 1 1
0 79 1 1 0 1 1 0 1 1 0 1 0 1 0 1 0 1 0 1 1 0 1 1 0 1 1 0 1 1 0 1 0 1 0 1 1 0 1 1 0 1 1 0 1 0 0 2 2 0 2 2 0 2 2 0 2 0 3 3 3 1 3 0 2 1 1 1 1 1 2 2 0 3 1 3 0 2 1 0 2
0 13 2 3 3 3 3 1 3 1 3 1 3 3 1
0 35 0 0 0 0 0 0 0 0 0 0 0 0 0 0 0 0 0 0 0 2 2 1 1 1 2 2 1 1 1 1 2 2 2 0 2
0 62 2 0 2 0 2 0 2 0 2 0 2 3 3 3 0 3 0 3 1 3 1 3 3 1 3 0 2 1 1 1 1 1 3 0 2 0 0 2 2 0 2 1 1 1 0 2 1 1 1 1 0 2 0 3 2 2 1 1 1 1 2 2
0 5 2 2 0 3 1
0 37 1 1 0 1 0 1 0 1 1 0 1 1 0 1 1 0 1 2 2 2 0 2 0 2 2 2 2 2 1 3 2 2 0 2 1 1 1
0 29 3 3 3 3 3 3 3 3 3 3 3 2 2 1 1 2 2 2 2 0 2 2 0 3 3 1 3 3 1
0 16 2 2 2 1 3 3 3 3 0 1 3 1 3 1 3 1
0 58 0 0 0 0 0 0 0 0 0 0 0 0 0 0 0 0 0 0 0 2 2 1 1 1 2 2 1 1 1 1 2 2 2 0 2 2 3 2 2 0 0 2 0 0 2 0 2 2 1 1 1 1 1 0 2 1 1 1
0 40 3 3 3 3 3 3 3 3 3 3 3 3 3 3 3 3 3 3 3 3 3 3 3 3 3 1 3 1 3 1 3 1 3 3 3 1 3 2 2 1
0 41 0 0 0 0 0 0 0 0 0 0 0 0 0 0 0 0 0 0 0 0 0 0 2 1 3 3 2 2 1 1 3 0 2 2 2 2 1 1 1 1 1
0 23 0 1 0 1 1 0 1 1 0 1 0 1 0 0 0 2 2 2 2 2 2 2 1
0 32 3 0 3 3 0 0 1 3 1 3 1 3 3 1 3 3 0 2 2 2 2 0 2 2 1 0 2 1 1 1 1 1
0 24 0 0 0 0 0 0 0 0 0 0 0 0 0 0 0 0 0 0 0 2 2 1 1 1
0 50 2 0 0 0 2 0 2 0 2 0 2 2 2 0 2 2 0 3 0 2 1 1 1 0 2 1 1 1 1 1 0 2 0 2 2 2 3 3 3 3 1 3 3 3 1 3 0 2 1 1
0 36 0 3 0 3 3 3 0 2 0 2 0 2 0 2 1 3 3 3 0 2 0 0 2 3 3 1 3 1 3 3 1 3 1 3 3 1
0 12 2 2 2 1 3 3 3 3 0 1 3 1
0 25 2 0 0 3 1 3 2 2 1 1 2 2 0 3 1 3 3 2 2 0 0 2 1 1 1
0 49 2 0 2 0 2 0 2 0 2 0 2 3 3 3 0 3 0 3 1 3 1 3 3 1 3 0 2 1 1 1 1 1 3 0 2 0 0 2 2 0 2 1 1 1 0 2 1 1 1
0 33 3 3 3 3 3 3 3 3 3 3 3 3 3 3 3 2 2 2 0 3 0 3 0 1 3 3 3 3 3 0 2 1 1
0 47 2 0 2 0 2 0 2 0 2 0 2 3 3 3 0 3 0 3 1 3 1 3 3 1 3 0 2 1 1 1 1 1 3 0 2 0 0 2 2 0 2 1 1 1 0 2 1
0 17 2 0 3 3 0 3 1 3 3 3 1 3 3 3 1 3 1
0 15 3 3 0 3 1 3 3 1 3 3 2 2 1 1 1
0 37 0 0 0 0 0 0 0 0 0 0 0 0 0 0 0 0 0 0 0 0 0 0 2 1 3 3 2 2 1 1 3 0 2 2 2 2 1
0 5 2 0 0 3 1
0 26 0 0 0 0 0 0 0 0 0 0 0 0 0 0 0 0 0 0 0 0 0 2 2 1 1 1
0 39 0 1 0 1 1 0 1 1 0 1 1 0 1 1 0 1 1 1 0 1 1 0 1 1 0 1 3 0 1 3 2 2 0 2 2 0 2 2 1
0 14 2 2 2 1 3 3 3 3 0 1 3 1 3 1
0 4 0 2 1 0
0 32 2 2 0 3 1 3 1 3 3 2 2 0 3 0 2 0 2 2 0 2 2 0 2 2 0 0 2 1 1 1 1 1
0 69 2 0 2 0 2 0 2 0 2 0 2 3 3 3 0 3 0 3 1 3 1 3 3 1 3 0 2 1 1 1 1 1 3 0 2 0 0 2 2 0 2 1 1 1 0 2 1 1 1 1 0 2 0 3 2 2 1 1 1 1 2 2 1 1 2 2 2 0 2
0 23 0 0 0 0 0 0 2 2 2 2 0 2 0 2 2 1 1 1 2 2 2 3 1
0 60 2 0 2 0 2 0 2 0 2 0 2 3 3 3 0 3 0 3 1 3 1 3 3 1 3 0 2 1 1 1 1 1 3 0 2 0 0 2 2 0 2 1 1 1 0 2 1 1 1 1 0 2 0 3 2 2 1 1 1 1
0 3 0 2 1
0 12 2 0 0 3 1 3 2 2 1 1 2 2
0 71 2 0 2 0 2 0 2 0 2 0 2 3 3 3 0 3 0 3 1 3 1 3 3 1 3 0 2 1 1 1 1 1 3 0 2 0 0 2 2 0 2 1 1 1 0 2 1 1 1 1 0 2 0 3 2 2 1 1 1 1 2 2 1 1 2 2 2 0 2 0 0
0 28 0 1 0 1 1 0 1 1 0 1 0 1 0 0 0 2 2 2 2 2 2 2 1 1 1 0 2 1
0 29 0 1 0 1 1 0 1 1 0 1 0 1 0 0 0 2 2 2 2 2 2 2 1 1 1 0 2 1 1
0 19 2 2 2 1 3 3 3 3 3 3 3 3 3 3 3 2 2 0 1
0 58 2 0 2 0 2 0 2 0 2 0 2 3 3 3 0 3 0 3 1 3 1 3 3 1 3 0 2 1 1 1 1 1 3 0 2 0 0 2 2 0 2 1 1 1 0 2 1 1 1 1 0 2 0 3 2 2 1 1
0 20 0 2 0 2 0 2 0 2 0 2 0 2 0 2 0 2 1 1 1 1
0 39 2 0 3 3 0 3 1 3 3 3 1 3 3 3 1 3 1 3 1 3 2 2 0 2 2 1 1 1 1 1 0 2 2 2 2 2 0 2 2
0 30 0 0 0 0 0 0 0 0 0 0 0 0 0 0 0 0 0 0 0 0 0 2 2 1 1 1 0 2 0 2
0 9 2 0 0 3 1 3 2 2 1
0 33 2 0 3 3 0 3 1 3 3 3 1 3 3 3 1 3 1 3 1 3 2 2 0 2 2 1 1 1 1 1 0 2 2
0 29 0 0 0 0 0 0 0 0 0 0 0 0 0 0 0 0 0 0 0 2 2 1 1 1 2 2 1 1 1
0 20 0 2 0 2 0 2 0 2 0 3 0 2 0 0 2 0 2 2 1 1
0 26 2 0 3 3 0 3 1 3 3 3 1 3 3 3 1 3 1 3 1 3 2 2 0 2 2 1
0 42 0 1 0 1 1 0 1 1 0 1 1 0 1 1 0 1 1 1 0 1 1 0 1 1 0 1 3 0 1 3 2 2 0 2 2 0 2 2 1 1 1 1
0 66 2 0 2 0 2 0 2 0 2 0 2 3 3 3 0 3 0 3 1 3 1 3 3 1 3 0 2 1 1 1 1 1 3 0 2 0 0 2 2 0 2 1 1 1 0 2 1 1 1 1 0 2 0 3 2 2 1 1 1 1 2 2 1 1 2 2
0 68 1 1 0 1 1 0 1 1 0 1 0 1 0 1 0 1 0 1 1 0 1 1 0 1 1 0 1 1 0 1 0 1 0 1 1 0 1 1 0 1 1 0 1 0 0 2 2 0 2 2 0 2 2 0 2 0 3 3 3 1 3 0 2 1 1 1 1 1
0 24 2 0 0 3 1 3 2 2 1 1 2 2 0 3 1 3 3 2 2 0 0 2 1 1
0 28 2 0 0 3 1 3 2 2 1 1 2 2 0 3 1 3 3 2 2 0 0 2 1 1 1 1 1 0
0 9 3 0 3 3 0 0 1 3 1
0 37 2 2 2 0 2 2 0 2 2 1 1 1 1 2 2 2 2 2 0 3 0 2 0 0 2 1 1 1 0 2 0 0 2 0 3 3 1
0 46 1 0 1 0 1 1 0 1 1 0 1 0 1 0 1 1 0 1 1 1 0 1 1 0 1 1 0 1 1 3 3 0 3 0 3 3 3 1 3 3 1 3 3 3 3 1
0 22 2 0 0 0 2 0 2 0 2 0 2 2 2 0 2 2 0 3 0 2 1 1
0 12 2 0 3 3 3 0 3 0 3 0 2 1
0 23 0 2 0 2 0 2 0 2 0 3 0 2 0 0 2 0 2 2 1 1 1 1 0
0 7 2 3 1 3 1 3 1
0 29 0 1 0 1 1 0 1 1 0 1 1 0 1 1 0 1 0 0 0 2 0 2 2 1 2 2 0 3 1
0 7 0 2 1 0 2 0 0
0 16 0 0 3 0 3 3 0 3 3 0 3 3 3 3 3 1
0 54 0 0 0 0 0 0 0 0 0 0 0 0 0 0 0 0 0 0 0 2 2 1 1 1 2 2 1 1 1 1 2 2 2 0 2 2 3 2 2 0 0 2 0 0 2 0 2 2 1 1 1 1 1 0
0 8 3 3 0 3 1 3 3 1
0 30 0 1 0 1 1 0 1 1 0 1 0 1 0 0 0 2 2 2 2 2 2 2 1 1 1 0 2 1 1 1
0 36 2 0 0 0 2 0 2 0 2 0 2 2 2 0 2 2 0 3 0 2 1 1 1 0 2 1 1 1 1 1 0 2 0 2 2 2
0 14 0 0 0 2 2 1 1 1 1 1 2 2 0 0
0 15 0 2 0 2 3 0 3 0 3 0 3 0 0 3 1
0 19 0 0 0 0 0 0 0 0 0 0 0 0 0 0 0 0 2 2 1
0 47 2 0 3 3 0 3 1 3 3 3 1 3 3 3 1 3 1 3 1 3 2 2 0 2 2 1 1 1 1 1 0 2 2 2 2 2 0 2 2 3 2 2 0 0 2 1 1
0 75 2 0 2 0 2 0 2 0 2 0 2 3 3 3 0 3 0 3 1 3 1 3 3 1 3 0 2 1 1 1 1 1 3 0 2 0 0 2 2 0 2 1 1 1 0 2 1 1 1 1 0 2 0 3 2 2 1 1 1 1 2 2 1 1 2 2 2 0 2 0 0 2 1 1 1
0 26 0 1 0 1 1 0 1 1 0 1 1 0 1 1 0 1 0 0 0 2 0 2 2 1 2 2
0 10 2 0 0 3 1 3 2 2 1 1
0 22 0 0 0 2 2 1 1 1 1 1 2 2 0 0 2 1 1 1 1 0 2 0
0 30 2 0 0 3 1 3 2 2 1 1 2 2 0 3 1 3 3 2 2 0 0 2 1 1 1 1 1 0 2 2
0 26 2 0 0 0 2 0 2 0 2 0 2 2 2 0 2 2 0 3 0 2 1 1 1 0 2 1
0 48 3 3 3 3 3 3 3 3 3 3 3 2 1 3 3 3 3 3 3 3 3 3 3 3 3 3 3 0 3 0 0 2 1 1 1 2 2 2 2 2 0 0 2 0 3 1 3 1
0 32 3 3 3 3 3 3 3 3 3 3 3 3 3 3 3 3 3 3 3 3 3 3 3 3 3 1 3 1 3 1 3 1
0 24 0 2 0 2 0 2 0 2 0 3 0 2 0 0 2 0 2 2 1 1 1 1 0 2
0 31 0 1 0 1 1 0 1 1 0 1 0 1 0 0 0 2 2 2 2 2 2 2 1 1 1 0 2 1 1 1 0
0 10 2 3 3 3 3 1 3 1 3 1
0 12 3 3 3 3 3 3 0 0 3 3 3 1
0 32 3 3 3 3 3 3 3 3 3 3 3 3 3 3 3 2 2 2 0 3 0 3 0 1 3 3 3 3 3 0 2 1
0 21 0 0 0 0 0 0 2 2 2 2 0 2 0 2 2 1 1 1 2 2 2
0 24 2 0 3 3 3 0 3 0 3 0 2 1 2 2 2 2 2 0 3 2 2 1 1 1
0 40 2 3 3 0 3 3 3 0 3 0 3 0 3 0 3 0 3 3 3 0 1 3 1 3 3 1 3 3 1 3 2 2 0 0 2 1 0 2 0 2
0 27 0 0 0 0 0 0 0 0 0 0 0 0 0 0 0 0 2 2 1 1 3 2 2 0 3 3 1
0 40 0 1 0 1 1 0 1 1 0 1 1 0 1 1 0 1 1 1 0 1 1 0 1 1 0 1 3 0 1 3 2 2 0 2 2 0 2 2 1 1
0 31 2 2 2 0 2 2 0 2 2 1 1 1 1 2 2 2 2 2 0 3 0 2 0 0 2 1 1 1 0 2 0
0 13 2 0 3 3 3 0 3 0 3 0 2 1 2
0 34 3 3 3 3 3 3 3 3 3 3 3 3 3 3 3 2 2 2 0 3 0 3 0 1 3 3 3 3 3 0 2 1 1 1
0 32 0 0 0 0 0 0 0 0 0 0 0 0 0 0 0 0 2 2 0 2 2 0 2 2 1 1 1 1 1 2 2 2
0 38 1 0 1 0 1 1 0 1 1 0 1 0 1 0 1 1 0 1 1 1 0 1 1 0 1 1 0 1 1 3 3 0 3 0 3 3 3 1
0 30 0 0 0 0 0 0 0 0 0 0 0 0 0 0 0 0 0 0 0 0 0 0 2 1 3 3 2 2 1 1
0 18 2 0 3 3 3 0 3 0 3 0 2 1 2 2 2 2 2 0
0 25 2 0 3 3 3 0 3 0 3 0 2 1 2 2 2 2 2 0 3 2 2 1 1 1 0
0 25 2 0 0 0 2 0 2 0 2 0 2 2 2 0 2 2 0 3 0 2 1 1 1 0 2
0 38 2 0 3 3 0 3 1 3 3 3 1 3 3 3 1 3 1 3 1 3 2 2 0 2 2 1 1 1 1 1 0 2 2 2 2 2 0 2
0 33 3 3 3 3 3 3 3 3 3 3 3 3 3 3 3 3 3 3 3 3 3 3 2 2 3 1 3 3 1 3 3 3 1
0 65 1 1 0 1 1 0 1 1 0 1 0 1 0 1 0 1 0 1 1 0 1 1 0 1 1 0 1 1 0 1 0 1 0 1 1 0 1 1 0 1 1 0 1 0 0 2 2 0 2 2 0 2 2 0 2 0 3 3 3 1 3 0 2 1 1
0 48 1 0 1 0 1 1 0 1 1 0 1 0 1 0 1 1 0 1 1 1 0 1 1 0 1 1 0 1 1 3 3 0 3 0 3 3 3 1 3 3 1 3 3 3 3 1 3 1
0 31 2 0 3 3 0 3 1 3 3 3 1 3 3 3 1 3 1 3 1 3 2 2 0 2 2 1 1 1 1 1 0
0 36 3 3 3 3 3 3 3 3 3 3 3 3 3 3 3 2 2 2 0 3 0 3 0 1 3 3 3 3 3 0 2 1 1 1 1 1
0 7 0 0 0 2 2 1 1
0 21 0 2 0 2 0 2 0 2 0 3 0 2 0 0 2 0 2 2 1 1 1
0 28 0 0 0 0 0 0 0 0 0 0 0 0 0 0 0 0 2 2 0 2 2 0 2 2 1 1 1 1
0 26 3 3 3 3 3 3 3 3 3 3 3 3 3 3 3 3 3 3 3 3 3 3 2 2 3 1
0 34 0 0 0 0 0 0 0 0 0 0 0 0 0 0 0 0 0 0 0 2 2 1 1 1 2 2 1 1 1 1 2 2 2 0
0 33 0 1 0 1 1 0 1 1 0 1 0 1 0 0 0 2 2 2 2 2 2 2 1 1 1 0 2 1 1 1 0 2 1
0 44 2 0 2 0 2 0 2 0 2 0 2 3 3 3 0 3 0 3 1 3 1 3 3 1 3 0 2 1 1 1 1 1 3 0 2 0 0 2 2 0 2 1 1 1
0 18 0 0 0 0 0 0 2 2 2 2 0 2 0 2 2 1 1 1
0 29 2 2 0 3 1 3 1 3 3 2 2 0 3 0 2 0 2 2 0 2 2 0 2 2 0 0 2 1 1
0 70 1 0 1 0 1 1 0 1 1 0 1 0 1 0 1 1 0 1 1 1 0 1 1 0 1 1 0 1 1 3 3 0 3 0 3 3 3 1 3 3 1 3 3 3 3 1 3 1 3 1 3 1 3 1 3 0 2 1 1 1 1 1 0 2 0 0 2 1 1 1
0 26 0 0 0 0 0 0 0 0 0 0 0 0 0 0 0 0 2 2 0 2 2 0 2 2 1 1
0 21 0 2 0 2 0 2 0 2 0 2 0 2 0 2 0 2 1 1 1 1 1
0 31 3 0 3 3 0 0 1 3 1 3 1 3 3 1 3 3 0 2 2 2 2 0 2 2 1 0 2 1 1 1 1
0 27 0 0 0 0 0 0 0 0 0 0 0 0 0 0 0 0 0 0 0 2 2 1 1 1 2 2 1
0 15 2 0 3 3 3 0 3 0 3 0 2 1 2 2 2
0 4 0 2 2 1
0 39 1 1 0 1 0 1 0 1 1 0 1 1 0 1 1 0 1 2 2 2 0 2 0 2 2 2 2 2 1 3 2 2 0 2 1 1 1 1 2
0 5 2 3 1 3 1
0 37 2 3 0 2 0 2 2 0 2 0 0 2 0 0 2 0 3 2 2 2 2 2 0 3 2 2 0 2 2 2 3 3 1 3 1 3 1
0 6 0 0 0 2 2 1
0 30 2 0 0 0 2 0 2 0 2 0 2 2 2 0 2 2 0 3 0 2 1 1 1 0 2 1 1 1 1 1
0 23 2 3 3 0 3 3 3 0 3 0 3 0 3 0 3 0 3 3 3 0 1 3 1
0 78 0 0 0 0 0 0 0 0 0 0 0 0 0 0 0 0 0 0 0 2 2 1 1 1 2 2 1 1 1 1 2 2 2 0 2 2 3 2 2 0 0 2 0 0 2 0 2 2 1 1 1 1 1 0 2 1 1 1 3 0 2 0 2 2 0 0 2 0 2 2 0 0 2 2 3 3 3 1
0 14 2 3 1 3 1 3 1 3 0 2 1 1 1 2
0 19 2 1 2 2 3 3 3 0 2 2 0 2 2 0 2 0 3 3 1
0 31 2 0 2 0 2 0 2 0 2 0 2 3 3 3 0 3 0 3 1 3 1 3 3 1 3 0 2 1 1 1 1
0 32 0 1 0 1 1 0 1 1 0 1 0 1 0 0 0 2 2 2 2 2 2 2 1 1 1 0 2 1 1 1 0 2
0 51 1 1 0 1 0 1 0 1 1 0 1 1 0 1 1 0 1 2 2 2 0 2 0 2 2 2 2 2 1 3 2 2 0 2 1 1 1 1 2 2 2 3 0 2 2 0 2 2 2 2 1
0 30 2 0 2 0 2 0 2 0 2 0 2 3 3 3 0 3 0 3 1 3 1 3 3 1 3 0 2 1 1 1
0 32 2 2 2 0 2 2 0 2 2 1 1 1 1 2 2 2 2 2 0 3 0 2 0 0 2 1 1 1 0 2 0 0
0 19 0 2 0 2 0 2 0 2 0 3 0 2 0 0 2 0 2 2 1
0 49 2 0 3 3 0 3 1 3 3 3 1 3 3 3 1 3 1 3 1 3 2 2 0 2 2 1 1 1 1 1 0 2 2 2 2 2 0 2 2 3 2 2 0 0 2 1 1 1 1
0 37 0 1 0 1 1 0 1 1 0 1 0 1 0 0 0 2 2 2 2 2 2 2 1 1 1 0 2 1 1 1 0 2 1 1 1 1 1
0 6 0 2 2 1 1 1
0 16 3 3 3 3 3 3 0 0 3 3 3 1 3 1 3 1
0 41 1 1 0 1 0 1 0 1 1 0 1 1 0 1 1 0 1 2 2 2 0 2 0 2 2 2 2 2 1 3 2 2 0 2 1 1 1 1 2 2 2
0 53 0 0 0 0 0 0 0 0 0 0 0 0 0 0 0 0 0 0 0 2 2 1 1 1 2 2 1 1 1 1 2 2 2 0 2 2 3 2 2 0 0 2 0 0 2 0 2 2 1 1 1 1 1
0 28 2 0 2 0 2 0 2 0 2 0 2 3 3 3 0 3 0 3 1 3 1 3 3 1 3 0 2 1
0 26 2 3 3 0 3 3 3 0 3 0 3 0 3 0 3 0 3 3 3 0 1 3 1 3 3 1
0 39 3 3 3 3 3 3 3 3 3 3 3 2 1 3 3 3 3 3 3 3 3 3 3 3 3 3 3 0 3 0 0 2 1 1 1 2 2 2 2
0 7 0 0 3 3 3 3 1
0 27 2 2 2 0 2 2 0 2 2 1 1 1 1 2 2 2 2 2 0 3 0 2 0 0 2 1 1
0 24 0 0 0 0 0 0 0 0 0 0 0 0 0 0 0 0 0 0 0 0 0 2 2 1
0 35 2 3 0 2 0 2 2 0 2 0 0 2 0 0 2 0 3 2 2 2 2 2 0 3 2 2 0 2 2 2 3 3 1 3 1
0 50 1 0 1 0 1 1 0 1 1 0 1 0 1 0 1 1 0 1 1 1 0 1 1 0 1 1 0 1 1 3 3 0 3 0 3 3 3 1 3 3 1 3 3 3 3 1 3 1 3 1
0 32 2 0 2 0 2 0 2 0 2 0 2 3 3 3 0 3 0 3 1 3 1 3 3 1 3 0 2 1 1 1 1 1
0 33 3 3 3 3 3 3 3 3 3 3 3 3 3 3 3 3 3 2 2 0 2 2 0 2 2 2 3 3 1 3 3 3 1
0 13 0 0 0 2 2 1 1 1 1 1 2 2 0
0 77 1 1 0 1 1 0 1 1 0 1 0 1 0 1 0 1 0 1 1 0 1 1 0 1 1 0 1 1 0 1 0 1 0 1 1 0 1 1 0 1 1 0 1 0 0 2 2 0 2 2 0 2 2 0 2 0 3 3 3 1 3 0 2 1 1 1 1 1 2 2 0 3 1 3 0 2 1
0 15 2 3 1 3 1 3 1 3 0 2 1 1 1 2 2
0 32 2 0 3 3 0 3 1 3 3 3 1 3 3 3 1 3 1 3 1 3 2 2 0 2 2 1 1 1 1 1 0 2
0 17 0 0 0 0 0 0 2 2 2 2 0 2 0 2 2 1 1
0 21 2 1 2 2 3 3 3 0 2 2 0 2 2 0 2 0 3 3 1 3 1
0 20 0 0 0 0 0 0 2 2 2 2 0 2 0 2 2 1 1 1 2 2
0 57 2 0 2 0 2 0 2 0 2 0 2 3 3 3 0 3 0 3 1 3 1 3 3 1 3 0 2 1 1 1 1 1 3 0 2 0 0 2 2 0 2 1 1 1 0 2 1 1 1 1 0 2 0 3 2 2 1
0 52 1 1 0 1 0 1 0 1 1 0 1 1 0 1 1 0 1 2 2 2 0 2 0 2 2 2 2 2 1 3 2 2 0 2 1 1 1 1 2 2 2 3 0 2 2 0 2 2 2 2 1 1
0 36 0 0 0 0 0 0 0 0 0 0 0 0 0 0 0 0 0 0 0 2 2 1 1 1 2 2 1 1 1 1 2 2 2 0 2 2
0 7 3 0 3 3 0 0 1
0 28 2 2 0 3 1 3 1 3 3 2 2 0 3 0 2 0 2 2 0 2 2 0 2 2 0 0 2 1
0 59 1 0 1 0 1 1 0 1 1 0 1 0 1 0 1 1 0 1 1 1 0 1 1 0 1 1 0 1 1 3 3 0 3 0 3 3 3 1 3 3 1 3 3 3 3 1 3 1 3 1 3 1 3 1 3 0 2 1 1
0 42 2 3 3 0 3 3 3 0 3 0 3 0 3 0 3 0 3 3 3 0 1 3 1 3 3 1 3 3 1 3 2 2 0 0 2 1 0 2 0 2 2 1
0 32 0 0 0 0 0 0 0 0 0 0 0 0 0 0 0 0 0 0 0 0 0 0 2 2 0 2 1 1 1 0 2 0
0 54 1 0 1 0 1 1 0 1 1 0 1 0 1 0 1 1 0 1 1 1 0 1 1 0 1 1 0 1 1 3 3 0 3 0 3 3 3 1 3 3 1 3 3 3 3 1 3 1 3 1 3 1 3 1
0 9 0 2 2 1 1 1 1 2 2
0 36 0 1 0 1 1 0 1 1 0 1 0 1 0 0 0 2 2 2 2 2 2 2 1 1 1 0 2 1 1 1 0 2 1 1 1 1
0 32 0 0 0 0 0 0 0 0 0 0 0 0 0 0 0 0 0 0 0 2 2 1 1 1 2 2 1 1 1 1 2 2
0 28 3 0 3 3 0 0 1 3 1 3 1 3 3 1 3 3 0 2 2 2 2 0 2 2 1 0 2 1
0 13 3 3 3 3 3 3 3 3 0 3 1 3 1
0 12 0 0 0 2 2 1 1 1 1 1 2 2
0 29 3 0 3 3 0 0 1 3 1 3 1 3 3 1 3 3 0 2 2 2 2 0 2 2 1 0 2 1 1
0 28 0 0 0 0 0 0 0 0 0 0 0 0 0 0 0 0 0 0 0 0 0 0 2 2 0 2 1 1
0 5 3 2 1 3 1
0 80 1 1 0 1 1 0 1 1 0 1 0 1 0 1 0 1 0 1 1 0 1 1 0 1 1 0 1 1 0 1 0 1 0 1 1 0 1 1 0 1 1 0 1 0 0 2 2 0 2 2 0 2 2 0 2 0 3 3 3 1 3 0 2 1 1 1 1 1 2 2 0 3 1 3 0 2 1 0 2 0
0 35 3 3 3 3 3 3 3 3 3 3 3 3 3 3 3 2 2 2 0 3 0 3 0 1 3 3 3 3 3 0 2 1 1 1 1
0 74 2 0 2 0 2 0 2 0 2 0 2 3 3 3 0 3 0 3 1 3 1 3 3 1 3 0 2 1 1 1 1 1 3 0 2 0 0 2 2 0 2 1 1 1 0 2 1 1 1 1 0 2 0 3 2 2 1 1 1 1 2 2 1 1 2 2 2 0 2 0 0 2 1 1
0 5 3 3 0 3 1
0 43 2 3 3 0 3 3 3 0 3 0 3 0 3 0 3 0 3 3 3 0 1 3 1 3 3 1 3 3 1 3 2 2 0 0 2 1 0 2 0 2 2 1 1
0 27 2 0 0 0 2 0 2 0 2 0 2 2 2 0 2 2 0 3 0 2 1 1 1 0 2 1 1
0 34 2 0 3 3 0 3 1 3 3 3 1 3 3 3 1 3 1 3 1 3 2 2 0 2 2 1 1 1 1 1 0 2 2 2
0 23 2 1 2 2 3 3 3 0 2 2 0 2 2 0 2 0 3 3 1 3 1 3 1
0 11 3 3 3 3 3 3 3 3 0 3 1
0 9 0 2 1 0 2 0 0 2 0
0 50 2 0 2 0 2 0 2 0 2 0 2 3 3 3 0 3 0 3 1 3 1 3 3 1 3 0 2 1 1 1 1 1 3 0 2 0 0 2 2 0 2 1 1 1 0 2 1 1 1 1
0 69 1 0 1 0 1 1 0 1 1 0 1 0 1 0 1 1 0 1 1 1 0 1 1 0 1 1 0 1 1 3 3 0 3 0 3 3 3 1 3 3 1 3 3 3 3 1 3 1 3 1 3 1 3 1 3 0 2 1 1 1 1 1 0 2 0 0 2 1 1
0 11 0 3 3 0 3 0 2 2 0 3 1
0 47 3 0 3 3 0 0 1 3 1 3 1 3 3 1 3 3 0 2 2 2 2 0 2 2 1 0 2 1 1 1 1 1 3 0 2 0 0 2 1 1 1 1 1 0 2 0 0
0 16 2 0 0 1 3 1 3 3 3 3 1 3 3 1 3 1
0 26 3 3 3 3 3 3 3 3 3 3 3 3 3 3 3 3 3 3 3 3 3 3 3 3 3 1
0 56 0 0 0 0 0 0 0 0 0 0 0 0 0 0 0 0 0 0 0 2 2 1 1 1 2 2 1 1 1 1 2 2 2 0 2 2 3 2 2 0 0 2 0 0 2 0 2 2 1 1 1 1 1 0 2 1
0 46 2 0 3 3 0 3 1 3 3 3 1 3 3 3 1 3 1 3 1 3 2 2 0 2 2 1 1 1 1 1 0 2 2 2 2 2 0 2 2 3 2 2 0 0 2 1
0 25 0 0 0 0 0 0 0 0 0 0 0 0 0 0 0 0 0 0 0 2 2 1 1 1 2
0 24 2 0 2 0 2 0 2 0 2 0 2 3 3 3 0 3 0 3 1 3 1 3 3 1
0 70 2 0 2 0 2 0 2 0 2 0 2 3 3 3 0 3 0 3 1 3 1 3 3 1 3 0 2 1 1 1 1 1 3 0 2 0 0 2 2 0 2 1 1 1 0 2 1 1 1 1 0 2 0 3 2 2 1 1 1 1 2 2 1 1 2 2 2 0 2 0
0 17 0 2 0 2 0 2 0 2 0 2 0 2 0 2 0 2 1
0 49 1 1 0 1 1 0 1 1 1 0 1 1 0 1 1 0 1 0 1 0 1 1 0 1 1 0 1 1 0 1 1 0 1 0 1 0 1 1 0 1 1 0 1 1 0 1 0 3 1
0 15 0 0 0 2 2 1 1 1 1 1 2 2 0 0 2
0 57 0 0 0 0 0 0 0 0 0 0 0 0 0 0 0 0 0 0 0 2 2 1 1 1 2 2 1 1 1 1 2 2 2 0 2 2 3 2 2 0 0 2 0 0 2 0 2 2 1 1 1 1 1 0 2 1 1
0 13 2 3 1 3 1 3 1 3 0 2 1 1 1
0 25 0 2 0 2 0 2 0 2 0 3 0 2 0 0 2 0 2 2 1 1 1 1 0 2 2
0 7 0 2 2 1 1 1 1
0 18 0 0 0 2 2 1 1 1 1 1 2 2 0 0 2 1 1 1
0 37 2 3 3 0 3 3 3 0 3 0 3 0 3 0 3 0 3 3 3 0 1 3 1 3 3 1 3 3 1 3 2 2 0 0 2 1 0
0 6 2 0 0 1 3 1
0 16 3 3 3 3 3 3 3 3 3 3 0 3 3 3 3 1
0 23 0 1 0 1 1 0 1 1 0 1 1 0 1 1 1 0 1 0 0 0 3 3 1
0 41 1 0 1 0 1 1 0 1 1 0 1 0 1 0 1 1 0 1 1 1 0 1 1 0 1 1 0 1 1 3 3 0 3 0 3 3 3 1 3 3 1
0 73 1 1 0 1 1 0 1 1 0 1 0 1 0 1 0 1 0 1 1 0 1 1 0 1 1 0 1 1 0 1 0 1 0 1 1 0 1 1 0 1 1 0 1 0 0 2 2 0 2 2 0 2 2 0 2 0 3 3 3 1 3 0 2 1 1 1 1 1 2 2 0 3 1
0 50 0 0 0 0 0 0 0 0 0 0 0 0 0 0 0 0 0 0 0 2 2 1 1 1 2 2 1 1 1 1 2 2 2 0 2 2 3 2 2 0 0 2 0 0 2 0 2 2 1 1
0 41 3 0 3 3 0 0 1 3 1 3 1 3 3 1 3 3 0 2 2 2 2 0 2 2 1 0 2 1 1 1 1 1 3 0 2 0 0 2 1 1 1
0 40 3 3 3 3 3 3 3 3 3 3 3 2 1 3 3 3 3 3 3 3 3 3 3 3 3 3 3 0 3 0 0 2 1 1 1 2 2 2 2 2
0 64 1 0 1 0 1 1 0 1 1 0 1 0 1 0 1 1 0 1 1 1 0 1 1 0 1 1 0 1 1 3 3 0 3 0 3 3 3 1 3 3 1 3 3 3 3 1 3 1 3 1 3 1 3 1 3 0 2 1 1 1 1 1 0 2
0 40 1 1 0 1 0 1 0 1 1 0 1 1 0 1 1 0 1 2 2 2 0 2 0 2 2 2 2 2 1 3 2 2 0 2 1 1 1 1 2 2
0 44 3 3 3 3 3 3 3 3 3 3 3 2 1 3 3 3 3 3 3 3 3 3 3 3 3 3 3 0 3 0 0 2 1 1 1 2 2 2 2 2 0 0 2 0
0 49 0 0 0 0 0 0 0 0 0 0 0 0 0 0 0 0 0 0 0 2 2 1 1 1 2 2 1 1 1 1 2 2 2 0 2 2 3 2 2 0 0 2 0 0 2 0 2 2 1
0 58 1 0 1 0 1 1 0 1 1 0 1 0 1 0 1 1 0 1 1 1 0 1 1 0 1 1 0 1 1 3 3 0 3 0 3 3 3 1 3 3 1 3 3 3 3 1 3 1 3 1 3 1 3 1 3 0 2 1
0 64 1 1 0 1 1 0 1 1 0 1 0 1 0 1 0 1 0 1 1 0 1 1 0 1 1 0 1 1 0 1 0 1 0 1 1 0 1 1 0 1 1 0 1 0 0 2 2 0 2 2 0 2 2 0 2 0 3 3 3 1 3 0 2 1
0 29 0 0 0 0 0 0 0 0 0 0 0 0 0 0 0 0 0 0 0 0 0 0 2 1 3 3 2 2 1
0 16 2 0 3 3 3 0 3 0 3 0 2 1 2 2 2 2
0 41 2 3 3 0 3 3 3 0 3 0 3 0 3 0 3 0 3 3 3 0 1 3 1 3 3 1 3 3 1 3 2 2 0 0 2 1 0 2 0 2 2
0 31 0 0 0 0 0 0 0 0 0 0 0 0 0 0 0 0 0 0 0 0 0 2 2 1 1 1 0 2 0 2 2
0 6 2 2 2 3 3 1
0 35 2 0 3 3 0 3 1 3 3 3 1 3 3 3 1 3 1 3 1 3 2 2 0 2 2 1 1 1 1 1 0 2 2 2 2
0 29 0 1 0 1 1 0 1 1 0 1 1 0 1 1 0 1 1 1 0 1 1 0 1 1 0 1 3 0 1
0 15 2 3 3 3 3 1 3 1 3 1 3 3 1 3 1
0 80 0 0 0 0 0 0 0 0 0 0 0 0 0 0 0 0 0 0 0 2 2 1 1 1 2 2 1 1 1 1 2 2 2 0 2 2 3 2 2 0 0 2 0 0 2 0 2 2 1 1 1 1 1 0 2 1 1 1 3 0 2 0 2 2 0 0 2 0 2 2 0 0 2 2 3 3 3 1 3 1
0 73 2 0 2 0 2 0 2 0 2 0 2 3 3 3 0 3 0 3 1 3 1 3 3 1 3 0 2 1 1 1 1 1 3 0 2 0 0 2 2 0 2 1 1 1 0 2 1 1 1 1 0 2 0 3 2 2 1 1 1 1 2 2 1 1 2 2 2 0 2 0 0 2 1
0 45 2 0 2 0 2 0 2 0 2 0 2 3 3 3 0 3 0 3 1 3 1 3 3 1 3 0 2 1 1 1 1 1 3 0 2 0 0 2 2 0 2 1 1 1 0
0 11 0 0 0 2 2 1 1 1 1 1 2
0 36 1 1 0 1 0 1 0 1 1 0 1 1 0 1 1 0 1 2 2 2 0 2 0 2 2 2 2 2 1 3 2 2 0 2 1 1
0 35 0 0 0 0 0 0 0 0 0 0 0 0 0 0 0 0 0 0 0 0 0 0 2 2 0 2 1 1 1 0 2 0 3 3 1
0 29 2 0 2 0 2 0 2 0 2 0 2 3 3 3 0 3 0 3 1 3 1 3 3 1 3 0 2 1 1
0 29 2 3 3 0 3 3 3 0 3 0 3 0 3 0 3 0 3 3 3 0 1 3 1 3 3 1 3 3 1
0 48 2 0 2 0 2 0 2 0 2 0 2 3 3 3 0 3 0 3 1 3 1 3 3 1 3 0 2 1 1 1 1 1 3 0 2 0 0 2 2 0 2 1 1 1 0 2 1 1
0 43 3 3 3 3 3 3 3 3 3 3 3 2 1 3 3 3 3 3 3 3 3 3 3 3 3 3 3 0 3 0 0 2 1 1 1 2 2 2 2 2 0 0 2
0 18 0 2 0 2 0 2 0 2 0 2 0 2 0 2 0 2 1 1
0 26 2 2 2 0 2 2 0 2 2 1 1 1 1 2 2 2 2 2 0 3 0 2 0 0 2 1
0 19 0 0 0 2 2 1 1 1 1 1 2 2 0 0 2 1 1 1 1
0 36 3 3 3 3 3 3 3 3 3 3 3 3 3 3 3 3 3 3 3 3 3 3 3 3 3 1 3 1 3 1 3 1 3 3 3 1
0 27 2 0 3 3 0 3 1 3 3 3 1 3 3 3 1 3 1 3 1 3 2 2 0 2 2 1 1
0 28 3 3 3 3 3 3 3 3 3 3 3 3 3 3 3 3 3 3 3 3 3 3 3 3 3 1 3 1
0 9 3 2 1 3 1 3 1 3 1
0 42 3 3 3 3 3 3 3 3 3 3 3 2 1 3 3 3 3 3 3 3 3 3 3 3 3 3 3 0 3 0 0 2 1 1 1 2 2 2 2 2 0 0
0 37 3 3 3 3 3 3 3 3 3 3 3 3 3 3 3 3 3 3 3 3 3 3 2 2 3 1 3 3 1 3 3 3 1 3 3 3 1
0 19 3 3 3 3 3 3 0 0 3 3 3 1 3 1 3 1 3 3 1
0 24 2 0 0 0 2 2 0 0 2 2 2 2 0 0 2 0 3 1 3 1 3 3 3 1
0 32 0 0 0 0 0 0 0 0 0 0 0 0 0 0 0 0 0 0 0 0 0 2 2 1 1 1 0 2 0 2 2 2
0 11 3 0 3 3 0 0 1 3 1 3 1
0 30 2 2 0 3 1 3 1 3 3 2 2 0 3 0 2 0 2 2 0 2 2 0 2 2 0 0 2 1 1 1
0 27 0 1 0 1 1 0 1 1 0 1 0 1 0 0 0 2 2 2 2 2 2 2 1 1 1 0 2
0 53 2 0 2 0 2 0 2 0 2 0 2 3 3 3 0 3 0 3 1 3 1 3 3 1 3 0 2 1 1 1 1 1 3 0 2 0 0 2 2 0 2 1 1 1 0 2 1 1 1 1 0 2 0
0 31 2 2 0 3 1 3 1 3 3 2 2 0 3 0 2 0 2 2 0 2 2 0 2 2 0 0 2 1 1 1 1
0 30 3 0 3 3 0 0 1 3 1 3 1 3 3 1 3 3 0 2 2 2 2 0 2 2 1 0 2 1 1 1
0 8 2 3 3 3 3 1 3 1
0 67 1 1 0 1 1 0 1 1 0 1 0 1 0 1 0 1 0 1 1 0 1 1 0 1 1 0 1 1 0 1 0 1 0 1 1 0 1 1 0 1 1 0 1 0 0 2 2 0 2 2 0 2 2 0 2 0 3 3 3 1 3 0 2 1 1 1 1
0 29 2 2 2 0 2 2 0 2 2 1 1 1 1 2 2 2 2 2 0 3 0 2 0 0 2 1 1 1 0
0 48 2 0 3 3 0 3 1 3 3 3 1 3 3 3 1 3 1 3 1 3 2 2 0 2 2 1 1 1 1 1 0 2 2 2 2 2 0 2 2 3 2 2 0 0 2 1 1 1
0 31 0 0 0 0 0 0 0 0 0 0 0 0 0 0 0 0 0 0 0 0 0 0 2 2 0 2 1 1 1 0 2
0 11 0 2 2 1 1 1 1 2 2 0 2
0 4 1 3 3 1
0 52 1 0 1 0 1 1 0 1 1 0 1 0 1 0 1 1 0 1 1 1 0 1 1 0 1 1 0 1 1 3 3 0 3 0 3 3 3 1 3 3 1 3 3 3 3 1 3 1 3 1 3 1
0 21 2 0 0 0 2 0 2 0 2 0 2 2 2 0 2 2 0 3 0 2 1
0 102 0 1 0 1 1 0 1 1 0 1 0 1 0 1 1 0 1 1 0 1 1 0 1 1 0 1 1 1 0 1 1 0 1 1 0 1 1 0 1 0 1 0 1 1 0 1 1 0 1 1 0 1 1 1 0 1 1 0 1 1 0 1 1 0 1 0 2 0 2 0 2 0 2 0 2 0 0 2 0 2 0 2 0 2 0 2 0 2 2 0 2 0 2 2 0 2 2 0 3 3 3 1
0 51 1 1 0 1 1 0 1 1 1 0 1 1 0 1 1 0 1 0 1 0 1 1 0 1 1 0 1 1 0 1 1 0 1 0 1 0 1 1 0 1 1 0 1 1 0 1 0 3 1 3 1
0 3 2 3 1
0 25 3 0 3 3 0 0 1 3 1 3 1 3 3 1 3 3 0 2 2 2 2 0 2 2 1
0 38 1 1 0 1 0 1 0 1 1 0 1 1 0 1 1 0 1 2 2 2 0 2 0 2 2 2 2 2 1 3 2 2 0 2 1 1 1 1
0 22 0 0 0 0 0 0 0 0 0 0 0 0 0 0 0 0 0 0 0 2 2 1
0 43 2 0 2 0 2 0 2 0 2 0 2 3 3 3 0 3 0 3 1 3 1 3 3 1 3 0 2 1 1 1 1 1 3 0 2 0 0 2 2 0 2 1 1
0 25 0 1 0 1 1 0 1 1 0 1 0 1 0 0 0 2 2 2 2 2 2 2 1 1 1
0 25 0 0 0 0 0 0 0 0 0 0 0 0 0 0 0 0 0 0 0 0 0 2 2 1 1
0 29 0 0 0 0 0 0 0 0 0 0 0 0 0 0 0 0 2 2 1 1 3 2 2 0 3 3 1 3 1
0 20 0 0 0 2 2 1 1 1 1 1 2 2 0 0 2 1 1 1 1 0
0 33 2 3 0 2 0 2 2 0 2 0 0 2 0 0 2 0 3 2 2 2 2 2 0 3 2 2 0 2 2 2 3 3 1
0 29 0 0 0 0 0 0 0 0 0 0 0 0 0 0 0 0 0 0 0 0 0 0 2 2 0 2 1 1 1
0 14 3 3 3 3 3 3 0 0 3 3 3 1 3 1
0 33 3 3 3 3 3 3 3 3 3 3 3 2 1 3 3 3 3 3 3 3 3 3 3 3 3 3 3 0 3 0 0 2 1
0 19 0 0 0 0 0 0 2 2 2 2 0 2 0 2 2 1 1 1 2
0 34 2 2 2 0 2 2 0 2 2 1 1 1 1 2 2 2 2 2 0 3 0 2 0 0 2 1 1 1 0 2 0 0 2 0
0 37 3 3 3 3 3 3 3 3 3 3 3 2 1 3 3 3 3 3 3 3 3 3 3 3 3 3 3 0 3 0 0 2 1 1 1 2 2
0 52 2 0 0 0 2 0 2 0 2 0 2 2 2 0 2 2 0 3 0 2 1 1 1 0 2 1 1 1 1 1 0 2 0 2 2 2 3 3 3 3 1 3 3 3 1 3 0 2 1 1 1 1
0 33 3 3 3 3 3 3 3 3 3 3 3 2 2 1 1 2 2 2 2 0 2 2 0 3 3 1 3 3 1 3 3 3 1
0 19 2 0 2 0 2 0 2 0 2 0 2 3 3 3 0 3 0 3 1
0 56 2 0 0 0 2 0 2 0 2 0 2 2 2 0 2 2 0 3 0 2 1 1 1 0 2 1 1 1 1 1 0 2 0 2 2 2 3 3 3 3 1 3 3 3 1 3 0 2 1 1 1 1 1 2 2 0
0 26 2 0 3 3 3 0 3 0 3 0 2 1 2 2 2 2 2 0 3 2 2 1 1 1 0 2
0 46 3 0 3 3 0 0 1 3 1 3 1 3 3 1 3 3 0 2 2 2 2 0 2 2 1 0 2 1 1 1 1 1 3 0 2 0 0 2 1 1 1 1 1 0 2 0
0 16 0 0 0 0 0 0 2 2 2 2 0 2 0 2 2 1
0 44 3 2 2 0 2 2 2 2 0 0 2 0 2 2 2 3 2 2 2 2 2 1 1 1 1 0 2 0 0 2 0 3 2 2 0 0 2 1 1 1 1 1 3 1
0 29 0 0 0 0 0 0 0 0 0 0 0 0 0 0 0 0 0 0 0 0 0 2 2 1 1 1 0 2 0
0 20 0 0 0 0 0 0 0 0 0 0 0 0 0 0 0 0 2 2 1 1
0 34 0 0 0 0 0 0 0 0 0 0 0 0 0 0 0 0 0 0 0 0 0 2 2 1 1 1 0 2 0 2 2 2 0 2
0 17 0 0 0 2 2 1 1 1 1 1 2 2 0 0 2 1 1
0 38 2 3 3 0 3 3 3 0 3 0 3 0 3 0 3 0 3 3 3 0 1 3 1 3 3 1 3 3 1 3 2 2 0 0 2 1 0 2
0 18 2 0 0 0 2 2 0 0 2 2 2 2 0 0 2 0 3 1
0 36 3 3 3 3 3 3 3 3 3 3 3 2 1 3 3 3 3 3 3 3 3 3 3 3 3 3 3 0 3 0 0 2 1 1 1 2
0 55 0 0 0 0 0 0 0 0 0 0 0 0 0 0 0 0 0 0 0 2 2 1 1 1 2 2 1 1 1 1 2 2 2 0 2 2 3 2 2 0 0 2 0 0 2 0 2 2 1 1 1 1 1 0 2
0 6 2 3 3 3 3 1
0 31 0 3 0 3 3 3 0 2 0 2 0 2 0 2 1 3 3 3 0 2 0 0 2 3 3 1 3 1 3 3 1
0 17 2 0 3 3 3 0 3 0 3 0 2 1 2 2 2 2 2
0 26 2 0 0 3 1 3 2 2 1 1 2 2 0 3 1 3 3 2 2 0 0 2 1 1 1 1
0 78 1 1 0 1 1 0 1 1 0 1 0 1 0 1 0 1 0 1 1 0 1 1 0 1 1 0 1 1 0 1 0 1 0 1 1 0 1 1 0 1 1 0 1 0 0 2 2 0 2 2 0 2 2 0 2 0 3 3 3 1 3 0 2 1 1 1 1 1 2 2 0 3 1 3 0 2 1 0
0 18 2 2 2 1 3 3 3 3 0 1 3 1 3 1 3 1 3 1
0 41 1 1 0 1 0 1 0 1 1 0 1 1 0 1 1 0 1 1 0 1 0 1 0 1 1 0 1 3 0 2 2 0 2 2 0 0 2 0 3 3 1
0 41 2 0 0 0 2 0 2 0 2 0 2 2 2 0 2 2 0 3 0 2 1 1 1 0 2 1 1 1 1 1 0 2 0 2 2 2 3 3 3 3 1
0 34 3 3 3 3 3 3 3 3 3 3 3 2 1 3 3 3 3 3 3 3 3 3 3 3 3 3 3 0 3 0 0 2 1 1
0 27 2 0 3 3 3 0 3 0 3 0 2 1 2 2 2 2 2 0 3 2 2 1 1 1 0 2 1
0 28 2 0 0 0 2 0 2 0 2 0 2 2 2 0 2 2 0 3 0 2 1 1 1 0 2 1 1 1
0 11 2 0 3 3 0 3 1 3 3 3 1
0 26 0 3 0 3 3 3 0 2 0 2 0 2 0 2 1 3 3 3 0 2 0 0 2 3 3 1
0 41 3 3 3 3 3 3 3 3 3 3 3 2 1 3 3 3 3 3 3 3 3 3 3 3 3 3 3 0 3 0 0 2 1 1 1 2 2 2 2 2 0
0 26 3 0 3 3 0 0 1 3 1 3 1 3 3 1 3 3 0 2 2 2 2 0 2 2 1 0
0 70 1 1 0 1 1 0 1 1 0 1 0 1 0 1 0 1 0 1 1 0 1 1 0 1 1 0 1 1 0 1 0 1 0 1 1 0 1 1 0 1 1 0 1 0 0 2 2 0 2 2 0 2 2 0 2 0 3 3 3 1 3 0 2 1 1 1 1 1 2 2
0 72 1 0 1 0 1 1 0 1 1 0 1 0 1 0 1 1 0 1 1 1 0 1 1 0 1 1 0 1 1 3 3 0 3 0 3 3 3 1 3 3 1 3 3 3 3 1 3 1 3 1 3 1 3 1 3 0 2 1 1 1 1 1 0 2 0 0 2 1 1 1 1 1
0 10 0 2 2 1 1 1 1 2 2 0
0 24 3 3 3 3 3 3 3 3 3 3 3 3 3 3 3 2 2 2 0 3 0 3 0 1
0 54 2 0 0 0 2 0 2 0 2 0 2 2 2 0 2 2 0 3 0 2 1 1 1 0 2 1 1 1 1 1 0 2 0 2 2 2 3 3 3 3 1 3 3 3 1 3 0 2 1 1 1 1 1 2
0 43 3 0 3 3 0 0 1 3 1 3 1 3 3 1 3 3 0 2 2 2 2 0 2 2 1 0 2 1 1 1 1 1 3 0 2 0 0 2 1 1 1 1 1
0 60 1 0 1 0 1 1 0 1 1 0 1 0 1 0 1 1 0 1 1 1 0 1 1 0 1 1 0 1 1 3 3 0 3 0 3 3 3 1 3 3 1 3 3 3 3 1 3 1 3 1 3 1 3 1 3 0 2 1 1 1
0 5 2 0 2 3 1
0 23 0 0 0 0 0 0 0 0 0 0 0 0 0 0 0 0 0 0 0 2 2 1 1
0 29 2 0 3 3 0 3 1 3 3 3 1 3 3 3 1 3 1 3 1 3 2 2 0 2 2 1 1 1 1
0 25 0 0 0 0 0 0 0 0 0 0 0 0 0 0 0 0 2 2 0 2 2 0 2 2 1
0 36 2 3 3 0 3 3 3 0 3 0 3 0 3 0 3 0 3 3 3 0 1 3 1 3 3 1 3 3 1 3 2 2 0 0 2 1
0 51 2 0 2 0 2 0 2 0 2 0 2 3 3 3 0 3 0 3 1 3 1 3 3 1 3 0 2 1 1 1 1 1 3 0 2 0 0 2 2 0 2 1 1 1 0 2 1 1 1 1 0
0 8 0 2 1 0 2 0 0 2
0 21 2 3 3 0 3 3 3 0 3 0 3 0 3 0 3 0 3 3 3 0 1
0 30 2 0 3 3 0 3 1 3 3 3 1 3 3 3 1 3 1 3 1 3 2 2 0 2 2 1 1 1 1 1
0 30 2 2 2 0 2 2 0 2 2 1 1 1 1 2 2 2 2 2 0 3 0 2 0 0 2 1 1 1 0 2
0 33 2 2 2 0 2 2 0 2 2 1 1 1 1 2 2 2 2 2 0 3 0 2 0 0 2 1 1 1 0 2 0 0 2
0 40 3 0 3 3 0 0 1 3 1 3 1 3 3 1 3 3 0 2 2 2 2 0 2 2 1 0 2 1 1 1 1 1 3 0 2 0 0 2 1 1
0 72 2 0 2 0 2 0 2 0 2 0 2 3 3 3 0 3 0 3 1 3 1 3 3 1 3 0 2 1 1 1 1 1 3 0 2 0 0 2 2 0 2 1 1 1 0 2 1 1 1 1 0 2 0 3 2 2 1 1 1 1 2 2 1 1 2 2 2 0 2 0 0 2
0 9 0 0 0 2 2 1 1 1 1
0 38 0 0 0 0 0 0 0 0 0 0 0 0 0 0 0 0 0 0 0 0 0 0 2 1 3 3 2 2 1 1 3 0 2 2 2 2 1 1
0 15 0 3 0 3 3 3 0 2 0 2 0 2 0 2 1
0 62 1 0 1 0 1 1 0 1 1 0 1 0 1 0 1 1 0 1 1 1 0 1 1 0 1 1 0 1 1 3 3 0 3 0 3 3 3 1 3 3 1 3 3 3 3 1 3 1 3 1 3 1 3 1 3 0 2 1 1 1 1 1
0 33 0 0 0 0 0 0 0 0 0 0 0 0 0 0 0 0 0 0 0 2 2 1 1 1 2 2 1 1 1 1 2 2 2
0 26 0 1 0 1 1 0 1 1 0 1 0 1 0 0 0 2 2 2 2 2 2 2 1 1 1 0
0 22 2 0 3 3 3 0 3 0 3 0 2 1 2 2 2 2 2 0 3 2 2 1
0 21 2 0 2 0 2 0 2 0 2 0 2 3 3 3 0 3 0 3 1 3 1
0 49 2 0 0 0 2 0 2 0 2 0 2 2 2 0 2 2 0 3 0 2 1 1 1 0 2 1 1 1 1 1 0 2 0 2 2 2 3 3 3 3 1 3 3 3 1 3 0 2 1
0 32 2 0 0 0 2 0 2 0 2 0 2 2 2 0 2 2 0 3 0 2 1 1 1 0 2 1 1 1 1 1 0 2
0 31 2 0 0 0 2 0 2 0 2 0 2 2 2 0 2 2 0 3 0 2 1 1 1 0 2 1 1 1 1 1 0
0 27 0 0 0 0 0 0 0 0 0 0 0 0 0 0 0 0 0 0 0 0 0 0 2 2 0 2 1
0 23 0 2 0 2 0 2 0 2 0 2 0 2 0 2 0 2 1 1 1 1 1 3 1
0 15 2 0 3 3 0 3 1 3 3 3 1 3 3 3 1
0 23 2 0 0 0 2 0 2 0 2 0 2 2 2 0 2 2 0 3 0 2 1 1 1
0 23 2 0 0 3 1 3 2 2 1 1 2 2 0 3 1 3 3 2 2 0 0 2 1
0 27 2 1 2 2 3 3 3 0 2 2 0 2 2 0 2 0 3 3 1 3 1 3 1 3 1 3 1
0 11 2 0 0 3 1 3 2 2 1 1 2
0 11 2 0 0 1 3 1 3 3 3 3 1
0 27 0 1 0 1 1 0 1 1 0 1 1 0 1 1 0 1 0 0 0 2 0 2 2 1 2 2 0
0 29 2 0 0 0 2 0 2 0 2 0 2 2 2 0 2 2 0 3 0 2 1 1 1 0 2 1 1 1 1
0 28 0 0 0 0 0 0 0 0 0 0 0 0 0 0 0 0 0 0 0 2 2 1 1 1 2 2 1 1
0 68 2 0 2 0 2 0 2 0 2 0 2 3 3 3 0 3 0 3 1 3 1 3 3 1 3 0 2 1 1 1 1 1 3 0 2 0 0 2 2 0 2 1 1 1 0 2 1 1 1 1 0 2 0 3 2 2 1 1 1 1 2 2 1 1 2 2 2 0
0 8 0 2 2 1 1 1 1 2
0 26 0 0 0 0 0 0 0 0 0 0 0 0 0 0 0 0 0 0 0 2 2 1 1 1 2 2
0 67 1 0 1 0 1 1 0 1 1 0 1 0 1 0 1 1 0 1 1 1 0 1 1 0 1 1 0 1 1 3 3 0 3 0 3 3 3 1 3 3 1 3 3 3 3 1 3 1 3 1 3 1 3 1 3 0 2 1 1 1 1 1 0 2 0 0 2
0 60 1 1 0 1 1 0 1 1 0 1 0 1 0 1 0 1 0 1 1 0 1 1 0 1 1 0 1 1 0 1 0 1 0 1 1 0 1 1 0 1 1 0 1 0 0 2 2 0 2 2 0 2 2 0 2 0 3 3 3 1
0 63 2 0 2 0 2 0 2 0 2 0 2 3 3 3 0 3 0 3 1 3 1 3 3 1 3 0 2 1 1 1 1 1 3 0 2 0 0 2 2 0 2 1 1 1 0 2 1 1 1 1 0 2 0 3 2 2 1 1 1 1 2 2 1
0 27 0 0 0 0 0 0 0 0 0 0 0 0 0 0 0 0 2 2 0 2 2 0 2 2 1 1 1
0 8 2 2 2 3 3 1 3 1
0 21 0 0 0 2 2 1 1 1 1 1 2 2 0 0 2 1 1 1 1 0 2
0 34 2 0 0 0 2 0 2 0 2 0 2 2 2 0 2 2 0 3 0 2 1 1 1 0 2 1 1 1 1 1 0 2 0 2
0 29 1 1 0 1 0 1 0 1 1 0 1 1 0 1 1 0 1 2 2 2 0 2 0 2 2 2 2 2 1
0 7 2 2 0 3 1 3 1
0 50 2 0 3 3 0 3 1 3 3 3 1 3 3 3 1 3 1 3 1 3 2 2 0 2 2 1 1 1 1 1 0 2 2 2 2 2 0 2 2 3 2 2 0 0 2 1 1 1 1 1
0 21 2 2 2 1 3 3 3 3 3 3 3 3 3 3 3 2 2 0 1 3 1
0 42 3 0 3 3 0 0 1 3 1 3 1 3 3 1 3 3 0 2 2 2 2 0 2 2 1 0 2 1 1 1 1 1 3 0 2 0 0 2 1 1 1 1
0 30 3 3 3 3 3 3 3 3 3 3 3 3 3 3 3 3 3 3 3 3 3 3 3 3 3 1 3 1 3 1
0 20 2 0 0 0 2 2 0 0 2 2 2 2 0 0 2 0 3 1 3 1
0 30 0 0 0 0 0 0 0 0 0 0 0 0 0 0 0 0 0 0 0 0 0 0 2 2 0 2 1 1 1 0
0 29 2 0 0 3 1 3 2 2 1 1 2 2 0 3 1 3 3 2 2 0 0 2 1 1 1 1 1 0 2
0 28 2 2 2 0 2 2 0 2 2 1 1 1 1 2 2 2 2 2 0 3 0 2 0 0 2 1 1 1
0 27 0 0 0 0 0 0 0 0 0 0 0 0 0 0 0 0 0 0 0 0 0 2 2 1 1 1 0
0 7 2 0 3 3 0 3 1
0 39 3 0 3 3 0 0 1 3 1 3 1 3 3 1 3 3 0 2 2 2 2 0 2 2 1 0 2 1 1 1 1 1 3 0 2 0 0 2 1
0 26 3 3 3 3 3 3 3 3 3 3 3 2 2 1 1 2 2 2 2 0 2 2 0 3 3 1
0 11 2 3 1 3 1 3 1 3 0 2 1
0 39 0 0 0 0 0 0 0 0 0 0 0 0 0 0 0 0 0 0 0 0 0 0 2 1 3 3 2 2 1 1 3 0 2 2 2 2 1 1 1
0 25 2 1 2 2 3 3 3 0 2 2 0 2 2 0 2 0 3 3 1 3 1 3 1 3 1
0 13 3 3 0 3 1 3 3 1 3 3 2 2 1
0 35 3 3 3 3 3 3 3 3 3 3 3 2 1 3 3 3 3 3 3 3 3 3 3 3 3 3 3 0 3 0 0 2 1 1 1
0 17 0 3 3 0 3 0 2 2 0 3 1 3 3 3 1 3 1
0 33 2 0 0 0 2 0 2 0 2 0 2 2 2 0 2 2 0 3 0 2 1 1 1 0 2 1 1 1 1 1 0 2 0
0 13 0 2 2 1 1 1 1 2 2 0 2 2 2
0 33 0 1 0 1 1 0 1 1 0 1 1 0 1 1 0 1 0 0 0 2 0 2 2 1 2 2 0 3 1 3 3 3 1
0 12 0 2 2 1 1 1 1 2 2 0 2 2
0 63 1 0 1 0 1 1 0 1 1 0 1 0 1 0 1 1 0 1 1 1 0 1 1 0 1 1 0 1 1 3 3 0 3 0 3 3 3 1 3 3 1 3 3 3 3 1 3 1 3 1 3 1 3 1 3 0 2 1 1 1 1 1 0
0 35 0 0 0 0 0 0 0 0 0 0 0 0 0 0 0 0 0 0 0 0 0 2 2 1 1 1 0 2 0 2 2 2 0 2 0
0 6 0 2 1 0 2 0
0 17 2 3 3 3 3 1 3 1 3 1 3 3 1 3 1 3 1
0 55 2 0 0 0 2 0 2 0 2 0 2 2 2 0 2 2 0 3 0 2 1 1 1 0 2 1 1 1 1 1 0 2 0 2 2 2 3 3 3 3 1 3 3 3 1 3 0 2 1 1 1 1 1 2 2
0 10 0 0 0 2 2 1 1 1 1 1
0 25 0 1 0 1 1 0 1 1 0 1 1 0 1 1 0 1 0 0 0 2 0 2 2 1 2
0 35 2 0 0 0 2 0 2 0 2 0 2 2 2 0 2 2 0 3 0 2 1 1 1 0 2 1 1 1 1 1 0 2 0 2 2
0 31 0 0 0 0 0 0 0 0 0 0 0 0 0 0 0 0 0 0 0 2 2 1 1 1 2 2 1 1 1 1 2
