180 4
1 0 
1 96 0 1 2 3 0 1 2 0 1 0 2 2 2 0 1 2 3 0 1 2 2 2 3 2 0 1 0 1 0 0 1 2 2 2 2 0 1 3 2 0 1 2 3 2 2 3 0 1 2 0 1 2 2 2 0 2 3 3 2 2 2 2 1 1 0 1 1 1 2 2 1 1 2 0 0 2 1 2 2 0 1 2 2 2 3 3 0 1 3 2 2 0 1 0 1 2
1 88 2 2 0 2 3 3 0 3 2 3 2 0 1 2 2 2 0 1 2 3 3 2 3 0 1 2 1 2 2 0 1 2 2 2 2 0 1 0 1 2 1 2 2 2 0 1 0 1 2 3 0 1 2 3 2 2 0 1 2 2 2 2 0 1 2 2 2 1 0 1 2 3 2 1 1 1 1 2 1 1 1 0 1 1 1 1 1 1
1 4 1 2 3 3
1 42 2 2 2 2 3 3 2 3 3 3 3 2 1 2 2 2 2 3 0 1 1 1 1 1 1 0 1 1 1 1 1 2 2 2 2 2 3 3 2 2 3 3
1 105 2 0 2 3 3 0 2 2 0 1 0 1 2 2 2 2 0 1 3 2 2 2 0 1 3 0 3 2 0 1 2 2 2 2 0 1 2 0 0 1 2 3 2 0 1 2 2 0 1 2 2 2 0 1 3 0 2 2 2 1 2 2 0 1 2 2 3 0 1 2 3 2 0 1 2 0 1 3 2 2 2 0 1 0 1 2 2 0 1 2 2 2 0 1 2 2 2 2 0 1 2 1 2 3 3
1 17 1 2 3 3 2 2 0 2 3 3 2 2 2 2 2 3 3
1 311 2 2 0 1 2 3 2 2 0 1 0 0 0 0 2 1 2 2 3 2 3 2 0 1 2 2 2 2 0 1 2 2 0 1 2 2 2 2 0 1 2 0 2 2 0 1 2 2 0 1 3 2 0 1 2 0 1 0 3 3 2 2 2 0 1 2 2 2 2 0 1 0 1 3 3 2 3 2 0 1 2 3 0 1 1 2 2 2 0 1 2 2 2 1 2 0 0 1 2 0 1 2 1 2 0 1 2 2 2 0 1 2 2 2 2 2 0 1 3 0 1 0 1 2 2 1 0 1 1 1 1 2 1 1 1 2 2 2 2 1 2 0 0 2 1 2 2 2 2 0 1 3 2 2 3 0 1 0 1 2 2 2 3 3 2 0 1 2 2 2 0 1 0 2 2 0 1 2 2 2 3 0 1 0 3 2 0 1 2 0 1 2 2 3 2 2 0 1 3 0 1 1 2 2 2 3 3 3 0 1 0 1 2 3 0 1 0 1 2 2 2 1 0 2 2 2 2 1 2 0 0 0 2 2 1 2 2 2 3 0 1 2 2 2 2 3 0 1 0 0 1 2 2 2 2 3 0 1 2 0 1 0 1 2 2 0 1 3 3 2 3 2 0 1 0 3 2 0 1 2 3 2 2 2 0 1 2 2 0 1 0 1 3 2 3 2 0 1 2 2 2 2 1 2 2 0 0 0 1 2 0
1 10 1 2 3 3 2 2 2 2 3 3
1 148 2 2 2 2 3 3 0 0 2 0 2 2 1 2 1 2 2 2 0 1 2 3 2 0 1 2 3 2 2 2 0 1 2 0 1 2 2 2 2 3 0 1 3 2 2 3 0 1 2 2 2 2 0 1 2 2 2 0 1 0 1 0 0 1 2 3 2 0 1 2 3 3 1 2 0 1 0 3 0 1 2 3 2 2 2 3 0 1 3 2 2 3 2 0 1 2 2 2 2 0 1 2 2 0 1 0 0 1 2 2 2 3 2 2 0 1 2 0 2 2 1 2 2 0 1 3 2 2 0 1 3 2 2 2 0 1 2 2 2 2 3 0 1 0 1 0 1 2
1 95 0 0 2 2 2 2 2 0 1 0 1 2 2 3 0 1 2 2 2 2 2 2 3 2 3 0 0 0 0 1 2 2 2 0 1 0 0 2 0 0 1 2 2 3 0 1 0 1 3 2 2 2 2 0 1 3 2 2 3 0 1 3 3 3 2 2 0 1 0 0 0 0 0 1 2 0 1 0 1 3 2 3 0 1 2 2 2 2 3 2 2 2 2 2 3
1 108 0 2 3 3 0 1 0 1 1 2 2 2 0 1 3 0 0 1 2 3 2 2 0 1 2 0 1 3 0 3 3 3 2 0 1 0 1 3 2 0 1 2 3 2 0 1 1 2 2 2 0 1 2 0 1 2 2 2 2 2 0 1 0 2 2 2 2 0 1 2 0 1 0 1 0 2 2 0 2 1 2 3 2 2 2 2 0 1 0 1 2 3 2 2 2 0 1 3 2 2 2 0 1 0 2 2 0 1
1 1 2
1 601 1 2 3 3 2 3 0 1 2 0 1 2 3 2 0 1 0 1 2 3 3 2 0 1 2 0 1 3 0 2 2 3 3 2 0 1 2 2 2 2 0 1 2 3 0 1 2 2 2 0 1 2 3 0 1 0 2 2 2 0 1 2 0 2 3 3 2 2 0 1 3 0 1 2 3 3 0 1 3 2 1 1 2 1 1 1 0 1 1 2 1 2 2 0 0 2 1 2 3 3 2 2 0 1 0 2 2 0 1 2 2 0 1 3 0 1 0 0 0 2 1 2 3 3 2 2 0 1 3 0 1 3 2 0 1 3 2 2 0 1 2 0 0 0 0 1 2 2 2 2 2 0 1 2 2 0 1 3 2 3 0 1 2 2 0 1 3 2 3 2 2 0 1 0 0 2 1 2 2 2 0 1 1 2 2 2 2 2 2 0 1 2 2 2 0 1 1 2 2 2 0 1 2 0 1 2 2 2 2 0 1 2 2 0 1 2 3 2 2 2 0 1 3 2 0 1 2 3 3 3 2 0 1 2 3 3 2 0 1 2 2 0 1 2 3 2 2 2 0 1 0 2 2 2 0 1 3 2 0 1 2 2 2 0 1 2 2 2 0 1 2 2 3 3 2 0 1 2 2 0 1 2 2 2 3 0 1 0 2 3 0 1 0 2 2 0 1 2 2 0 1 2 0 1 3 2 0 1 2 0 1 2 0 1 2 0 1 2 3 3 0 1 2 2 2 2 0 1 2 3 2 0 1 2 2 2 0 1 0 3 3 2 2 0 1 0 0 2 0 0 1 2 3 2 0 1 2 2 0 1 2 2 0 1 2 2 0 1 2 2 1 2 2 3 0 1 2 2 3 0 1 3 2 2 2 0 1 3 2 0 1 0 0 1 0 1 2 3 0 1 2 2 3 2 0 1 2 0 1 2 2 2 1 2 2 2 0 1 2 2 0 1 0 1 0 1 0 1 2 2 2 2 2 2 2 2 1 2 3 0 0 1 2 2 2 2 2 3 0 1 2 3 0 1 0 3 3 2 2 0 1 2 2 2 2 0 1 2 0 1 2 2 1 2 0 1 2 2 3 0 1 3 2 0 1 0 1 0 3 3 2 0 1 3 2 3 0 1 2 2 0 1 0 1 2 0 1 2 0 1 2 3 0 1 0 1 0 1 2 2 2 2 2 0 1 0 2 2 2 2 0 0 1 2 2 0 1 0 2 0 1 2 0 1 0 1 2 2 2 2 0 1 3 2 0 1 2 0 1 3 0 1 0 1 2 2 0 1 0 1 3 2 0 1 3 0 1 2 2 2 3 2 0 1 0 1 3 2 0 1 0 2 1 2 2 2 2 2 2 0 1
1 69 1 2 3 3 2 0 2 2 2 0 1 2 2 1 2 2 2 0 1 2 2 3 2 2 0 1 2 3 0 1 0 3 2 2 0 1 0 2 3 2 0 1 3 2 3 0 1 2 2 2 2 2 2 1 2 2 2 0 1 1 1 3 3 2 1 3 2 3 3
1 59 0 2 3 1 0 2 3 3 0 0 3 2 2 3 3 0 1 0 1 3 3 0 1 3 0 1 3 2 2 0 1 3 2 2 0 1 3 0 1 0 1 2 3 3 2 2 0 1 2 1 2 2 3 2 2 3 0 1 3
1 105 3 3 3 2 2 0 1 0 3 2 2 0 1 2 0 1 1 1 1 1 1 2 2 2 2 2 3 2 2 1 1 1 1 1 0 1 2 2 2 1 2 2 0 1 2 3 3 2 0 1 0 1 0 1 0 0 1 2 2 3 2 2 0 1 3 2 3 0 1 2 2 3 2 2 0 1 0 1 2 2 2 2 2 2 2 2 3 2 1 1 1 1 1 1 2 2 2 0 2 3 3 1 2 3 3
1 37 2 0 2 0 1 2 2 2 2 3 2 0 1 2 2 1 2 2 2 0 2 1 2 2 3 0 1 0 2 2 2 0 1 0 0 1 3
1 275 3 3 2 3 3 3 2 2 0 1 3 3 2 2 0 1 3 3 0 1 3 2 2 0 1 2 2 2 3 0 1 0 1 2 0 1 2 0 1 2 2 2 0 1 0 1 2 3 2 3 2 0 1 2 2 2 1 1 2 2 2 2 2 2 3 0 1 1 1 2 0 3 0 1 2 0 1 3 2 2 2 0 1 0 0 1 3 2 0 1 2 2 2 2 2 0 1 3 2 2 2 2 0 1 0 2 1 2 0 1 2 2 2 2 0 1 2 0 1 2 0 2 2 2 3 2 0 1 2 0 1 2 2 3 0 1 2 3 0 1 3 0 1 3 0 1 2 2 2 0 1 2 2 2 0 1 3 2 3 2 0 1 2 2 2 0 1 0 0 2 0 1 2 2 2 0 1 1 2 2 2 2 2 3 0 1 2 2 2 0 1 3 0 1 0 1 0 0 2 1 2 0 0 2 0 2 1 2 2 3 2 0 1 2 2 2 2 2 0 1 2 2 2 2 2 0 1 3 2 3 2 3 0 1 2 2 2 2 0 1 0 2 3 3 3 2 0 1 2 2 0 1 2 3 3 3 0 1 2 2 2 2 2 0 1 2 1 2 0 1 2 2 2 0 1
1 8 1 3 1 3 2 2 3 3
1 24 0 2 0 2 0 0 2 0 2 3 3 0 1 2 2 1 1 2 2 1 1 1 1 1
1 92 2 2 2 2 2 3 3 1 2 3 3 2 2 3 2 2 2 2 2 2 2 1 2 2 2 2 2 2 2 1 0 1 1 1 1 1 1 0 0 1 2 2 0 1 0 1 2 2 2 0 1 2 2 2 2 0 1 2 3 0 1 2 2 2 3 2 0 1 2 2 2 0 1 2 2 2 3 0 1 2 3 2 3 0 1 3 3 1 3 2 3 3
1 31 0 0 1 2 2 2 2 0 1 0 2 1 2 3 0 1 2 2 0 1 2 2 2 2 3 3 2 2 2 3 3
1 63 2 2 0 1 1 1 1 1 1 2 0 1 2 0 1 3 3 2 0 1 3 2 3 2 0 1 0 1 2 2 1 2 1 2 2 0 1 2 2 2 0 1 2 2 0 1 2 0 1 2 2 3 3 1 2 3 3 2 2 2 2 3 3
1 221 2 2 2 3 3 0 1 2 2 3 2 3 2 0 1 0 1 2 2 2 2 0 1 0 2 3 0 1 0 1 2 2 0 1 2 0 1 0 1 2 2 3 2 0 1 2 3 0 1 3 2 3 0 1 2 2 2 3 0 1 0 1 3 2 3 0 1 0 1 3 2 2 2 2 0 1 3 2 0 1 2 0 2 2 2 1 2 2 3 3 0 1 3 2 0 1 0 1 2 2 0 1 2 2 0 1 0 2 2 0 1 2 3 3 2 0 1 2 2 3 2 2 0 1 0 0 1 2 0 1 3 2 3 2 3 0 1 2 0 1 0 2 0 2 0 1 2 2 2 3 0 1 3 2 0 1 2 2 3 0 1 2 2 3 0 1 1 2 0 2 0 0 3 2 3 3 2 0 1 0 1 2 3 0 1 2 2 0 2 0 1 2 2 2 3 0 1 2 2 2 2 0 1 0 1 2 2 2 3 2 0 1 3 2 2 0 1 1 2 3 3
1 347 0 2 0 2 1 2 2 0 1 2 3 2 0 1 3 3 0 1 2 2 0 1 0 0 0 2 0 1 2 2 0 1 2 2 2 2 0 1 2 3 0 1 0 1 2 2 0 0 1 2 2 0 1 2 3 2 2 2 0 1 1 2 2 2 0 1 2 2 0 1 3 0 1 0 1 0 0 0 0 1 2 2 2 2 2 0 1 2 3 3 0 1 0 2 2 2 2 2 0 1 2 2 2 0 1 2 2 2 3 0 1 0 3 0 0 0 2 2 1 2 3 3 3 2 0 1 1 2 0 1 2 2 1 2 3 2 3 2 0 1 2 3 2 2 0 1 3 3 2 2 0 1 0 2 3 2 0 1 2 2 2 0 1 3 2 2 2 2 0 1 2 2 3 2 0 1 0 2 2 0 1 2 3 0 1 0 0 1 2 2 2 2 2 0 1 2 3 0 1 2 3 2 2 0 1 3 2 2 0 1 1 2 2 2 0 1 2 2 2 0 1 3 2 2 2 2 2 0 1 2 2 0 1 2 0 1 2 3 2 2 2 0 1 1 2 2 3 0 1 0 3 2 0 1 3 0 1 2 3 2 2 0 1 2 2 0 0 1 2 2 0 1 3 2 2 3 0 1 0 2 0 1 2 2 2 3 0 1 2 2 2 2 0 1 2 2 2 2 3 0 1 0 2 2 2 0 1 3 2 3 2 3 0 1 2 2 3 2 2 0 1 0 1 2 0 1 1 1 1 1 1 2 2 2 2 2 3 2 2 1 0 1 1 1 1 1 2
1 12 1 2 3 3 1 3 3 3 3 2 3 3
1 168 3 2 3 3 0 1 0 1 0 1 3 2 0 1 0 0 0 1 2 2 2 2 2 0 1 0 0 1 0 1 0 0 2 2 2 1 2 2 2 2 2 3 0 1 2 2 1 2 3 2 0 1 0 1 3 3 2 3 0 1 3 0 1 0 0 0 2 2 1 2 2 2 3 3 2 0 1 2 0 1 2 3 2 0 1 1 2 2 2 0 1 2 0 1 3 2 0 1 2 2 2 2 0 1 2 3 0 1 3 2 2 2 1 2 1 2 2 2 2 2 0 1 2 2 2 2 0 1 0 1 2 3 2 2 0 1 2 2 1 2 2 2 1 1 2 0 1 2 2 3 2 0 1 3 2 2 0 1 2 2 2 2 2 0 1 2 3 3
1 120 0 2 0 0 2 1 2 0 1 3 2 2 2 3 0 1 2 2 2 2 2 0 1 0 1 3 0 1 0 2 0 1 2 2 2 2 0 1 2 3 3 2 2 0 1 3 2 3 2 0 1 2 0 1 0 1 2 2 2 0 0 1 2 3 2 3 2 3 0 1 2 2 0 1 3 2 0 1 2 2 3 0 1 3 2 2 2 2 2 0 1 2 0 1 0 1 0 1 0 2 1 2 0 1 2 3 0 1 2 2 2 2 2 0 1 2 0 1 0 1
1 14 1 2 3 3 3 2 0 2 3 1 0 2 3 3
1 178 2 2 1 2 2 2 0 1 3 2 3 2 2 0 1 2 0 1 0 0 1 2 2 0 1 2 2 2 2 0 1 0 1 0 0 1 2 3 0 1 2 0 1 2 2 0 1 0 0 0 1 2 0 1 2 3 2 2 2 0 1 0 1 0 2 0 1 0 0 0 2 1 2 3 2 2 2 0 1 3 3 2 2 3 0 1 0 0 1 2 2 2 0 1 3 2 3 2 0 1 2 3 2 3 2 0 1 2 3 0 1 0 0 1 2 2 2 0 1 2 0 1 3 0 1 0 2 2 2 2 2 2 2 1 2 0 0 0 1 2 0 3 2 0 1 3 2 3 0 1 3 2 2 2 2 3 0 1 2 2 3 2 2 0 1 0 2 3 2 2 0 1 3 3 2 2 0 1
1 92 0 2 0 0 2 0 2 0 0 2 0 2 3 3 3 3 3 3 2 0 1 2 0 2 0 1 2 0 2 3 2 3 2 0 1 2 2 0 1 0 2 0 1 0 1 2 2 2 2 2 0 1 2 2 2 3 2 0 1 0 1 3 2 0 1 0 3 3 2 0 1 3 2 2 2 0 1 2 0 1 0 1 1 2 3 3 2 2 0 2 3 3
1 50 2 2 1 2 2 0 2 0 2 1 2 2 3 3 0 1 2 2 0 1 2 2 0 1 0 1 0 1 3 1 2 3 2 2 0 1 2 2 3 2 0 1 2 2 3 3 1 2 3 3
1 30 2 2 0 2 3 3 3 2 3 3 0 3 2 2 2 2 0 1 2 2 0 1 2 2 2 2 2 2 1 2
1 23 1 2 3 3 1 2 3 3 0 1 1 1 1 0 1 1 1 1 1 2 2 3 3
1 29 2 2 2 2 2 2 3 2 3 0 0 0 3 2 0 0 2 0 2 3 3 1 2 3 3 1 2 3 3
1 13 3 1 3 2 3 3 1 2 3 3 2 3 3
1 158 1 2 2 3 2 2 3 0 1 0 1 2 2 0 1 2 0 1 0 1 0 3 0 1 2 0 1 2 2 0 1 2 0 1 2 2 0 1 0 0 2 3 2 3 0 1 2 2 0 1 0 1 0 1 2 0 1 2 3 2 0 1 2 2 2 2 2 0 1 2 2 2 2 1 2 2 2 2 2 0 1 0 1 2 2 2 3 0 1 2 0 2 0 1 2 2 0 1 3 2 2 3 3 0 1 2 2 0 1 2 2 2 3 0 1 0 2 3 2 0 1 2 3 0 1 2 3 2 2 0 1 0 1 2 3 0 1 0 0 1 2 0 1 2 2 2 2 2 0 1 3 3 3 3 0 1 0 1
1 155 1 2 3 3 1 2 3 3 0 2 0 1 3 0 1 2 3 0 1 1 2 3 2 2 2 3 0 1 2 0 1 0 0 1 2 2 3 3 0 1 1 2 2 2 2 2 0 1 2 0 1 3 2 2 2 0 1 3 0 1 0 2 1 2 2 2 2 0 1 3 2 3 0 1 2 0 0 0 0 2 1 2 3 2 0 1 2 2 2 2 0 1 0 2 2 3 2 3 0 1 2 0 1 0 1 2 2 3 2 0 1 2 2 0 1 0 2 2 0 1 3 2 2 2 2 0 1 0 1 0 1 0 3 3 3 0 1 2 2 3 0 1 3 2 3 2 2 0 1 2 0 1 3 0 1
1 77 3 2 2 2 2 2 0 1 2 0 1 3 3 0 1 2 2 2 0 1 3 3 2 3 3 1 3 3 2 3 3 3 3 1 3 3 3 2 3 3 2 3 3 1 2 3 3 2 0 1 2 0 2 2 1 2 2 3 0 1 3 0 1 2 2 2 2 0 1 2 2 2 0 1 0 1 3
1 115 3 3 3 3 3 2 3 3 2 2 2 2 2 3 3 1 2 2 3 2 0 1 2 3 2 2 0 1 2 2 2 2 2 0 1 0 1 2 3 2 2 0 1 2 0 1 2 3 2 2 0 1 0 2 2 1 2 0 2 2 2 2 2 0 1 0 1 0 1 2 0 1 2 2 0 2 0 1 3 2 3 2 3 0 1 0 2 2 0 1 2 2 2 0 1 2 2 3 2 0 1 0 0 1 2 3 3 2 2 0 1 3 2 0 1
0 42 3 2 3 3 3 0 1 3 0 1 2 2 2 2 2 0 1 2 2 2 0 1 2 0 1 2 0 2 2 0 1 2 2 3 2 2 0 1 0 1 3 1
0 12 3 3 3 1 3 1 3 2 3 3 1 3
0 143 2 0 0 2 1 2 3 2 3 3 2 0 1 0 1 0 0 1 2 2 3 3 2 0 1 0 1 3 0 1 2 0 2 2 2 1 2 2 2 3 0 1 2 2 2 3 0 1 2 0 1 2 0 1 2 0 1 0 1 2 0 2 0 1 3 2 2 3 2 0 1 2 2 3 2 0 1 3 3 0 1 3 3 3 3 2 0 1 0 1 2 2 2 2 2 0 1 2 2 0 1 2 2 3 0 1 0 0 1 2 2 3 2 0 1 2 3 0 1 2 2 2 0 1 3 2 2 3 0 1 2 0 1 2 3 3 2 2 2 2 3 3 1
0 3 3 1 0
0 10 2 3 3 2 2 3 2 3 1 3
0 10 1 2 3 3 3 3 3 1 3 2
0 14 3 3 3 1 3 1 3 2 3 3 1 3 2 3
0 5 1 3 3 2 3
0 10 1 3 2 1 3 1 3 2 2 3
0 20 2 2 2 2 3 3 0 2 0 1 2 3 2 1 1 1 1 1 3 1
0 12 0 2 0 2 0 0 2 0 0 3 1 0
0 2 1 3
0 35 2 2 2 2 3 3 0 2 0 1 2 3 2 1 1 1 1 1 3 1 2 3 3 1 2 3 3 3 3 1 3 3 3 3 2
0 24 2 2 2 2 3 3 0 2 0 1 2 3 2 1 1 1 1 1 3 1 2 3 3 1
0 5 1 2 3 3 1
0 6 1 3 3 3 2 2
0 14 0 2 0 2 0 0 2 0 0 3 1 0 2 3
0 8 3 3 3 1 3 1 3 2
0 202 0 2 0 2 2 1 2 2 0 1 2 2 3 2 0 1 2 2 2 3 2 0 1 2 0 1 2 3 0 1 2 0 0 1 2 2 3 3 2 3 0 1 0 1 2 0 1 2 3 2 0 1 2 0 1 0 0 0 0 2 1 2 3 2 2 3 2 0 1 2 2 2 3 2 0 1 0 1 2 2 2 2 2 2 1 2 2 2 1 2 1 1 1 1 2 1 1 1 2 2 1 1 2 2 0 2 0 2 1 2 2 3 0 1 2 2 2 2 0 1 2 0 1 2 2 2 2 2 0 1 2 2 0 1 0 3 0 1 0 1 2 2 2 2 0 1 0 1 2 2 2 2 3 0 1 2 0 0 1 2 3 2 0 1 2 3 2 2 0 1 2 2 2 3 2 0 1 0 2 2 2 2 2 0 1 3 0 1 2 3 3 2 2 0 1 0 2 3 1 0 2 3
0 6 1 3 2 1 3 1
0 26 2 0 2 0 0 2 0 2 3 3 2 2 2 2 2 2 3 3 1 3 3 2 3 1 3 2
0 20 2 0 2 0 0 2 0 2 3 3 2 2 2 2 2 2 3 3 1 3
0 1 1
0 25 2 0 2 0 0 2 0 2 3 3 2 2 2 2 2 2 3 3 1 3 3 2 3 1 3
0 215 0 2 0 2 2 1 2 2 0 1 2 2 3 2 0 1 2 2 2 3 2 0 1 2 0 1 2 3 0 1 2 0 0 1 2 2 3 3 2 3 0 1 0 1 2 0 1 2 3 2 0 1 2 0 1 0 0 0 0 2 1 2 3 2 2 3 2 0 1 2 2 2 3 2 0 1 0 1 2 2 2 2 2 2 1 2 2 2 1 2 1 1 1 1 2 1 1 1 2 2 1 1 2 2 0 2 0 2 1 2 2 3 0 1 2 2 2 2 0 1 2 0 1 2 2 2 2 2 0 1 2 2 0 1 0 3 0 1 0 1 2 2 2 2 0 1 0 1 2 2 2 2 3 0 1 2 0 0 1 2 3 2 0 1 2 3 2 2 0 1 2 2 2 3 2 0 1 0 2 2 2 2 2 0 1 3 0 1 2 3 3 2 2 0 1 0 2 3 1 0 2 3 3 0 2 0 2 0 0 0 0 0 0 3 1
0 13 2 2 0 2 3 3 2 2 0 2 3 3 1
0 216 0 2 0 2 2 1 2 2 0 1 2 2 3 2 0 1 2 2 2 3 2 0 1 2 0 1 2 3 0 1 2 0 0 1 2 2 3 3 2 3 0 1 0 1 2 0 1 2 3 2 0 1 2 0 1 0 0 0 0 2 1 2 3 2 2 3 2 0 1 2 2 2 3 2 0 1 0 1 2 2 2 2 2 2 1 2 2 2 1 2 1 1 1 1 2 1 1 1 2 2 1 1 2 2 0 2 0 2 1 2 2 3 0 1 2 2 2 2 0 1 2 0 1 2 2 2 2 2 0 1 2 2 0 1 0 3 0 1 0 1 2 2 2 2 0 1 0 1 2 2 2 2 3 0 1 2 0 0 1 2 3 2 0 1 2 3 2 2 0 1 2 2 2 3 2 0 1 0 2 2 2 2 2 0 1 3 0 1 2 3 3 2 2 0 1 0 2 3 1 0 2 3 3 0 2 0 2 0 0 0 0 0 0 3 1 0
0 3 1 3 2
0 8 1 2 3 3 3 3 3 1
0 42 3 3 0 2 2 2 1 2 2 2 2 2 0 1 2 2 0 1 2 2 0 1 2 2 2 3 3 0 1 2 2 3 0 1 2 2 2 3 3 1 3 2
0 69 1 2 0 1 0 3 3 3 2 0 1 2 0 1 2 2 2 3 2 0 1 0 1 0 3 2 0 1 2 0 1 2 0 1 2 2 2 0 1 2 0 1 1 2 2 2 3 3 0 1 2 2 2 0 1 3 0 1 2 0 2 3 3 1 2 3 3 3 1
0 7 1 3 3 2 3 2 3
0 4 2 3 3 1
0 12 2 3 3 2 2 3 2 3 1 3 2 3
0 100 2 2 2 2 2 2 2 3 0 2 2 0 1 0 1 2 2 2 3 0 1 2 0 1 2 2 0 1 2 0 1 3 0 1 2 2 2 2 3 0 1 2 2 2 2 2 0 1 3 2 2 2 0 1 2 0 1 2 2 0 1 0 0 1 3 3 0 1 0 0 1 2 2 3 2 3 0 1 3 2 2 2 0 1 3 0 1 2 0 1 1 2 0 2 0 0 0 3 1 0
0 2 3 1
0 9 2 3 3 2 2 3 2 3 1
0 200 0 2 0 2 2 1 2 2 0 1 2 2 3 2 0 1 2 2 2 3 2 0 1 2 0 1 2 3 0 1 2 0 0 1 2 2 3 3 2 3 0 1 0 1 2 0 1 2 3 2 0 1 2 0 1 0 0 0 0 2 1 2 3 2 2 3 2 0 1 2 2 2 3 2 0 1 0 1 2 2 2 2 2 2 1 2 2 2 1 2 1 1 1 1 2 1 1 1 2 2 1 1 2 2 0 2 0 2 1 2 2 3 0 1 2 2 2 2 0 1 2 0 1 2 2 2 2 2 0 1 2 2 0 1 0 3 0 1 0 1 2 2 2 2 0 1 0 1 2 2 2 2 3 0 1 2 0 0 1 2 3 2 0 1 2 3 2 2 0 1 2 2 2 3 2 0 1 0 2 2 2 2 2 0 1 3 0 1 2 3 3 2 2 0 1 0 2 3 1 0
0 200 0 2 2 3 0 1 1 2 2 3 3 3 0 1 0 2 2 1 2 2 2 2 0 1 0 0 0 2 0 1 2 3 2 3 0 1 2 2 0 1 3 2 3 2 3 0 1 0 1 0 0 1 3 2 3 3 2 0 1 2 3 3 0 1 2 1 2 2 3 2 2 0 1 2 3 0 1 2 2 0 1 2 2 0 1 2 2 2 0 1 0 3 3 2 0 1 0 1 3 2 2 0 1 3 2 2 3 3 0 1 3 2 2 0 1 2 3 3 2 0 1 2 0 2 2 0 1 2 0 2 0 1 2 0 3 0 1 2 3 2 2 0 1 0 2 0 1 2 0 1 2 3 3 2 2 0 1 3 2 0 1 2 2 3 2 2 0 1 0 2 0 1 0 2 2 2 0 1 0 2 2 2 0 1 2 2 2 0 1 2 2 2 2 0 1 1 2 3 3 1
0 86 0 2 2 2 2 0 1 2 2 0 1 0 1 2 0 1 2 2 3 2 2 0 1 2 0 1 1 1 1 2 2 0 1 2 0 0 1 2 2 3 2 0 1 0 2 2 2 0 1 3 0 1 2 3 3 0 1 0 1 2 3 2 2 2 0 1 0 3 2 2 0 1 0 1 2 2 2 2 0 1 2 3 0 1 3 1
0 7 1 3 2 1 3 1 3
0 5 3 1 0 2 3
0 7 2 2 0 2 3 3 1
0 12 2 3 3 0 0 0 2 0 0 3 1 0
0 12 1 3 3 3 2 2 3 3 2 3 3 1
0 101 2 2 2 2 2 2 2 3 0 2 2 0 1 0 1 2 2 2 3 0 1 2 0 1 2 2 0 1 2 0 1 3 0 1 2 2 2 2 3 0 1 2 2 2 2 2 0 1 3 2 2 2 0 1 2 0 1 2 2 0 1 0 0 1 3 3 0 1 0 0 1 2 2 3 2 3 0 1 3 2 2 2 0 1 3 0 1 2 0 1 1 2 0 2 0 0 0 3 1 0 2
0 43 3 3 0 2 2 2 1 2 2 2 2 2 0 1 2 2 0 1 2 2 0 1 2 2 2 3 3 0 1 2 2 3 0 1 2 2 2 3 3 1 3 2 3
0 187 2 0 0 1 2 2 2 2 0 1 2 0 1 3 0 1 2 2 2 0 1 0 3 3 2 2 2 0 1 0 3 3 0 1 3 3 2 3 2 0 1 3 2 3 2 0 1 0 1 3 0 1 0 1 2 0 1 0 1 3 1 2 3 2 2 2 2 0 1 2 2 0 1 0 1 2 0 1 1 2 0 2 2 2 0 1 2 2 3 2 0 1 0 1 3 0 1 0 1 0 0 1 0 1 2 2 2 0 1 2 0 1 0 0 0 2 2 1 2 2 0 1 3 0 1 3 2 0 1 3 2 2 2 2 0 1 1 2 2 0 1 2 2 3 3 3 0 1 2 2 2 0 1 2 2 2 0 1 2 2 0 1 0 2 3 0 1 3 2 3 0 1 2 2 0 1 3 3 2 1 3 1 3 3 3 2 3
0 9 1 3 2 1 3 1 3 2 2
0 16 0 2 0 2 0 0 2 0 0 3 1 0 2 3 3 1
0 11 3 3 3 1 3 1 3 2 3 3 1
0 201 0 2 0 2 2 1 2 2 0 1 2 2 3 2 0 1 2 2 2 3 2 0 1 2 0 1 2 3 0 1 2 0 0 1 2 2 3 3 2 3 0 1 0 1 2 0 1 2 3 2 0 1 2 0 1 0 0 0 0 2 1 2 3 2 2 3 2 0 1 2 2 2 3 2 0 1 0 1 2 2 2 2 2 2 1 2 2 2 1 2 1 1 1 1 2 1 1 1 2 2 1 1 2 2 0 2 0 2 1 2 2 3 0 1 2 2 2 2 0 1 2 0 1 2 2 2 2 2 0 1 2 2 0 1 0 3 0 1 0 1 2 2 2 2 0 1 0 1 2 2 2 2 3 0 1 2 0 0 1 2 3 2 0 1 2 3 2 2 0 1 2 2 2 3 2 0 1 0 2 2 2 2 2 0 1 3 0 1 2 3 3 2 2 0 1 0 2 3 1 0 2
0 199 0 2 0 2 2 1 2 2 0 1 2 2 3 2 0 1 2 2 2 3 2 0 1 2 0 1 2 3 0 1 2 0 0 1 2 2 3 3 2 3 0 1 0 1 2 0 1 2 3 2 0 1 2 0 1 0 0 0 0 2 1 2 3 2 2 3 2 0 1 2 2 2 3 2 0 1 0 1 2 2 2 2 2 2 1 2 2 2 1 2 1 1 1 1 2 1 1 1 2 2 1 1 2 2 0 2 0 2 1 2 2 3 0 1 2 2 2 2 0 1 2 0 1 2 2 2 2 2 0 1 2 2 0 1 0 3 0 1 0 1 2 2 2 2 0 1 0 1 2 2 2 2 3 0 1 2 0 0 1 2 3 2 0 1 2 3 2 2 0 1 2 2 2 3 2 0 1 0 2 2 2 2 2 0 1 3 0 1 2 3 3 2 2 0 1 0 2 3 1
0 3 1 3 3
0 14 2 3 3 0 0 0 2 0 0 3 1 0 2 3
0 34 2 2 2 2 3 3 0 2 0 1 2 3 2 1 1 1 1 1 3 1 2 3 3 1 2 3 3 3 3 1 3 3 3 3
0 11 1 2 3 3 3 3 3 1 3 2 3
0 70 1 2 0 1 0 3 3 3 2 0 1 2 0 1 2 2 2 3 2 0 1 0 1 0 3 2 0 1 2 0 1 2 0 1 2 2 2 0 1 2 0 1 1 2 2 2 3 3 0 1 2 2 2 0 1 3 0 1 2 0 2 3 3 1 2 3 3 3 1 3
0 183 2 0 0 1 2 2 2 2 0 1 2 0 1 3 0 1 2 2 2 0 1 0 3 3 2 2 2 0 1 0 3 3 0 1 3 3 2 3 2 0 1 3 2 3 2 0 1 0 1 3 0 1 0 1 2 0 1 0 1 3 1 2 3 2 2 2 2 0 1 2 2 0 1 0 1 2 0 1 1 2 0 2 2 2 0 1 2 2 3 2 0 1 0 1 3 0 1 0 1 0 0 1 0 1 2 2 2 0 1 2 0 1 0 0 0 2 2 1 2 2 0 1 3 0 1 3 2 0 1 3 2 2 2 2 0 1 1 2 2 0 1 2 2 3 3 3 0 1 2 2 2 0 1 2 2 2 0 1 2 2 0 1 0 2 3 0 1 3 2 3 0 1 2 2 0 1 3 3 2 1 3 1 3
0 32 2 2 2 2 3 3 0 2 0 1 2 3 2 1 1 1 1 1 3 1 2 3 3 1 2 3 3 3 3 1 3 3
0 23 2 0 2 0 0 2 0 2 3 3 2 2 2 2 2 2 3 3 1 3 3 2 3
0 3 3 3 1
0 30 2 2 2 2 3 3 0 2 0 1 2 3 2 1 1 1 1 1 3 1 2 3 3 1 2 3 3 3 3 1
0 11 2 3 3 0 0 0 2 0 0 3 1
0 4 3 1 0 2
0 36 2 2 2 2 3 3 0 2 0 1 2 3 2 1 1 1 1 1 3 1 2 3 3 1 2 3 3 3 3 1 3 3 3 3 2 3
0 6 1 3 3 2 3 2
0 5 3 3 2 3 1
0 18 3 3 3 1 3 1 3 2 3 3 1 3 2 3 1 3 3 3
0 13 1 2 3 3 2 2 2 2 2 2 3 3 1
0 7 3 3 3 3 1 3 2
0 99 2 2 2 2 2 2 2 3 0 2 2 0 1 0 1 2 2 2 3 0 1 2 0 1 2 2 0 1 2 0 1 3 0 1 2 2 2 2 3 0 1 2 2 2 2 2 0 1 3 2 2 2 0 1 2 0 1 2 2 0 1 0 0 1 3 3 0 1 0 0 1 2 2 3 2 3 0 1 3 2 2 2 0 1 3 0 1 2 0 1 1 2 0 2 0 0 0 3 1
0 27 2 0 2 0 0 2 0 2 3 3 2 2 2 2 2 2 3 3 1 3 3 2 3 1 3 2 3
0 31 2 2 2 2 3 3 0 2 0 1 2 3 2 1 1 1 1 1 3 1 2 3 3 1 2 3 3 3 3 1 3
0 37 3 3 0 1 0 2 3 2 0 1 3 2 2 0 1 2 2 2 0 1 0 2 1 2 0 0 0 1 2 0 1 2 3 0 1 3 1
0 24 2 0 2 0 0 2 0 2 3 3 2 2 2 2 2 2 3 3 1 3 3 2 3 1
0 4 1 3 2 1
0 11 2 2 3 3 2 3 3 1 3 2 3
0 13 3 3 3 1 3 1 3 2 3 3 1 3 2
0 11 0 2 0 2 0 0 2 0 0 3 1
0 72 1 2 0 1 0 3 3 3 2 0 1 2 0 1 2 2 2 3 2 0 1 0 1 0 3 2 0 1 2 0 1 2 0 1 2 2 2 0 1 2 0 1 1 2 2 2 3 3 0 1 2 2 2 0 1 3 0 1 2 0 2 3 3 1 2 3 3 3 1 3 3 2
0 13 0 2 0 2 0 0 2 0 0 3 1 0 2
0 350 0 2 3 2 0 1 2 3 2 0 1 3 0 1 2 0 1 2 2 2 0 1 0 1 2 2 2 0 1 2 0 0 2 1 2 0 2 2 0 2 1 2 2 0 1 2 2 2 0 1 2 1 2 3 2 0 1 3 0 1 2 0 1 1 1 1 1 2 2 0 2 2 1 2 2 2 3 2 3 0 1 2 2 2 2 2 0 1 0 1 2 2 2 3 0 1 2 2 0 1 0 2 2 2 0 1 2 2 0 1 2 2 2 2 0 1 1 2 2 2 2 2 2 0 1 3 2 2 2 3 0 1 2 0 1 1 2 0 1 2 2 3 2 0 1 2 3 0 1 2 2 3 0 1 0 1 0 0 1 3 2 2 0 1 2 2 2 2 2 0 1 0 2 0 1 2 2 2 2 2 0 1 2 2 2 2 3 0 1 2 2 0 1 3 0 1 2 1 2 2 2 2 2 2 0 1 2 0 1 2 2 2 1 2 0 1 1 2 2 2 1 2 2 2 2 2 0 1 2 3 3 0 1 3 2 3 2 2 0 1 2 3 0 1 0 2 3 0 1 3 2 0 2 1 2 3 0 1 2 2 0 1 0 1 2 2 2 0 1 3 0 1 0 2 2 2 3 2 0 1 2 2 2 2 2 0 1 3 2 0 0 0 0 1 2 3 2 2 2 2 0 1 2 2 0 1 0 1 1 2 2 2 0 0 0 1 2 2 0 1 1 2 0 1 2 3 2 0 1 2 3 2 0 1 2 3 2 2 0 1 0 2 2 0 1 1 3 1 3 2
0 5 3 2 2 3 1
0 184 2 0 0 1 2 2 2 2 0 1 2 0 1 3 0 1 2 2 2 0 1 0 3 3 2 2 2 0 1 0 3 3 0 1 3 3 2 3 2 0 1 3 2 3 2 0 1 0 1 3 0 1 0 1 2 0 1 0 1 3 1 2 3 2 2 2 2 0 1 2 2 0 1 0 1 2 0 1 1 2 0 2 2 2 0 1 2 2 3 2 0 1 0 1 3 0 1 0 1 0 0 1 0 1 2 2 2 0 1 2 0 1 0 0 0 2 2 1 2 2 0 1 3 0 1 3 2 0 1 3 2 2 2 2 0 1 1 2 2 0 1 2 2 3 3 3 0 1 2 2 2 0 1 2 2 2 0 1 2 2 0 1 0 2 3 0 1 3 2 3 0 1 2 2 0 1 3 3 2 1 3 1 3 3
0 71 1 2 0 1 0 3 3 3 2 0 1 2 0 1 2 2 2 3 2 0 1 0 1 0 3 2 0 1 2 0 1 2 0 1 2 2 2 0 1 2 0 1 1 2 2 2 3 3 0 1 2 2 2 0 1 3 0 1 2 0 2 3 3 1 2 3 3 3 1 3 3
0 61 2 0 0 1 2 2 2 2 0 1 2 0 1 3 0 1 2 2 2 0 1 0 3 3 2 2 2 0 1 0 3 3 0 1 3 3 2 3 2 0 1 3 2 3 2 0 1 0 1 3 0 1 0 1 2 0 1 0 1 3 1
0 7 1 3 3 3 2 2 3
0 17 3 3 3 1 3 1 3 2 3 3 1 3 2 3 1 3 3
0 22 2 0 2 0 0 2 0 2 3 3 2 2 2 2 2 2 3 3 1 3 3 2
0 7 2 2 2 2 3 3 1
0 3 0 3 1
0 186 2 0 0 1 2 2 2 2 0 1 2 0 1 3 0 1 2 2 2 0 1 0 3 3 2 2 2 0 1 0 3 3 0 1 3 3 2 3 2 0 1 3 2 3 2 0 1 0 1 3 0 1 0 1 2 0 1 0 1 3 1 2 3 2 2 2 2 0 1 2 2 0 1 0 1 2 0 1 1 2 0 2 2 2 0 1 2 2 3 2 0 1 0 1 3 0 1 0 1 0 0 1 0 1 2 2 2 0 1 2 0 1 0 0 0 2 2 1 2 2 0 1 3 0 1 3 2 0 1 3 2 2 2 2 0 1 1 2 2 0 1 2 2 3 3 3 0 1 2 2 2 0 1 2 2 2 0 1 2 2 0 1 0 2 3 0 1 3 2 3 0 1 2 2 0 1 3 3 2 1 3 1 3 3 3 2
0 11 2 3 3 2 2 3 2 3 1 3 2
0 6 3 3 3 1 3 1
0 59 2 2 2 2 1 2 3 0 1 3 3 2 3 3 0 1 2 3 2 2 2 0 1 0 1 3 0 1 1 2 3 3 2 1 1 1 1 2 0 1 1 1 1 0 1 1 1 1 1 1 2 3 3 3 3 2 3 3 1
0 9 1 2 3 3 3 3 3 1 3
0 20 3 3 3 1 3 1 3 2 3 3 1 3 2 3 1 3 3 3 2 3
0 21 2 0 2 0 0 2 0 2 3 3 2 2 2 2 2 2 3 3 1 3 3
0 10 2 2 3 3 2 3 3 1 3 2
0 19 3 3 3 1 3 1 3 2 3 3 1 3 2 3 1 3 3 3 2
0 16 3 3 3 1 3 1 3 2 3 3 1 3 2 3 1 3
0 4 1 3 3 2
0 25 2 0 2 2 1 2 2 0 1 0 1 1 2 0 2 2 0 2 1 2 2 2 3 3 1
0 33 2 2 2 2 3 3 0 2 0 1 2 3 2 1 1 1 1 1 3 1 2 3 3 1 2 3 3 3 3 1 3 3 3
0 8 2 2 3 3 2 3 3 1
0 5 3 3 3 3 1
0 182 2 0 0 1 2 2 2 2 0 1 2 0 1 3 0 1 2 2 2 0 1 0 3 3 2 2 2 0 1 0 3 3 0 1 3 3 2 3 2 0 1 3 2 3 2 0 1 0 1 3 0 1 0 1 2 0 1 0 1 3 1 2 3 2 2 2 2 0 1 2 2 0 1 0 1 2 0 1 1 2 0 2 2 2 0 1 2 2 3 2 0 1 0 1 3 0 1 0 1 0 0 1 0 1 2 2 2 0 1 2 0 1 0 0 0 2 2 1 2 2 0 1 3 0 1 3 2 0 1 3 2 2 2 2 0 1 1 2 2 0 1 2 2 3 3 3 0 1 2 2 2 0 1 2 2 2 0 1 2 2 0 1 0 2 3 0 1 3 2 3 0 1 2 2 0 1 3 3 2 1 3 1
0 15 3 3 3 1 3 1 3 2 3 3 1 3 2 3 1
0 7 3 3 3 1 3 1 3
0 351 0 2 3 2 0 1 2 3 2 0 1 3 0 1 2 0 1 2 2 2 0 1 0 1 2 2 2 0 1 2 0 0 2 1 2 0 2 2 0 2 1 2 2 0 1 2 2 2 0 1 2 1 2 3 2 0 1 3 0 1 2 0 1 1 1 1 1 2 2 0 2 2 1 2 2 2 3 2 3 0 1 2 2 2 2 2 0 1 0 1 2 2 2 3 0 1 2 2 0 1 0 2 2 2 0 1 2 2 0 1 2 2 2 2 0 1 1 2 2 2 2 2 2 0 1 3 2 2 2 3 0 1 2 0 1 1 2 0 1 2 2 3 2 0 1 2 3 0 1 2 2 3 0 1 0 1 0 0 1 3 2 2 0 1 2 2 2 2 2 0 1 0 2 0 1 2 2 2 2 2 0 1 2 2 2 2 3 0 1 2 2 0 1 3 0 1 2 1 2 2 2 2 2 2 0 1 2 0 1 2 2 2 1 2 0 1 1 2 2 2 1 2 2 2 2 2 0 1 2 3 3 0 1 3 2 3 2 2 0 1 2 3 0 1 0 2 3 0 1 3 2 0 2 1 2 3 0 1 2 2 0 1 0 1 2 2 2 0 1 3 0 1 0 2 2 2 3 2 0 1 2 2 2 2 2 0 1 3 2 0 0 0 0 1 2 3 2 2 2 2 0 1 2 2 0 1 0 1 1 2 2 2 0 0 0 1 2 2 0 1 1 2 0 1 2 3 2 0 1 2 3 2 0 1 2 3 2 2 0 1 0 2 2 0 1 1 3 1 3 2 3
0 5 1 3 2 1 3
0 5 1 3 3 3 2
0 8 1 3 2 1 3 1 3 2
0 19 2 0 2 0 0 2 0 2 3 3 2 2 2 2 2 2 3 3 1
0 217 0 2 0 2 2 1 2 2 0 1 2 2 3 2 0 1 2 2 2 3 2 0 1 2 0 1 2 3 0 1 2 0 0 1 2 2 3 3 2 3 0 1 0 1 2 0 1 2 3 2 0 1 2 0 1 0 0 0 0 2 1 2 3 2 2 3 2 0 1 2 2 2 3 2 0 1 0 1 2 2 2 2 2 2 1 2 2 2 1 2 1 1 1 1 2 1 1 1 2 2 1 1 2 2 0 2 0 2 1 2 2 3 0 1 2 2 2 2 0 1 2 0 1 2 2 2 2 2 0 1 2 2 0 1 0 3 0 1 0 1 2 2 2 2 0 1 0 1 2 2 2 2 3 0 1 2 0 0 1 2 3 2 0 1 2 3 2 2 0 1 2 2 2 3 2 0 1 0 2 2 2 2 2 0 1 3 0 1 2 3 3 2 2 0 1 0 2 3 1 0 2 3 3 0 2 0 2 0 0 0 0 0 0 3 1 0 2
0 9 1 2 3 3 1 2 3 3 1
0 349 0 2 3 2 0 1 2 3 2 0 1 3 0 1 2 0 1 2 2 2 0 1 0 1 2 2 2 0 1 2 0 0 2 1 2 0 2 2 0 2 1 2 2 0 1 2 2 2 0 1 2 1 2 3 2 0 1 3 0 1 2 0 1 1 1 1 1 2 2 0 2 2 1 2 2 2 3 2 3 0 1 2 2 2 2 2 0 1 0 1 2 2 2 3 0 1 2 2 0 1 0 2 2 2 0 1 2 2 0 1 2 2 2 2 0 1 1 2 2 2 2 2 2 0 1 3 2 2 2 3 0 1 2 0 1 1 2 0 1 2 2 3 2 0 1 2 3 0 1 2 2 3 0 1 0 1 0 0 1 3 2 2 0 1 2 2 2 2 2 0 1 0 2 0 1 2 2 2 2 2 0 1 2 2 2 2 3 0 1 2 2 0 1 3 0 1 2 1 2 2 2 2 2 2 0 1 2 0 1 2 2 2 1 2 0 1 1 2 2 2 1 2 2 2 2 2 0 1 2 3 3 0 1 3 2 3 2 2 0 1 2 3 0 1 0 2 3 0 1 3 2 0 2 1 2 3 0 1 2 2 0 1 0 1 2 2 2 0 1 3 0 1 0 2 2 2 3 2 0 1 2 2 2 2 2 0 1 3 2 0 0 0 0 1 2 3 2 2 2 2 0 1 2 2 0 1 0 1 1 2 2 2 0 0 0 1 2 2 0 1 1 2 0 1 2 3 2 0 1 2 3 2 0 1 2 3 2 2 0 1 0 2 2 0 1 1 3 1 3
0 64 1 2 0 1 0 3 3 3 2 0 1 2 0 1 2 2 2 3 2 0 1 0 1 0 3 2 0 1 2 0 1 2 0 1 2 2 2 0 1 2 0 1 1 2 2 2 3 3 0 1 2 2 2 0 1 3 0 1 2 0 2 3 3 1
0 348 0 2 3 2 0 1 2 3 2 0 1 3 0 1 2 0 1 2 2 2 0 1 0 1 2 2 2 0 1 2 0 0 2 1 2 0 2 2 0 2 1 2 2 0 1 2 2 2 0 1 2 1 2 3 2 0 1 3 0 1 2 0 1 1 1 1 1 2 2 0 2 2 1 2 2 2 3 2 3 0 1 2 2 2 2 2 0 1 0 1 2 2 2 3 0 1 2 2 0 1 0 2 2 2 0 1 2 2 0 1 2 2 2 2 0 1 1 2 2 2 2 2 2 0 1 3 2 2 2 3 0 1 2 0 1 1 2 0 1 2 2 3 2 0 1 2 3 0 1 2 2 3 0 1 0 1 0 0 1 3 2 2 0 1 2 2 2 2 2 0 1 0 2 0 1 2 2 2 2 2 0 1 2 2 2 2 3 0 1 2 2 0 1 3 0 1 2 1 2 2 2 2 2 2 0 1 2 0 1 2 2 2 1 2 0 1 1 2 2 2 1 2 2 2 2 2 0 1 2 3 3 0 1 3 2 3 2 2 0 1 2 3 0 1 0 2 3 0 1 3 2 0 2 1 2 3 0 1 2 2 0 1 0 1 2 2 2 0 1 3 0 1 0 2 2 2 3 2 0 1 2 2 2 2 2 0 1 3 2 0 0 0 0 1 2 3 2 2 2 2 0 1 2 2 0 1 0 1 1 2 2 2 0 0 0 1 2 2 0 1 1 2 0 1 2 3 2 0 1 2 3 2 0 1 2 3 2 2 0 1 0 2 2 0 1 1 3 1
0 3 2 3 1
0 41 3 3 0 2 2 2 1 2 2 2 2 2 0 1 2 2 0 1 2 2 0 1 2 2 2 3 3 0 1 2 2 3 0 1 2 2 2 3 3 1 3
0 5 3 3 3 1 3
0 218 0 2 0 2 2 1 2 2 0 1 2 2 3 2 0 1 2 2 2 3 2 0 1 2 0 1 2 3 0 1 2 0 0 1 2 2 3 3 2 3 0 1 0 1 2 0 1 2 3 2 0 1 2 0 1 0 0 0 0 2 1 2 3 2 2 3 2 0 1 2 2 2 3 2 0 1 0 1 2 2 2 2 2 2 1 2 2 2 1 2 1 1 1 1 2 1 1 1 2 2 1 1 2 2 0 2 0 2 1 2 2 3 0 1 2 2 2 2 0 1 2 0 1 2 2 2 2 2 0 1 2 2 0 1 0 3 0 1 0 1 2 2 2 2 0 1 0 1 2 2 2 2 3 0 1 2 0 0 1 2 3 2 0 1 2 3 2 2 0 1 2 2 2 3 2 0 1 0 2 2 2 2 2 0 1 3 0 1 2 3 3 2 2 0 1 0 2 3 1 0 2 3 3 0 2 0 2 0 0 0 0 0 0 3 1 0 2 3
0 9 2 2 3 3 2 3 3 1 3
0 9 3 3 3 1 3 1 3 2 3
0 40 3 3 0 2 2 2 1 2 2 2 2 2 0 1 2 2 0 1 2 2 0 1 2 2 2 3 3 0 1 2 2 3 0 1 2 2 2 3 3 1
0 36 2 2 3 0 3 0 1 2 2 2 2 0 1 2 2 0 1 3 3 0 1 0 2 0 1 3 2 2 0 1 2 3 2 2 3 1
0 6 3 3 3 3 1 3
0 185 2 0 0 1 2 2 2 2 0 1 2 0 1 3 0 1 2 2 2 0 1 0 3 3 2 2 2 0 1 0 3 3 0 1 3 3 2 3 2 0 1 3 2 3 2 0 1 0 1 3 0 1 0 1 2 0 1 0 1 3 1 2 3 2 2 2 2 0 1 2 2 0 1 0 1 2 0 1 1 2 0 2 2 2 0 1 2 2 3 2 0 1 0 1 3 0 1 0 1 0 0 1 0 1 2 2 2 0 1 2 0 1 0 0 0 2 2 1 2 2 0 1 3 0 1 3 2 0 1 3 2 2 2 2 0 1 1 2 2 0 1 2 2 3 3 3 0 1 2 2 2 0 1 2 2 2 0 1 2 2 0 1 0 2 3 0 1 3 2 3 0 1 2 2 0 1 3 3 2 1 3 1 3 3 3
0 8 3 3 3 3 1 3 2 3
0 102 2 2 2 2 2 2 2 3 0 2 2 0 1 0 1 2 2 2 3 0 1 2 0 1 2 2 0 1 2 0 1 3 0 1 2 2 2 2 3 0 1 2 2 2 2 2 0 1 3 2 2 2 0 1 2 0 1 2 2 0 1 0 0 1 3 3 0 1 0 0 1 2 2 3 2 3 0 1 3 2 2 2 0 1 3 0 1 2 0 1 1 2 0 2 0 0 0 3 1 0 2 3
0 9 3 2 2 3 1 2 3 3 1
0 4 1 3 3 3
0 73 1 2 0 1 0 3 3 3 2 0 1 2 0 1 2 2 2 3 2 0 1 0 1 0 3 2 0 1 2 0 1 2 0 1 2 2 2 0 1 2 0 1 1 2 2 2 3 3 0 1 2 2 2 0 1 3 0 1 2 0 2 3 3 1 2 3 3 3 1 3 3 2 3
0 8 2 3 3 3 2 3 3 1
0 13 2 3 3 0 0 0 2 0 0 3 1 0 2
0 43 3 3 0 1 0 2 3 2 0 1 3 2 2 0 1 2 2 2 0 1 0 2 1 2 0 0 0 1 2 0 1 2 3 0 1 3 1 2 3 3 3 3 1
0 4 3 3 3 1
