126 4
1 0 
1 63 0 0 0 0 2 0 0 0 0 3 0 3 3 0 3 0 0 3 3 0 0 3 0 3 3 3 3 0 3 2 2 2 0 0 0 0 3 3 3 3 3 0 3 3 0 3 0 3 2 1 1 0 1 0 2 1 1 0 1 0 0 0 0
1 24 1 1 0 1 0 2 1 1 0 1 0 2 1 1 0 1 0 2 1 1 0 1 0 2
1 56 2 2 2 1 3 0 0 0 1 1 3 1 3 1 3 2 1 3 1 3 0 0 0 3 3 2 0 0 0 1 1 0 2 2 0 0 0 1 3 3 2 2 0 0 0 1 1 0 1 2 1 1 1 1 2 1
1 36 2 1 2 1 1 1 2 2 3 0 3 3 3 3 3 3 3 2 2 0 0 0 3 0 1 1 0 1 0 0 1 1 0 1 0 2
1 23 1 1 0 1 0 2 1 1 0 1 0 2 1 1 0 1 1 1 0 1 0 0 0
1 38 0 0 2 3 3 3 3 2 2 1 1 0 1 0 1 1 0 1 0 2 1 1 0 1 0 2 1 1 0 1 0 0 1 1 0 1 0 0
1 47 0 0 2 0 0 3 3 3 0 3 3 2 2 2 2 2 1 1 0 1 1 1 0 1 0 0 1 1 0 1 0 2 1 1 0 1 0 0 0 1 1 0 1 0 0 0 0
1 9 2 0 0 2 2 2 3 2 2
1 34 1 2 0 0 0 1 3 1 1 0 1 0 1 1 0 1 0 0 0 0 0 1 1 0 1 0 0 0 1 1 0 1 0 2
1 159 2 0 0 0 3 3 1 3 1 3 0 0 0 3 3 2 2 0 0 0 3 3 1 3 1 3 1 3 1 3 1 3 0 0 0 1 3 2 2 2 3 3 2 2 1 3 1 3 1 3 1 3 1 3 0 0 0 1 1 0 2 1 3 2 1 3 2 0 0 0 1 0 2 1 3 2 1 3 1 3 0 0 0 1 1 0 0 0 0 1 1 0 1 3 1 3 0 0 0 1 3 3 2 1 3 1 3 1 3 2 0 0 0 1 3 3 0 0 0 1 1 3 2 1 3 2 2 2 0 0 0 3 0 1 1 0 1 0 0 1 1 0 1 0 2 1 1 0 1 0 2 1 1 0 1 0 0 0 0
1 164 2 1 3 2 2 0 0 0 1 3 2 2 2 1 3 0 0 0 1 1 3 2 0 0 0 3 3 1 3 1 3 2 0 0 0 1 3 2 1 3 2 1 3 1 3 0 0 0 3 3 2 0 0 0 3 0 1 3 1 3 0 0 0 3 3 2 2 1 3 1 3 0 0 0 1 3 0 2 0 0 0 1 3 3 1 3 0 0 0 1 3 0 1 3 1 3 1 3 2 1 3 0 0 0 1 3 0 2 1 3 0 0 0 3 0 1 3 2 2 1 3 2 0 0 0 3 0 2 2 1 3 1 3 1 3 0 0 0 1 1 3 1 3 2 1 3 1 3 2 0 0 0 1 3 3 2 2 2 0 0 0 1 1 0
1 39 1 1 1 1 1 2 0 0 3 0 3 3 2 2 2 2 1 1 0 1 0 0 0 0 1 1 0 1 1 1 0 1 0 2 1 1 0 1 0
1 165 0 0 0 2 0 0 0 0 2 0 0 0 2 0 0 2 0 2 2 0 0 0 2 0 0 0 2 0 0 2 0 0 0 2 0 0 0 0 0 2 2 2 2 2 2 2 2 2 2 2 2 2 2 2 2 0 0 0 2 0 0 0 2 0 0 0 2 0 0 2 0 0 2 0 2 2 2 2 2 1 2 2 2 2 2 1 3 0 0 0 1 3 0 1 3 1 3 0 0 0 3 3 0 0 0 1 0 0 0 0 3 3 2 1 3 1 3 2 0 0 0 1 0 0 2 2 2 2 2 2 2 2 2 1 3 2 3 2 3 2 2 2 2 2 1 1 1 1 1 1 0 1 0 2 1 1 0 1 0 0 1 1 0 1 0
1 98 2 2 0 0 2 2 3 3 0 3 3 3 3 3 0 0 0 3 3 0 3 2 2 2 2 2 0 2 2 2 2 2 2 2 2 2 2 2 2 2 2 2 2 2 2 2 2 2 2 2 2 2 2 1 2 1 3 2 3 2 3 1 2 1 2 1 1 1 0 0 2 3 0 0 2 2 3 0 3 3 0 0 3 3 0 0 0 3 3 0 3 3 2 2 1 1 0 1
1 146 2 1 3 2 2 2 0 0 0 3 0 2 1 3 1 3 2 0 0 0 3 3 2 2 0 0 0 1 3 3 2 2 0 0 0 1 3 2 0 0 0 3 0 2 1 1 1 2 1 1 3 1 3 1 3 1 3 2 0 0 0 1 3 3 1 3 1 3 0 0 0 1 3 2 1 3 0 0 0 1 0 0 0 0 1 3 1 3 0 0 0 1 1 0 1 3 2 2 2 0 0 0 1 3 0 2 2 2 2 1 3 0 0 0 1 0 1 1 0 1 0 0 1 1 0 1 0 2 1 1 0 1 0 0 1 1 0 1 0 0 1 1 0 1 0 2
1 64 0 0 0 1 3 2 0 0 0 1 1 0 2 2 1 1 1 3 2 0 0 0 1 3 0 2 2 2 1 3 2 0 0 0 1 3 0 1 3 2 0 0 0 3 0 0 0 0 3 3 2 2 2 0 0 0 3 3 1 2 1 2 2 1
1 77 1 3 1 3 1 3 0 0 0 3 0 0 0 0 1 0 2 2 2 2 0 0 0 1 3 1 3 2 0 0 0 1 1 0 2 2 1 3 1 3 2 0 0 0 1 1 0 1 1 0 1 0 0 0 0 0 1 1 0 1 0 2 1 1 0 1 0 2 1 1 0 1 0 0 0 0 0
1 13 1 1 0 1 0 0 0 1 1 0 1 0 2
1 50 1 3 2 2 0 0 0 1 0 2 2 1 3 2 2 0 0 0 1 0 0 0 0 1 3 1 1 0 1 0 2 1 1 0 1 0 2 1 1 0 1 0 0 0 1 1 0 1 0 2
1 63 2 0 0 0 0 2 3 0 3 3 3 3 0 3 3 3 3 3 3 3 0 0 0 3 3 3 2 2 2 2 2 1 1 0 1 1 1 0 1 0 2 1 1 0 1 0 0 0 0 0 1 1 0 1 0 0 0 1 1 0 1 0 2
1 119 0 0 2 2 0 0 2 0 0 2 0 0 0 0 2 2 2 2 2 2 2 2 2 2 2 2 3 1 2 2 3 1 0 0 0 0 0 0 2 0 2 0 0 0 0 2 0 0 0 2 0 2 0 0 0 0 0 2 2 2 2 2 2 2 2 2 0 0 2 0 0 0 0 2 0 0 0 2 0 0 0 2 0 0 0 0 0 2 0 2 0 2 0 0 2 0 0 0 0 0 2 2 2 2 2 2 2 2 2 2 3 1 2 2 0 0 3 2 2
1 18 1 1 0 1 0 1 1 0 1 0 0 0 1 1 0 1 0 0
1 29 1 1 0 1 0 2 1 1 0 1 1 1 0 1 0 0 1 1 0 1 0 0 0 1 1 0 1 0 2
1 37 2 2 2 0 0 0 0 3 0 3 3 0 3 3 3 3 3 3 3 3 0 3 2 1 1 0 1 0 0 0 0 1 1 0 1 0 2
1 32 1 1 0 1 0 1 1 0 1 0 2 1 1 0 1 0 0 0 0 0 1 1 0 1 0 2 1 1 0 1 0 2
1 93 1 3 2 0 0 0 3 3 2 2 2 1 3 2 0 0 0 3 0 2 2 1 3 2 0 0 0 1 0 2 2 2 2 2 0 0 0 3 3 1 3 1 3 2 1 3 1 3 0 0 0 1 0 0 0 0 1 1 0 1 3 2 0 0 0 3 0 1 1 0 1 0 2 1 1 0 1 1 1 0 1 0 1 1 0 1 0 2 1 1 0 1 0
1 50 1 3 2 2 1 3 0 0 0 1 3 0 2 1 3 0 0 0 1 0 2 1 3 2 0 0 0 1 3 3 1 3 2 0 0 0 1 3 1 1 0 1 0 2 1 1 0 1 0 2
1 46 2 0 0 0 0 3 3 3 0 0 0 3 3 3 3 3 3 3 3 3 2 2 2 1 3 1 3 0 0 0 1 1 3 2 0 0 0 1 3 0 1 1 0 1 0 2
1 79 2 2 2 0 0 0 1 3 3 2 2 2 2 0 0 0 1 1 3 1 3 2 2 0 0 0 1 1 3 1 3 2 2 1 3 0 0 0 3 0 2 2 1 3 1 3 2 0 0 0 1 3 0 0 0 1 3 3 1 3 0 0 0 1 3 0 2 1 3 1 3 2 0 0 0 1 1 3 1
1 122 2 2 2 2 2 2 3 1 2 1 3 1 0 0 0 0 0 0 2 3 3 3 3 3 0 0 3 3 3 0 3 0 3 3 3 0 3 0 3 2 2 2 1 3 1 3 2 0 0 0 1 3 1 3 1 3 2 0 0 0 1 0 1 2 1 2 2 3 0 3 3 3 3 3 3 0 3 0 3 3 0 3 0 3 0 0 3 3 3 3 0 3 2 2 1 1 0 1 1 1 0 1 0 2 1 1 0 1 0 2 1 1 0 1 1 1 0 1 0 0 0 0
1 41 0 0 3 3 0 3 3 3 2 2 2 2 2 2 2 0 0 0 1 1 3 1 1 2 1 2 1 0 0 0 1 3 0 1 1 0 1 0 0 0 0
1 62 1 3 0 0 0 3 3 1 3 2 2 0 0 0 1 3 0 3 0 0 3 0 3 3 0 3 0 3 3 0 0 3 0 3 3 3 3 3 3 3 3 2 2 2 2 1 1 0 1 0 2 1 1 0 1 0 1 1 0 1 0 2
1 109 2 2 2 3 0 3 3 3 3 3 3 3 0 3 3 3 3 0 0 3 3 3 3 3 3 2 2 0 0 0 1 1 0 2 1 3 2 2 2 0 0 0 1 3 0 2 1 3 2 0 0 0 1 3 3 0 0 0 0 3 3 3 0 3 0 0 3 3 0 3 2 2 2 2 0 0 2 2 0 0 3 3 3 3 3 0 3 3 3 3 0 0 3 3 2 2 2 2 1 1 0 1 0 1 1 0 1 0 2
1 163 1 3 1 3 0 0 0 1 1 3 2 2 2 0 0 0 1 1 0 0 0 0 3 0 1 3 1 3 1 3 2 2 0 0 0 1 3 3 2 0 0 0 1 3 3 1 3 1 3 1 3 2 0 0 0 1 3 3 2 1 3 1 3 2 2 0 0 0 1 1 0 2 2 1 3 1 3 2 0 0 0 1 1 0 1 3 1 3 1 3 2 0 0 0 3 3 2 2 0 0 0 1 0 1 3 1 3 2 1 3 1 3 0 0 0 1 3 0 0 0 0 1 1 3 2 1 3 1 3 1 3 1 3 0 0 0 3 0 1 3 2 1 3 0 0 0 1 0 2 2 1 3 0 0 0 1 0 1 1 0 1 0 2
1 71 2 2 1 3 2 0 0 0 1 1 3 0 0 0 1 3 3 1 3 1 3 1 3 1 3 0 0 0 3 0 0 0 0 1 3 2 2 2 0 0 0 3 0 2 1 3 2 0 0 0 3 3 2 1 3 0 0 0 1 1 0 0 0 0 1 3 0 1 1 0 1
1 104 1 3 1 3 1 3 2 0 0 0 1 0 0 0 0 1 1 3 2 2 2 0 0 0 1 3 1 3 0 0 0 1 3 0 2 1 3 1 3 1 3 1 3 0 0 0 3 3 1 3 2 2 1 3 2 0 0 0 3 0 1 3 2 2 1 3 1 3 0 0 0 1 1 0 0 0 0 3 0 1 1 0 1 0 2 1 1 0 1 0 2 1 1 0 1 0 0 1 1 0 1 0 0 0
1 84 0 0 0 0 0 2 0 0 0 2 0 0 2 0 0 0 2 0 0 0 0 0 2 2 0 0 0 2 0 0 2 0 0 0 0 0 2 0 2 0 0 0 0 0 2 0 2 2 2 2 2 2 0 0 0 0 0 2 2 2 1 1 0 1 1 1 0 1 0 2 1 1 0 1 0 2 1 1 0 1 0 0 0 0
1 206 0 0 3 3 0 3 3 3 3 0 3 3 3 3 3 3 2 2 0 2 2 2 2 2 2 2 2 2 2 2 2 0 0 0 0 0 2 0 0 0 0 0 2 0 0 0 0 2 0 0 0 0 0 2 2 0 2 0 0 0 2 2 0 2 2 2 0 0 0 0 2 0 0 0 2 0 0 0 0 0 2 0 0 2 0 0 0 0 0 2 2 2 2 2 2 2 2 2 3 1 2 1 3 2 2 2 0 0 0 1 3 0 1 3 2 1 3 1 3 0 0 0 1 1 3 1 3 1 3 1 3 0 0 0 1 3 0 2 1 3 2 0 0 0 3 0 1 3 0 0 0 3 3 1 3 1 3 2 0 0 0 1 3 3 1 3 2 0 0 0 1 1 3 2 2 1 3 2 0 0 0 1 0 2 1 3 1 3 0 0 0 1 1 0 1 1 0 1 0 0 1 1 0 1 0 2
1 70 0 0 0 0 0 0 0 0 0 0 0 0 0 0 2 0 0 0 2 2 2 2 2 2 2 3 1 3 1 0 0 0 1 1 3 2 2 2 2 0 0 0 1 3 0 0 0 0 1 1 3 1 1 0 1 0 1 1 0 1 0 0 0 1 1 0 1 0 0 0
1 31 2 3 2 2 2 2 2 1 1 0 1 0 2 1 1 0 1 0 2 1 1 0 1 0 2 1 1 0 1 0 0
1 48 2 0 0 0 0 3 3 0 3 3 3 3 3 3 3 3 3 3 3 3 3 3 2 2 1 1 0 1 0 0 0 0 1 1 0 1 0 0 0 1 1 0 1 0 0 0 0 0
1 27 1 3 0 0 0 1 3 3 1 1 0 1 0 2 1 1 0 1 0 0 0 1 1 0 1 0 2
1 92 1 2 2 1 1 1 2 1 1 1 1 2 0 0 0 1 1 0 2 2 1 3 1 3 0 0 0 1 3 3 0 0 0 3 0 2 0 0 0 0 3 0 0 3 3 3 0 3 3 3 3 3 0 3 0 3 3 3 3 0 3 3 3 2 2 1 1 0 1 0 0 0 0 1 1 0 1 0 2 1 1 0 1 0 2 1 1 0 1 0 0 0
1 16 1 1 0 1 0 2 1 1 0 1 0 2 1 1 0 1
1 31 1 3 0 0 0 1 3 3 2 0 0 0 1 3 3 2 0 0 0 1 3 1 3 2 2 2 0 0 0 3 3
1 14 1 1 0 1 0 2 1 1 0 1 0 0 0 0
1 325 2 1 3 1 3 1 3 0 0 0 1 3 0 1 3 0 0 0 1 0 0 0 2 2 3 3 3 3 3 0 0 3 0 3 3 0 3 3 3 3 3 0 0 3 0 0 0 0 0 3 2 2 2 0 2 2 2 2 2 2 0 0 0 2 0 0 0 2 0 0 0 0 0 2 2 0 0 2 0 2 2 2 0 0 0 0 0 2 0 2 2 2 2 2 2 2 2 2 2 3 2 2 1 2 2 0 2 2 2 2 2 2 2 2 2 2 2 2 0 2 0 0 0 2 2 2 2 2 2 2 2 2 2 2 3 1 3 1 2 1 0 0 0 0 0 2 0 0 0 0 0 2 0 0 0 2 0 0 0 0 2 0 0 0 2 0 0 2 0 2 0 0 0 2 0 0 2 2 2 2 2 2 2 2 2 2 2 2 2 0 0 0 0 0 0 0 0 2 0 2 0 0 0 0 2 0 0 0 0 2 0 0 2 2 2 2 2 2 2 0 0 2 2 2 2 2 2 0 2 0 0 0 0 0 2 0 0 0 2 0 0 0 0 0 2 0 0 0 2 2 2 2 2 2 2 2 2 2 2 2 2 2 2 2 2 2 2 2 2 2 2 2 2 2 2 2 2 2 2 2 2 2 2 2 2 2 2 2 2 1 2 1 2 2 1 1 0 1 0 2 1 1 0 1 0 2 1 1 0 1 1 1 0 1 0 0 0 1 1 0 1 0 0 0 0
0 139 2 1 3 1 3 2 0 0 0 1 3 0 0 0 0 3 3 1 3 1 3 2 2 0 0 0 1 1 0 1 3 0 0 0 1 3 3 2 2 2 1 3 0 0 0 1 3 3 1 3 1 3 1 3 2 0 0 0 1 3 0 1 3 2 0 0 0 1 1 3 0 0 0 3 3 2 2 2 2 0 0 0 1 3 0 2 2 2 2 2 2 2 2 2 0 0 0 0 0 0 0 0 0 0 2 0 2 0 0 0 0 2 2 0 0 2 0 0 0 0 0 0 2 2 2 2 2 2 3 1 3 1 3 1 2 0 0 2 0
0 56 1 3 2 0 0 0 1 3 0 0 0 0 0 0 0 2 0 0 0 2 2 0 0 0 2 2 2 2 2 2 2 2 2 0 0 0 0 2 0 2 2 2 2 3 2 2 1 2 2 2 2 3 2 1 1 2
0 50 0 0 0 0 0 0 0 0 2 3 0 3 3 0 3 3 0 0 3 3 3 3 3 0 3 3 3 0 3 3 0 0 3 2 2 2 2 2 2 2 0 0 0 1 3 0 1 2 0 0
0 11 2 2 2 2 2 2 2 1 3 1 2
0 9 2 2 2 2 2 2 2 2 2
0 17 2 2 2 2 2 2 2 1 3 1 2 1 2 2 2 0 0
0 59 1 3 0 0 0 1 0 2 0 0 0 1 3 0 2 1 3 2 2 0 0 0 3 3 1 3 0 0 0 1 0 0 2 2 2 2 2 2 0 0 2 2 2 2 2 2 2 2 2 2 3 1 2 1 3 1 2 1 2
0 33 1 3 2 1 3 1 3 1 3 0 0 0 1 1 0 0 0 0 1 0 1 3 0 0 0 1 3 0 2 2 1 1 2
0 4 2 2 2 0
0 3 2 1 2
0 48 1 3 2 0 0 0 1 3 0 0 0 0 0 0 0 2 0 0 0 2 2 0 0 0 2 2 2 2 2 2 2 2 2 0 0 0 0 2 0 2 2 2 2 3 2 2 1 2
0 65 1 3 0 0 0 1 0 2 0 0 0 1 3 0 2 1 3 2 2 0 0 0 3 3 1 3 0 0 0 1 0 0 2 2 2 2 2 2 0 0 2 2 2 2 2 2 2 2 2 2 3 1 2 1 3 1 2 1 2 1 2 2 2 2 2
0 57 1 3 0 0 0 1 0 2 0 0 0 1 3 0 2 1 3 2 2 0 0 0 3 3 1 3 0 0 0 1 0 0 2 2 2 2 2 2 0 0 2 2 2 2 2 2 2 2 2 2 3 1 2 1 3 1 2
0 49 0 0 0 0 0 0 0 0 2 3 0 3 3 0 3 3 0 0 3 3 3 3 3 0 3 3 3 0 3 3 0 0 3 2 2 2 2 2 2 2 0 0 0 1 3 0 1 2 0
0 5 1 2 1 1 2
0 7 2 0 0 0 1 0 2
0 73 0 2 2 2 2 2 2 2 2 2 2 2 2 2 2 2 2 2 2 2 2 2 0 0 0 0 0 0 0 2 0 2 0 0 0 0 0 2 2 0 0 2 0 0 0 0 0 2 2 2 2 2 2 2 2 2 2 2 0 0 2 2 2 2 2 2 3 1 3 2 2 1 2
0 45 2 1 3 1 3 2 2 0 0 0 1 1 0 0 0 0 0 2 0 0 0 0 0 0 0 0 0 2 2 2 2 2 2 2 2 2 2 2 2 2 2 2 3 1 2
0 8 2 2 2 0 0 0 1 1
0 63 1 3 0 0 0 1 0 2 0 0 0 1 3 0 2 1 3 2 2 0 0 0 3 3 1 3 0 0 0 1 0 0 2 2 2 2 2 2 0 0 2 2 2 2 2 2 2 2 2 2 3 1 2 1 3 1 2 1 2 1 2 2 2
0 137 2 1 3 1 3 2 0 0 0 1 3 0 0 0 0 3 3 1 3 1 3 2 2 0 0 0 1 1 0 1 3 0 0 0 1 3 3 2 2 2 1 3 0 0 0 1 3 3 1 3 1 3 1 3 2 0 0 0 1 3 0 1 3 2 0 0 0 1 1 3 0 0 0 3 3 2 2 2 2 0 0 0 1 3 0 2 2 2 2 2 2 2 2 2 0 0 0 0 0 0 0 0 0 0 2 0 2 0 0 0 0 2 2 0 0 2 0 0 0 0 0 0 2 2 2 2 2 2 3 1 3 1 3 1 2 0 0
0 16 2 2 2 2 2 2 2 1 3 1 2 1 2 2 2 0
0 132 0 0 0 0 0 0 0 0 2 3 3 3 0 3 3 3 0 0 3 3 0 3 0 3 0 3 0 0 0 0 0 3 2 2 2 2 2 0 2 2 2 0 0 0 0 0 0 0 2 0 2 0 0 0 2 2 2 2 2 2 2 2 2 2 2 2 2 0 0 0 0 0 2 0 2 0 0 0 2 0 2 0 0 0 0 2 0 0 0 0 0 0 2 0 0 0 2 0 0 2 0 0 0 2 2 2 2 2 2 2 2 2 2 2 2 2 2 2 2 2 2 2 2 2 2 2 2 3 2 2 1 2
0 24 0 0 2 2 3 3 3 3 0 0 3 3 3 3 3 2 2 2 2 2 2 2 1 2
0 10 2 2 2 0 0 0 1 1 0 2
0 5 2 0 0 0 0
0 90 1 3 1 3 2 1 3 0 0 0 1 3 3 0 0 0 0 0 0 2 0 0 0 0 0 2 0 0 0 2 2 0 0 2 2 2 2 0 0 0 0 0 0 0 0 0 2 2 0 2 2 2 2 2 2 2 2 2 2 3 2 3 1 3 2 3 1 0 0 0 0 2 2 2 2 2 2 2 2 2 2 2 2 2 2 2 2 3 1 2
0 9 2 0 0 0 1 0 2 2 2
0 78 0 2 2 2 2 2 2 2 2 2 2 2 2 2 2 2 2 2 2 2 2 2 0 0 0 0 0 0 0 2 0 2 0 0 0 0 0 2 2 0 0 2 0 0 0 0 0 2 2 2 2 2 2 2 2 2 2 2 0 0 2 2 2 2 2 2 3 1 3 2 2 1 2 2 2 0 0 2
0 5 2 2 2 0 0
0 141 2 1 3 1 3 2 0 0 0 1 3 0 0 0 0 3 3 1 3 1 3 2 2 0 0 0 1 1 0 1 3 0 0 0 1 3 3 2 2 2 1 3 0 0 0 1 3 3 1 3 1 3 1 3 2 0 0 0 1 3 0 1 3 2 0 0 0 1 1 3 0 0 0 3 3 2 2 2 2 0 0 0 1 3 0 2 2 2 2 2 2 2 2 2 0 0 0 0 0 0 0 0 0 0 2 0 2 0 0 0 0 2 2 0 0 2 0 0 0 0 0 0 2 2 2 2 2 2 3 1 3 1 3 1 2 0 0 2 0 0 2
0 92 1 3 1 3 2 1 3 0 0 0 1 3 3 0 0 0 0 0 0 2 0 0 0 0 0 2 0 0 0 2 2 0 0 2 2 2 2 0 0 0 0 0 0 0 0 0 2 2 0 2 2 2 2 2 2 2 2 2 2 3 2 3 1 3 2 3 1 0 0 0 0 2 2 2 2 2 2 2 2 2 2 2 2 2 2 2 2 3 1 2 1 2
0 31 2 1 2 1 0 0 0 1 3 0 2 0 0 0 3 0 2 0 0 0 1 3 3 2 0 0 0 1 3 1 2
0 60 0 0 2 0 0 2 3 0 3 3 3 3 3 3 2 2 2 2 2 1 3 0 0 0 1 1 0 0 0 0 1 3 3 1 3 2 1 3 1 3 2 0 0 0 1 3 0 1 3 1 3 0 0 0 1 1 0 1 1 2
0 76 0 2 2 2 2 2 2 2 2 2 2 2 2 2 2 2 2 2 2 2 2 2 0 0 0 0 0 0 0 2 0 2 0 0 0 0 0 2 2 0 0 2 0 0 0 0 0 2 2 2 2 2 2 2 2 2 2 2 0 0 2 2 2 2 2 2 3 1 3 2 2 1 2 2 2 0
0 5 2 0 0 0 1
0 44 0 0 0 0 3 3 3 3 3 3 0 3 3 3 0 3 0 0 3 3 3 3 3 3 3 0 3 2 2 2 2 2 2 2 2 2 2 2 2 2 1 2 2 2
0 49 1 3 2 1 3 2 2 0 0 0 1 3 3 2 1 3 2 2 0 0 0 1 3 3 0 0 0 1 3 0 2 0 0 0 1 3 0 1 3 1 3 0 0 0 3 3 2 1 2
0 153 0 0 0 2 0 0 0 0 0 2 0 0 0 0 2 2 0 0 0 0 2 0 2 0 0 0 0 0 2 0 2 0 0 2 0 2 0 0 2 0 0 0 0 0 2 0 2 0 0 0 0 0 2 0 0 2 0 0 2 0 0 0 2 0 0 0 2 0 0 0 0 0 0 0 0 0 2 0 0 0 0 0 2 0 0 0 0 0 2 0 0 0 0 2 2 2 0 0 2 2 2 2 2 2 2 2 2 2 2 2 2 2 2 2 2 2 2 2 2 2 2 2 0 0 0 0 0 0 2 2 2 0 0 0 0 0 2 2 2 2 2 2 2 0 2 2 3 2 3 1 3 1 2
0 51 0 0 0 0 0 0 0 0 2 3 0 3 3 0 3 3 0 0 3 3 3 3 3 0 3 3 3 0 3 3 0 0 3 2 2 2 2 2 2 2 0 0 0 1 3 0 1 2 0 0 0
0 5 2 2 2 2 2
0 52 0 0 0 0 0 0 0 0 2 3 0 3 3 0 3 3 0 0 3 3 3 3 3 0 3 3 3 0 3 3 0 0 3 2 2 2 2 2 2 2 0 0 0 1 3 0 1 2 0 0 0 3
0 6 2 2 2 0 0 0
0 7 2 2 2 2 2 2 2
0 138 2 1 3 1 3 2 0 0 0 1 3 0 0 0 0 3 3 1 3 1 3 2 2 0 0 0 1 1 0 1 3 0 0 0 1 3 3 2 2 2 1 3 0 0 0 1 3 3 1 3 1 3 1 3 2 0 0 0 1 3 0 1 3 2 0 0 0 1 1 3 0 0 0 3 3 2 2 2 2 0 0 0 1 3 0 2 2 2 2 2 2 2 2 2 0 0 0 0 0 0 0 0 0 0 2 0 2 0 0 0 0 2 2 0 0 2 0 0 0 0 0 0 2 2 2 2 2 2 3 1 3 1 3 1 2 0 0 2
0 69 1 3 0 0 0 1 0 2 0 0 0 1 3 0 2 1 3 2 2 0 0 0 3 3 1 3 0 0 0 1 0 0 2 2 2 2 2 2 0 0 2 2 2 2 2 2 2 2 2 2 3 1 2 1 3 1 2 1 2 1 2 2 2 2 2 2 2 2 2
0 7 2 2 2 0 0 0 1
0 5 2 0 0 0 3
0 1 2
0 2 2 0
0 68 2 1 3 1 3 2 2 0 0 0 1 1 0 0 0 0 0 2 0 0 0 0 0 0 0 0 0 2 2 2 2 2 2 2 2 2 2 2 2 2 2 2 3 1 2 2 3 1 2 2 0 2 2 2 2 2 2 2 2 2 2 2 1 3 2 2 1 2
0 33 2 1 2 1 0 0 0 1 3 0 2 0 0 0 3 0 2 0 0 0 1 3 3 2 0 0 0 1 3 1 2 1 2
0 135 2 1 3 1 3 2 0 0 0 1 3 0 0 0 0 3 3 1 3 1 3 2 2 0 0 0 1 1 0 1 3 0 0 0 1 3 3 2 2 2 1 3 0 0 0 1 3 3 1 3 1 3 1 3 2 0 0 0 1 3 0 1 3 2 0 0 0 1 1 3 0 0 0 3 3 2 2 2 2 0 0 0 1 3 0 2 2 2 2 2 2 2 2 2 0 0 0 0 0 0 0 0 0 0 2 0 2 0 0 0 0 2 2 0 0 2 0 0 0 0 0 0 2 2 2 2 2 2 3 1 3 1 3 1 2
0 75 0 2 2 2 2 2 2 2 2 2 2 2 2 2 2 2 2 2 2 2 2 2 0 0 0 0 0 0 0 2 0 2 0 0 0 0 0 2 2 0 0 2 0 0 0 0 0 2 2 2 2 2 2 2 2 2 2 2 0 0 2 2 2 2 2 2 3 1 3 2 2 1 2 2 2
0 48 0 0 0 0 0 0 0 0 2 3 0 3 3 0 3 3 0 0 3 3 3 3 3 0 3 3 3 0 3 3 0 0 3 2 2 2 2 2 2 2 0 0 0 1 3 0 1 2
0 89 0 0 0 0 0 0 2 2 2 1 3 1 3 2 0 0 0 0 2 3 3 3 3 3 0 3 3 3 3 3 0 3 0 3 2 2 2 2 2 2 1 3 1 3 2 1 3 0 0 0 1 3 0 2 1 3 1 3 1 3 0 0 0 1 0 2 2 2 2 0 0 0 1 3 1 3 1 3 1 3 2 0 0 0 1 1 0 1 2
0 3 2 0 0
0 15 2 2 2 2 2 2 2 1 3 1 2 1 2 2 2
0 14 1 3 2 1 3 2 0 0 0 1 1 0 1 2
0 67 1 3 0 0 0 1 0 2 0 0 0 1 3 0 2 1 3 2 2 0 0 0 3 3 1 3 0 0 0 1 0 0 2 2 2 2 2 2 0 0 2 2 2 2 2 2 2 2 2 2 3 1 2 1 3 1 2 1 2 1 2 2 2 2 2 2 2
0 136 2 1 3 1 3 2 0 0 0 1 3 0 0 0 0 3 3 1 3 1 3 2 2 0 0 0 1 1 0 1 3 0 0 0 1 3 3 2 2 2 1 3 0 0 0 1 3 3 1 3 1 3 1 3 2 0 0 0 1 3 0 1 3 2 0 0 0 1 1 3 0 0 0 3 3 2 2 2 2 0 0 0 1 3 0 2 2 2 2 2 2 2 2 2 0 0 0 0 0 0 0 0 0 0 2 0 2 0 0 0 0 2 2 0 0 2 0 0 0 0 0 0 2 2 2 2 2 2 3 1 3 1 3 1 2 0
0 53 1 3 0 0 0 1 0 2 0 0 0 1 3 0 2 1 3 2 2 0 0 0 3 3 1 3 0 0 0 1 0 0 2 2 2 2 2 2 0 0 2 2 2 2 2 2 2 2 2 2 3 1 2
0 22 0 0 3 3 0 3 3 3 0 3 0 3 3 3 3 3 3 2 2 1 1 2
0 48 0 2 2 2 2 2 2 2 2 2 2 2 2 0 0 0 0 0 0 0 0 0 0 0 0 0 0 0 0 2 0 2 0 0 0 0 0 2 0 0 2 2 2 2 2 3 1 2
0 140 2 1 3 1 3 2 0 0 0 1 3 0 0 0 0 3 3 1 3 1 3 2 2 0 0 0 1 1 0 1 3 0 0 0 1 3 3 2 2 2 1 3 0 0 0 1 3 3 1 3 1 3 1 3 2 0 0 0 1 3 0 1 3 2 0 0 0 1 1 3 0 0 0 3 3 2 2 2 2 0 0 0 1 3 0 2 2 2 2 2 2 2 2 2 0 0 0 0 0 0 0 0 0 0 2 0 2 0 0 0 0 2 2 0 0 2 0 0 0 0 0 0 2 2 2 2 2 2 3 1 3 1 3 1 2 0 0 2 0 0
0 77 0 2 2 2 2 2 2 2 2 2 2 2 2 2 2 2 2 2 2 2 2 2 0 0 0 0 0 0 0 2 0 2 0 0 0 0 0 2 2 0 0 2 0 0 0 0 0 2 2 2 2 2 2 2 2 2 2 2 0 0 2 2 2 2 2 2 3 1 3 2 2 1 2 2 2 0 0
0 71 1 3 0 0 0 1 0 2 0 0 0 1 3 0 2 1 3 2 2 0 0 0 3 3 1 3 0 0 0 1 0 0 2 2 2 2 2 2 0 0 2 2 2 2 2 2 2 2 2 2 3 1 2 1 3 1 2 1 2 1 2 2 2 2 2 2 2 2 2 2 2
0 2 1 2
0 50 1 3 2 0 0 0 1 3 0 0 0 0 0 0 0 2 0 0 0 2 2 0 0 0 2 2 2 2 2 2 2 2 2 0 0 0 0 2 0 2 2 2 2 3 2 2 1 2 2 2
0 26 2 2 0 0 0 1 3 2 0 0 0 1 1 0 2 1 3 0 0 0 3 0 1 1 1 2
0 61 1 3 0 0 0 1 0 2 0 0 0 1 3 0 2 1 3 2 2 0 0 0 3 3 1 3 0 0 0 1 0 0 2 2 2 2 2 2 0 0 2 2 2 2 2 2 2 2 2 2 3 1 2 1 3 1 2 1 2 1 2
0 3 1 1 2
0 42 0 0 0 0 3 3 3 3 3 3 0 3 3 3 0 3 0 0 3 3 3 3 3 3 3 0 3 2 2 2 2 2 2 2 2 2 2 2 2 2 1 2
0 3 2 2 2
0 50 0 2 2 2 2 2 2 2 2 2 2 2 2 0 0 0 0 0 0 0 0 0 0 0 0 0 0 0 0 2 0 2 0 0 0 0 0 2 0 0 2 2 2 2 2 3 1 2 2 2
0 49 2 1 3 1 3 2 2 0 0 0 1 1 0 0 0 0 0 2 0 0 0 0 0 0 0 0 0 2 2 2 2 2 2 2 2 2 2 2 2 2 2 2 3 1 2 2 3 1 2
0 13 2 2 2 2 2 2 2 1 3 1 2 1 2
0 4 2 0 0 0
