888 4
1 0 
1 21 3 3 1 3 1 1 1 1 1 1 2 1 2 1 2 3 0 2 1 0 3
1 81 3 1 1 1 1 1 1 1 1 1 1 1 0 0 1 1 1 1 1 1 1 1 1 1 1 1 1 1 1 1 0 0 0 3 3 1 3 3 1 3 1 1 1 3 3 3 3 1 3 1 3 0 0 3 0 0 3 3 3 3 3 0 0 0 0 0 3 3 2 0 2 0 0 1 0 2 1 3 0 0 3
1 4 0 0 3 1
1 192 3 3 0 0 0 3 3 1 0 0 0 0 0 0 0 2 1 2 1 2 2 2 1 2 1 0 0 0 0 0 0 0 0 0 0 0 2 2 2 1 2 1 2 0 0 0 0 0 0 0 0 0 0 0 0 2 1 0 0 0 0 2 1 2 1 1 2 2 3 0 3 0 3 0 0 3 0 2 1 2 1 0 0 0 0 0 0 0 0 0 0 2 1 2 2 2 2 2 1 2 2 2 0 0 2 2 2 2 2 2 2 2 1 2 2 2 3 0 3 0 3 0 0 3 3 3 3 3 1 1 3 3 1 0 0 0 0 0 0 0 0 2 1 2 2 2 2 2 1 2 2 2 2 2 2 2 2 2 1 2 2 2 2 2 2 1 2 1 2 2 2 2 2 2 2 2 1 2 2 2 2 2 2 1 3 0 0 1 1 2 1 2
1 42 3 0 0 0 0 1 2 2 2 3 0 3 0 3 0 3 0 0 3 0 0 3 1 1 2 1 2 1 2 1 2 1 2 2 2 2 3 0 3 0 0 3
1 58 0 0 0 0 0 0 0 0 0 2 0 0 3 0 3 0 1 1 1 0 1 1 0 3 0 3 2 3 2 0 0 1 1 1 1 1 1 1 2 3 2 3 3 3 0 0 1 2 3 0 3 0 3 0 3 0 0 3
1 31 0 0 1 1 2 3 0 3 0 3 0 3 0 3 0 0 3 1 3 3 0 0 0 0 0 0 0 1 2 1 3
1 8 1 1 1 1 1 1 1 1
1 78 0 0 1 1 2 2 2 2 3 0 3 0 0 3 1 1 1 1 1 1 1 1 1 1 1 1 1 1 0 3 2 3 0 3 0 3 0 0 2 3 3 1 1 1 1 1 1 1 1 1 1 1 1 1 1 1 1 1 1 1 1 1 1 1 0 0 0 2 0 0 3 2 0 2 3 2 3 3
1 32 1 1 1 1 1 1 3 0 0 0 0 0 3 0 0 2 3 3 3 0 0 3 0 0 0 3 2 0 0 3 3 3
1 43 3 3 0 0 2 1 2 2 2 2 2 3 0 3 0 3 0 0 3 1 1 1 1 1 1 1 1 1 1 1 1 1 1 1 1 1 1 1 1 1 1 0 3
1 83 0 0 3 1 2 0 3 3 0 0 0 0 2 1 2 1 2 2 2 2 1 2 1 0 0 0 0 0 0 0 0 0 0 0 0 0 2 1 2 1 2 1 2 1 2 1 0 0 0 0 0 0 2 1 2 1 2 1 0 0 0 0 0 0 0 1 2 2 2 2 2 0 3 1 2 2 2 2 2 3 0 0 3
1 97 3 2 1 0 0 2 1 2 2 2 1 2 1 2 1 2 1 2 2 2 1 2 1 2 2 2 2 1 2 2 2 2 2 0 2 2 2 2 2 2 2 2 1 0 0 0 2 2 2 2 2 2 2 2 1 2 2 2 2 2 2 1 1 2 3 0 0 3 0 0 3 1 2 2 0 3 3 1 3 1 3 1 2 2 2 3 0 3 0 0 3 3 2 1 3 3 1
1 14 3 3 3 0 0 0 0 0 0 3 0 0 3 1
1 19 3 0 0 3 1 2 1 1 1 1 2 1 1 2 2 3 0 0 3
1 43 0 0 3 3 3 3 3 3 3 0 0 0 0 0 2 3 2 0 0 3 2 3 3 3 0 0 0 0 0 3 2 3 2 0 2 3 2 1 3 1 2 1 3
1 62 1 0 1 1 0 1 1 1 1 1 3 0 0 0 0 0 3 3 3 2 0 0 0 2 0 2 3 0 3 0 0 0 0 0 3 0 3 3 2 1 3 1 3 2 1 1 3 0 3 0 3 0 3 0 0 3 3 1 3 1 3 1
1 99 3 3 3 3 0 0 3 1 3 0 3 0 3 0 3 0 0 3 0 0 3 1 2 2 2 3 0 3 0 0 3 0 0 3 1 3 0 3 0 3 0 3 0 0 3 1 1 1 1 1 1 1 1 1 1 1 1 1 1 0 0 0 0 0 0 3 0 0 2 0 2 3 1 1 1 1 1 0 1 1 1 1 0 1 1 1 1 1 1 1 1 1 1 1 1 3 0 0 0
1 4 3 0 0 3
1 40 3 0 0 0 0 3 3 0 0 2 3 2 0 0 0 2 0 0 3 2 0 2 3 2 1 1 2 2 3 0 3 0 3 0 3 0 3 0 0 3
1 28 0 0 3 3 3 0 0 0 0 2 0 0 0 0 3 0 1 1 0 0 2 3 0 3 2 3 0 0
1 19 2 1 0 3 1 2 2 3 0 3 0 3 0 3 0 3 0 0 3
1 56 0 2 1 0 0 0 0 0 0 0 0 0 0 0 2 2 2 2 2 2 1 0 0 0 0 0 0 0 2 1 2 1 0 0 0 3 1 3 3 1 1 2 2 2 3 0 3 0 3 0 3 0 0 3 1 2
1 86 0 0 1 1 1 1 1 1 0 0 1 1 2 2 2 2 2 3 0 3 0 3 0 3 0 3 0 0 3 0 0 0 0 0 0 2 2 2 2 2 2 2 2 2 2 2 2 2 1 2 1 2 2 1 2 1 2 1 0 0 0 0 0 0 1 2 2 2 2 2 3 0 3 0 3 0 3 0 3 0 0 3 0 0 3 1
1 38 3 0 0 3 3 3 3 3 3 3 3 1 1 1 1 1 1 1 1 1 1 1 1 1 1 0 2 0 0 3 0 3 3 3 0 0 0 0
1 13 3 3 3 3 0 0 0 3 0 3 2 3 2
1 50 0 0 1 1 2 2 2 2 2 3 0 3 0 3 0 3 0 3 0 0 3 3 0 0 2 0 0 3 2 3 3 3 3 3 3 0 3 0 0 1 1 2 2 2 2 2 3 0 0 3
1 96 0 0 2 2 2 2 2 2 2 1 2 1 2 2 2 2 0 0 0 0 2 1 2 1 2 2 2 2 2 2 0 0 0 0 0 0 0 0 0 2 1 2 1 2 2 2 1 1 2 1 2 1 2 1 2 1 1 1 1 0 0 3 1 2 0 3 2 1 2 1 1 3 1 1 3 3 3 1 3 3 1 2 2 2 2 2 3 0 3 0 3 0 3 0 0 3
1 140 1 1 1 1 1 3 3 1 3 1 1 1 2 2 3 0 3 0 3 0 3 0 0 3 0 2 1 2 1 2 1 2 2 2 2 2 0 0 0 0 0 2 2 2 2 2 2 1 2 1 2 0 0 0 0 2 2 2 2 2 2 2 2 1 2 2 2 2 2 0 0 0 0 0 0 0 0 0 0 0 2 2 2 2 0 2 2 2 2 1 2 1 2 1 2 1 3 3 3 3 3 3 0 0 0 0 0 0 0 0 0 0 0 0 2 1 2 1 2 1 2 2 2 2 2 2 1 2 2 1 3 0 3 0 3 0 3 0 0 3
1 9 0 0 3 1 1 2 3 3 3
1 29 3 3 1 2 1 3 3 1 3 1 1 2 3 0 3 0 3 0 0 3 3 1 1 3 3 1 2 0 3
1 54 3 3 3 3 0 2 3 0 3 2 0 0 0 2 3 3 2 1 0 1 1 2 2 2 3 0 0 3 0 0 0 0 0 0 0 0 3 0 0 0 0 0 0 0 3 3 3 2 3 0 0 2 0 2
1 5 3 0 0 3 3
1 5 3 3 3 3 3
1 36 0 0 3 3 3 0 0 3 0 0 3 1 2 2 2 3 0 3 0 3 0 0 3 0 0 3 1 2 2 2 3 0 3 0 0 3
1 22 3 2 1 3 3 1 3 1 3 2 1 1 1 0 3 1 2 2 2 2 0 3
1 53 3 3 1 1 1 1 1 1 1 1 1 1 1 1 1 1 1 1 1 1 1 1 1 3 2 3 2 3 2 3 3 0 0 3 3 1 3 3 1 2 1 2 1 1 1 1 1 1 1 1 1 1 2
1 11 2 1 2 1 2 1 2 1 3 3 3
1 29 3 3 3 3 3 0 0 3 0 3 2 0 2 3 0 1 1 1 1 1 1 1 0 0 0 3 0 0 3
1 101 2 1 0 3 1 2 2 2 2 2 3 0 3 0 0 3 3 3 0 0 0 0 0 0 0 0 0 0 0 0 2 1 0 0 2 0 0 0 0 3 2 3 0 1 1 0 0 0 1 1 1 0 1 1 1 1 1 1 1 1 1 1 1 1 1 1 1 1 1 1 1 1 1 1 1 0 3 2 0 2 0 2 0 0 0 0 3 3 0 0 0 0 0 3 0 0 2 0 2 3 2
1 32 0 0 3 1 1 1 1 0 0 0 2 3 2 0 2 3 2 3 2 3 0 0 2 3 0 3 0 3 2 3 0 0
1 25 3 0 3 0 3 3 3 3 0 3 0 0 2 0 2 0 2 0 0 3 3 0 0 3 3
1 32 3 3 0 0 0 0 1 1 2 3 0 3 0 0 3 3 0 3 2 3 0 0 2 3 2 3 2 0 2 0 0 3
1 40 1 1 1 0 1 0 1 1 0 1 1 1 1 1 1 1 1 1 1 1 1 1 2 1 2 3 1 3 3 3 1 1 3 0 3 0 3 0 0 3
1 50 2 1 0 0 2 2 2 2 1 2 2 0 0 1 3 3 3 1 1 2 2 2 2 3 0 0 3 3 3 3 0 0 0 0 0 3 1 0 1 1 1 1 1 1 0 0 3 0 0 2
1 72 0 0 0 0 0 1 1 3 1 1 1 3 1 1 1 3 1 2 2 3 0 0 3 3 0 0 3 3 0 0 1 1 1 0 1 1 1 1 1 1 1 1 1 1 1 1 1 1 1 1 1 1 1 0 1 1 1 1 1 1 1 0 3 3 2 1 0 2 1 2 0 3
1 109 3 0 0 0 3 3 0 0 0 1 3 1 0 2 1 2 1 2 1 2 2 2 2 2 2 0 0 0 0 0 2 1 2 1 2 1 2 1 2 2 2 0 0 0 0 2 1 2 1 2 2 2 2 2 0 0 0 2 2 1 2 1 2 1 2 2 2 2 2 2 1 0 2 1 2 1 2 2 2 2 2 2 2 2 2 1 1 2 1 2 1 1 3 3 3 3 2 1 1 1 1 1 2 1 2 3 3 3 3
1 25 0 0 3 1 2 0 3 0 0 1 3 1 0 3 1 2 2 3 0 3 0 0 3 3 3
1 16 1 3 3 3 1 2 3 0 3 0 3 0 3 0 0 3
1 3 3 0 0
1 3 0 0 3
1 50 3 3 3 3 3 3 0 0 3 0 0 0 3 0 0 0 2 0 2 3 2 3 2 3 3 0 3 3 3 3 0 1 1 1 1 1 1 1 1 1 1 1 1 1 1 1 1 1 0 0
1 38 0 0 3 1 3 0 3 0 3 0 3 0 3 0 0 3 0 0 2 1 2 3 1 1 1 1 1 1 1 1 1 1 1 2 1 1 1 2
1 32 3 1 0 2 1 2 1 1 2 0 0 3 1 1 1 1 1 1 2 1 0 1 3 3 0 2 0 0 3 0 3 3
1 151 3 0 0 0 0 0 3 0 0 0 3 3 0 0 3 2 3 2 3 0 0 3 3 0 3 3 3 2 0 0 3 3 3 0 0 0 0 0 0 2 1 2 1 0 0 2 1 2 1 0 0 0 0 2 1 2 1 2 1 0 0 0 0 0 0 0 0 0 0 0 0 0 0 0 0 0 0 0 1 3 1 0 2 2 2 0 0 0 0 0 0 0 0 0 0 0 0 0 0 0 2 2 2 2 2 2 2 2 2 2 2 2 2 2 2 2 2 2 2 1 2 1 2 1 2 1 0 0 0 0 0 3 3 1 2 2 2 2 2 3 0 3 0 3 0 3 0 3 0 0 3
1 50 0 0 3 1 2 2 2 2 3 0 3 0 3 0 3 0 0 3 3 3 1 1 1 1 0 1 1 0 1 1 1 1 1 1 1 1 1 1 1 1 1 1 3 2 0 0 0 2 0 0
1 250 0 0 0 0 0 0 0 0 0 0 0 0 2 1 2 1 2 1 2 1 0 2 1 0 0 0 0 0 0 0 0 2 1 2 2 1 2 2 2 2 2 0 0 0 2 2 2 2 2 2 0 0 2 1 2 1 0 0 0 2 1 2 1 1 2 1 1 1 1 3 3 3 3 1 0 1 1 1 1 0 3 0 3 0 0 2 0 0 3 2 3 3 0 0 0 0 2 0 2 3 3 1 3 1 1 0 0 0 0 0 0 2 2 2 1 2 2 2 2 2 2 1 2 2 2 2 2 0 0 0 0 0 0 0 0 0 0 0 2 2 2 2 2 2 2 2 1 2 1 0 2 2 2 2 2 3 0 2 1 2 2 2 2 2 2 2 2 2 2 2 1 0 0 0 0 0 0 2 2 2 2 2 2 1 2 1 2 1 2 2 2 2 2 1 2 1 0 0 0 0 0 2 2 2 2 2 2 2 1 2 2 2 2 1 0 2 2 2 2 0 0 0 0 2 1 2 1 2 1 2 2 2 0 0 0 1 2 2 3 0 3 0 3 0 3 0 3 0 0 3
1 33 2 1 3 3 1 3 1 0 0 0 0 2 2 2 2 2 2 1 2 2 1 1 2 1 2 1 2 1 1 1 1 1 2
1 69 2 1 1 2 1 1 3 3 3 1 2 3 0 3 0 0 3 2 1 0 3 1 2 2 3 0 3 0 3 0 0 3 3 3 3 1 3 3 3 1 3 2 1 2 1 2 1 3 3 3 3 0 0 0 0 3 0 0 0 0 0 3 3 3 2 0 0 0 0
1 5 3 3 3 0 2
1 128 3 1 1 3 3 0 0 0 0 0 2 2 2 2 2 2 2 2 2 2 2 2 2 1 0 0 0 0 0 0 2 1 2 1 2 2 2 2 2 2 2 2 2 1 0 0 0 2 1 2 1 2 1 2 1 1 2 2 2 3 0 3 0 3 0 0 3 2 1 0 3 1 1 1 0 1 1 1 1 1 1 1 1 1 1 1 1 1 1 1 0 2 0 2 3 2 0 2 3 0 3 2 0 2 3 2 3 0 0 2 1 3 0 0 0 0 3 0 0 0 0 0 0 0 0 0 0 0
1 20 3 3 0 0 2 3 0 1 1 0 1 1 0 1 3 2 0 2 3 2
1 64 0 3 3 2 3 0 3 0 3 2 0 2 1 1 1 1 1 1 1 1 1 1 0 0 0 0 2 0 2 0 2 3 0 0 0 0 0 0 0 0 0 0 0 3 0 0 0 3 0 3 1 1 1 1 1 0 0 0 3 2 0 2 3 0
1 105 1 3 2 1 1 2 2 2 2 2 3 0 0 3 0 0 2 1 0 0 0 2 1 2 2 2 0 0 0 0 0 0 0 0 0 0 0 2 2 1 2 1 2 1 0 0 0 0 0 0 0 0 2 2 2 2 2 2 2 2 0 0 0 0 0 0 0 0 0 0 0 0 0 0 0 2 2 2 2 1 1 3 3 3 1 1 1 3 3 1 2 2 2 2 2 3 0 3 0 3 0 3 0 0 3
1 6 3 0 0 3 3 3
1 25 0 0 1 1 2 2 2 2 3 0 3 0 0 3 0 0 1 1 0 2 1 3 3 0 0
1 91 3 0 0 0 3 0 0 0 0 0 0 3 1 1 1 1 1 1 1 1 1 1 1 1 1 1 1 1 1 1 1 1 1 0 1 1 1 1 0 1 1 1 1 1 0 0 0 0 0 2 1 0 0 0 0 0 0 2 1 2 1 2 2 2 2 2 0 0 0 0 0 1 1 1 1 1 1 1 0 1 1 1 0 1 1 1 1 0 2 3 0
1 121 0 2 1 2 2 1 2 1 2 2 2 2 2 2 2 2 2 2 2 1 2 1 2 1 2 2 0 1 0 2 1 2 2 2 2 2 2 2 2 2 1 2 1 0 2 1 2 2 2 2 2 2 2 0 0 0 0 0 0 0 2 1 2 1 2 1 2 2 2 2 2 2 2 2 2 1 2 1 0 0 0 0 0 0 0 1 1 1 2 1 2 1 3 0 0 0 0 3 0 1 1 0 1 1 0 0 0 0 3 2 3 0 3 0 1 1 1 1 1 0 3
1 14 3 1 1 1 1 1 1 1 1 1 0 3 3 3
1 33 3 0 0 0 0 2 0 2 0 2 1 2 2 2 2 2 3 0 0 3 0 0 0 0 3 0 3 0 0 0 2 0 0
1 14 0 0 3 1 3 3 0 2 0 0 0 0 3 3
1 28 0 0 3 0 3 2 3 0 0 0 3 0 3 3 3 3 0 0 3 1 2 2 3 0 3 0 0 3
1 1 3
0 8 0 0 1 1 2 2 2 3
0 14 1 3 1 1 3 1 2 1 1 2 2 2 2 2
0 15 3 1 3 2 1 1 3 1 1 2 2 2 2 2 3
0 39 0 0 0 0 0 2 2 1 2 1 0 2 1 2 1 2 2 2 2 1 0 0 0 0 0 0 0 0 0 0 0 0 0 0 0 0 1 2 2
0 35 0 0 1 1 2 3 0 3 0 3 0 3 0 0 3 3 0 0 3 3 3 3 3 0 3 2 3 2 0 0 3 1 2 2 2
0 4 1 2 2 0
0 119 3 3 1 0 1 1 1 1 1 1 1 1 1 3 2 0 2 3 0 3 2 3 3 3 1 1 1 1 1 1 1 1 1 1 1 1 1 1 1 1 0 0 0 2 0 2 0 2 3 3 3 3 3 0 0 0 2 0 2 3 2 0 0 3 0 0 2 2 2 2 1 2 2 1 2 2 2 2 2 2 2 1 2 2 2 2 1 0 0 0 0 0 0 0 0 0 0 0 0 0 0 0 2 1 0 0 0 0 0 1 2 2 2 2 2 3 0 3 0
0 15 2 1 1 1 1 3 2 1 1 2 2 2 3 0 3
0 24 3 1 1 1 3 0 0 2 1 2 2 2 0 0 0 0 0 2 1 1 2 2 3 0
0 24 0 0 3 1 2 2 2 0 3 0 0 3 1 2 2 2 2 3 0 3 0 0 3 2
0 88 0 1 1 1 0 1 0 1 0 3 2 3 0 0 2 0 2 0 0 0 0 3 0 2 2 2 2 2 1 2 1 2 1 2 1 0 0 2 2 2 1 2 1 2 2 2 2 2 2 2 1 2 1 2 1 0 0 0 0 0 0 0 0 2 1 2 2 2 2 2 2 2 2 2 2 1 0 2 1 2 1 3 0 0 3 1 2 2
0 14 3 0 0 1 2 0 3 0 0 3 1 2 2 2
0 44 0 0 0 3 0 0 0 0 0 0 0 0 3 0 0 0 0 2 2 2 2 0 0 0 2 2 2 2 2 1 1 2 2 3 0 3 0 3 0 3 0 3 0 0
0 8 1 0 3 1 2 2 3 0
0 14 0 0 3 1 2 2 2 2 2 3 0 3 0 3
0 11 0 0 3 3 0 0 1 1 2 2 3
0 42 3 3 0 0 0 0 0 0 0 0 0 0 0 0 0 3 0 3 2 0 0 0 0 0 0 0 3 3 2 0 2 3 2 3 3 0 0 1 1 2 2 2
0 45 3 3 0 0 0 0 0 0 0 0 0 0 0 0 0 3 0 3 2 0 0 0 0 0 0 0 3 3 2 0 2 3 2 3 3 0 0 1 1 2 2 2 2 2 3
0 96 3 3 3 3 2 1 0 3 1 3 0 3 0 3 0 0 3 3 3 1 3 3 0 2 2 2 2 2 2 2 2 2 0 0 0 0 0 2 1 2 1 0 0 0 0 0 0 2 2 2 2 2 0 0 0 0 2 2 2 2 2 2 2 2 1 2 0 0 2 2 2 2 2 2 1 2 2 2 2 2 2 2 2 2 1 1 3 3 3 1 2 2 2 2 2 3
0 53 3 1 1 1 1 0 1 1 1 0 2 3 0 3 0 3 0 3 0 3 0 0 0 0 0 2 1 2 2 2 2 0 3 3 3 2 1 0 3 1 2 2 3 0 3 0 3 0 3 0 3 0 0
0 9 0 0 3 1 2 2 2 2 2
0 29 3 1 1 1 3 0 0 2 1 2 2 2 0 0 0 0 0 2 1 1 2 2 3 0 3 0 3 0 3
0 40 1 1 1 1 0 0 0 2 3 0 0 2 3 0 2 2 2 2 2 2 2 1 2 1 2 1 1 2 2 3 0 3 0 3 0 3 0 3 0 0
0 30 0 2 2 0 0 0 0 0 1 2 2 2 3 0 3 0 0 3 2 1 0 3 1 2 2 2 2 3 0 3
0 10 0 0 3 1 2 2 2 3 0 3
0 100 1 1 1 1 1 1 1 1 1 1 1 1 1 1 1 1 1 1 1 1 0 1 1 1 1 1 1 1 1 0 2 0 0 0 2 3 0 0 0 2 3 2 3 3 3 3 1 2 1 1 2 3 0 3 0 3 0 3 0 3 0 0 3 0 0 3 3 3 0 0 0 3 0 0 2 3 2 0 0 0 3 3 3 3 2 1 0 3 1 2 2 2 2 3 0 3 0 3 0 3
0 92 1 1 1 1 1 1 1 1 1 1 1 1 1 1 1 1 1 1 1 1 0 1 1 1 1 1 1 1 1 0 2 0 0 0 2 3 0 0 0 2 3 2 3 3 3 3 1 2 1 1 2 3 0 3 0 3 0 3 0 3 0 0 3 0 0 3 3 3 0 0 0 3 0 0 2 3 2 0 0 0 3 3 3 3 2 1 0 3 1 2 2 2
0 123 3 3 1 0 1 1 1 1 1 1 1 1 1 3 2 0 2 3 0 3 2 3 3 3 1 1 1 1 1 1 1 1 1 1 1 1 1 1 1 1 0 0 0 2 0 2 0 2 3 3 3 3 3 0 0 0 2 0 2 3 2 0 0 3 0 0 2 2 2 2 1 2 2 1 2 2 2 2 2 2 2 1 2 2 2 2 1 0 0 0 0 0 0 0 0 0 0 0 0 0 0 0 2 1 0 0 0 0 0 1 2 2 2 2 2 3 0 3 0 3 0 3 0
0 61 1 1 1 1 1 1 1 1 1 1 1 1 0 1 1 1 1 1 1 1 1 1 1 1 1 1 1 1 1 0 2 0 0 0 0 3 0 3 3 1 1 1 0 0 0 0 0 0 1 3 0 0 3 1 2 2 2 2 2 3 0
0 15 3 1 2 2 2 2 2 3 0 3 0 3 0 3 0
0 7 1 2 2 3 0 3 0
0 6 1 0 1 1 2 2
0 12 3 3 3 3 0 0 1 0 3 1 2 2
0 9 3 1 2 2 2 2 2 3 0
0 15 2 1 3 3 1 1 1 3 1 2 2 3 0 3 0
0 11 2 1 1 1 1 3 2 1 1 2 2
0 14 2 1 3 3 1 1 1 3 1 2 2 3 0 3
0 62 3 0 0 3 0 0 0 0 0 0 0 3 2 0 0 3 0 0 2 2 2 2 2 2 1 0 0 0 0 2 2 2 2 2 2 2 2 0 0 0 2 1 0 3 1 2 2 2 0 3 2 1 0 3 1 2 2 2 2 2 3 0
0 33 0 2 2 2 2 2 0 0 0 0 0 0 0 0 0 0 0 0 0 0 0 0 0 1 2 2 2 3 0 3 0 3 0
0 17 2 1 0 3 1 2 2 2 2 3 0 3 0 3 0 3 0
0 101 1 1 1 1 1 1 1 1 1 1 1 1 1 1 1 1 1 1 1 1 0 1 1 1 1 1 1 1 1 0 2 0 0 0 2 3 0 0 0 2 3 2 3 3 3 3 1 2 1 1 2 3 0 3 0 3 0 3 0 3 0 0 3 0 0 3 3 3 0 0 0 3 0 0 2 3 2 0 0 0 3 3 3 3 2 1 0 3 1 2 2 2 2 3 0 3 0 3 0 3 0
0 17 0 2 2 0 0 0 0 0 1 2 2 2 3 0 3 0 0
0 45 2 1 0 3 1 2 2 2 2 3 0 3 0 3 0 3 0 3 0 0 3 0 0 0 0 0 0 0 0 2 1 2 1 2 1 2 1 2 1 1 2 2 3 0 3
0 107 0 0 0 2 1 2 1 2 1 2 2 2 2 1 2 2 2 2 2 1 2 1 2 2 2 2 1 0 0 0 0 0 0 0 0 0 0 0 0 0 2 2 2 2 2 2 2 2 2 2 2 1 2 0 0 0 0 0 0 0 0 0 0 0 0 2 1 2 2 2 2 1 2 2 2 2 2 1 2 1 2 2 2 2 2 2 1 2 2 2 0 0 0 0 0 0 0 1 3 1 3 3 1 2 2 2 3
0 47 3 1 1 1 1 0 1 1 1 0 2 3 0 3 0 3 0 3 0 3 0 0 0 0 0 2 1 2 2 2 2 0 3 3 3 2 1 0 3 1 2 2 3 0 3 0 3
0 36 1 1 2 3 0 3 0 0 3 1 0 3 3 3 3 0 2 1 2 1 0 0 2 1 2 1 1 2 2 2 2 2 3 0 3 0
0 41 0 0 2 3 2 1 0 2 3 2 1 0 3 1 2 2 2 2 0 3 3 3 3 3 3 3 2 1 3 1 1 3 1 3 1 1 1 1 2 2 3
0 9 1 0 3 1 2 2 3 0 0
0 27 0 0 3 1 2 3 3 0 0 3 3 3 3 1 1 3 3 1 2 2 2 2 3 0 3 0 0
0 12 2 1 0 3 1 2 2 2 2 2 3 0
0 26 0 0 1 1 0 0 2 3 2 1 0 3 1 2 2 2 2 2 3 0 3 0 3 0 3 0
0 33 3 3 0 0 3 3 0 0 0 0 0 3 3 3 1 3 3 3 1 3 2 1 1 2 2 2 2 3 0 3 0 3 0
0 11 3 1 3 2 1 1 3 1 1 2 2
0 45 1 3 1 0 0 0 0 0 0 0 0 0 2 2 2 2 2 2 2 2 1 2 1 0 0 0 0 0 0 0 0 0 0 0 0 2 1 1 3 1 2 2 3 0 3
0 64 3 0 0 0 0 3 0 0 3 2 0 2 3 0 0 1 1 1 1 1 1 1 1 1 1 0 1 1 3 3 0 0 3 0 1 1 1 1 1 0 0 2 2 1 0 1 1 2 1 0 3 1 2 2 2 2 2 3 0 3 0 3 0 3
0 8 0 0 3 1 2 2 2 0
0 119 1 1 1 2 2 1 1 1 2 1 1 3 1 1 1 1 0 1 1 1 1 1 1 1 1 1 1 1 1 3 0 3 2 3 0 3 2 0 0 0 0 0 0 0 0 0 0 0 3 0 0 3 2 3 2 3 0 1 1 1 1 1 1 1 1 1 1 1 1 1 1 1 1 1 1 1 0 1 1 1 0 3 0 3 0 3 2 3 2 3 0 0 3 1 2 1 1 3 1 3 3 3 3 1 3 3 1 1 1 2 2 2 2 3 0 3 0 3 0
0 118 3 1 1 3 3 3 0 2 1 2 2 2 0 0 0 0 0 0 0 2 1 2 1 2 1 2 1 0 2 1 2 2 2 2 2 2 0 0 2 2 2 2 2 2 1 0 0 2 2 2 2 2 2 2 2 1 2 1 2 1 0 2 1 2 2 2 2 1 2 1 2 2 0 0 2 1 0 0 0 0 2 1 2 2 2 2 2 1 2 1 0 0 0 0 0 0 0 0 2 1 0 0 1 3 1 3 1 2 1 1 2 2 2 2 3 0 3 0
0 8 1 3 3 1 2 2 2 2
0 118 3 3 1 0 1 1 1 1 1 1 1 1 1 3 2 0 2 3 0 3 2 3 3 3 1 1 1 1 1 1 1 1 1 1 1 1 1 1 1 1 0 0 0 2 0 2 0 2 3 3 3 3 3 0 0 0 2 0 2 3 2 0 0 3 0 0 2 2 2 2 1 2 2 1 2 2 2 2 2 2 2 1 2 2 2 2 1 0 0 0 0 0 0 0 0 0 0 0 0 0 0 0 2 1 0 0 0 0 0 1 2 2 2 2 2 3 0 3
0 16 0 0 1 1 2 2 2 3 0 3 0 3 0 3 0 0
0 20 2 1 1 1 1 3 2 1 1 2 2 2 3 0 3 0 3 0 3 0
0 43 0 0 0 3 0 0 0 0 0 0 0 0 3 0 0 0 0 2 2 2 2 0 0 0 2 2 2 2 2 1 1 2 2 3 0 3 0 3 0 3 0 3 0
0 23 0 0 0 0 0 0 0 0 0 0 0 0 0 0 0 0 3 1 2 2 2 2 3
0 46 3 1 1 1 1 0 1 1 1 0 2 3 0 3 0 3 0 3 0 3 0 0 0 0 0 2 1 2 2 2 2 0 3 3 3 2 1 0 3 1 2 2 3 0 3 0
0 13 2 1 0 3 1 2 2 2 2 2 3 0 0
0 47 2 1 0 0 2 1 2 1 0 0 0 3 3 1 1 1 0 2 1 2 1 2 2 2 2 2 2 2 2 2 2 1 0 0 0 0 2 2 2 1 0 2 0 1 2 2 3
0 8 0 0 3 1 2 2 2 2
0 47 2 1 3 1 1 3 1 3 3 3 1 3 3 1 1 2 1 2 1 1 1 1 1 1 2 1 2 3 0 0 2 1 0 1 1 2 2 2 3 0 3 0 3 0 3 0 0
0 199 0 0 1 1 1 1 0 1 1 1 1 0 1 1 1 1 0 1 1 3 0 3 0 0 0 3 0 3 0 0 0 0 3 3 0 0 0 0 0 2 1 2 1 2 1 2 1 2 2 2 2 1 2 1 0 0 0 0 2 2 2 2 1 2 1 0 0 0 0 0 2 2 2 2 2 1 2 1 2 1 0 2 1 2 2 2 2 0 2 1 2 1 2 2 2 2 2 2 2 2 2 2 0 1 1 3 1 1 3 1 1 1 2 3 0 3 0 3 0 3 0 0 3 0 0 0 0 0 0 0 2 2 2 2 1 2 2 2 2 2 2 2 1 2 1 2 1 2 1 2 1 2 2 2 2 2 2 2 2 2 2 2 1 2 1 2 2 2 2 2 2 2 1 2 0 0 0 0 0 0 2 2 2 2 2 2 1 0 0 0 0 0 0 0 0 0 1 2 2
0 4 1 2 2 3
0 11 3 0 0 2 3 1 0 3 1 2 2
0 46 1 2 2 2 2 3 0 3 0 3 0 0 3 3 0 0 0 0 3 3 2 3 0 0 3 0 0 0 3 1 3 2 1 2 1 1 2 2 2 3 0 3 0 3 0 3
0 22 0 0 3 1 2 3 3 0 0 3 3 3 3 1 1 3 3 1 2 2 2 2
0 69 2 1 0 0 2 1 2 1 0 0 0 3 3 1 1 1 0 2 1 2 1 2 2 2 2 2 2 2 2 2 2 1 0 0 0 0 2 2 2 1 0 2 0 1 2 2 3 0 3 0 3 0 0 3 0 0 0 0 0 0 2 1 2 1 2 1 1 2 2
0 19 3 0 0 3 0 0 0 1 2 1 1 2 2 2 2 2 3 0 0
0 21 3 3 3 0 0 0 0 0 0 3 2 3 0 0 0 3 1 2 2 2 2
0 42 0 0 1 1 2 3 0 3 0 3 0 3 0 0 3 3 0 0 3 3 3 3 3 0 3 2 3 2 0 0 3 1 2 2 2 2 2 3 0 3 0 3
0 49 0 0 2 2 2 2 2 0 2 1 2 2 2 2 1 2 2 2 2 2 2 2 2 2 2 2 2 2 2 0 0 0 2 2 2 1 2 1 2 2 1 1 2 2 2 2 3 0 3
0 41 2 1 3 1 1 3 1 3 3 3 1 3 3 1 1 2 1 2 1 1 1 1 1 1 2 1 2 3 0 0 2 1 0 1 1 2 2 2 3 0 3
0 9 1 2 2 3 0 3 0 3 0
0 51 3 1 1 1 1 1 1 1 1 1 1 1 1 1 1 1 1 1 1 1 1 1 1 1 1 0 1 1 1 0 1 1 1 1 1 3 2 3 2 0 2 3 2 3 0 3 3 1 2 2 2
0 92 0 1 1 1 0 1 0 1 0 3 2 3 0 0 2 0 2 0 0 0 0 3 0 2 2 2 2 2 1 2 1 2 1 2 1 0 0 2 2 2 1 2 1 2 2 2 2 2 2 2 1 2 1 2 1 0 0 0 0 0 0 0 0 2 1 2 2 2 2 2 2 2 2 2 2 1 0 2 1 2 1 3 0 0 3 1 2 2 2 2 3 0
0 111 1 1 1 2 2 1 1 1 2 1 1 3 1 1 1 1 0 1 1 1 1 1 1 1 1 1 1 1 1 3 0 3 2 3 0 3 2 0 0 0 0 0 0 0 0 0 0 0 3 0 0 3 2 3 2 3 0 1 1 1 1 1 1 1 1 1 1 1 1 1 1 1 1 1 1 1 0 1 1 1 0 3 0 3 0 3 2 3 2 3 0 0 3 1 2 1 1 3 1 3 3 3 3 1 3 3 1 1 1 2 2
0 50 3 1 1 1 1 0 1 1 1 0 2 3 0 3 0 3 0 3 0 3 0 0 0 0 0 2 1 2 2 2 2 0 3 3 3 2 1 0 3 1 2 2 3 0 3 0 3 0 3 0
0 32 0 2 2 2 2 2 1 0 0 0 0 0 0 0 1 3 3 1 3 1 3 2 1 1 2 2 2 2 2 3 0 0
0 13 3 3 3 3 0 0 1 0 3 1 2 2 2
0 48 2 1 0 0 2 1 2 1 0 0 0 3 3 1 1 1 0 2 1 2 1 2 2 2 2 2 2 2 2 2 2 1 0 0 0 0 2 2 2 1 0 2 0 1 2 2 3 0
0 50 3 3 1 3 1 1 3 2 1 1 2 2 2 3 0 3 0 0 3 3 3 3 1 3 2 1 1 3 1 3 1 3 0 3 0 3 0 0 3 0 0 3 1 2 2 2 2 3 0 0
0 15 0 0 3 1 2 2 2 0 3 0 0 3 1 2 2
0 59 1 1 1 1 1 1 1 1 1 1 1 1 0 1 1 1 1 1 1 1 1 1 1 1 1 1 1 1 1 0 2 0 0 0 0 3 0 3 3 1 1 1 0 0 0 0 0 0 1 3 0 0 3 1 2 2 2 2 2
0 48 0 0 2 2 2 2 2 0 2 1 2 2 2 2 1 2 2 2 2 2 2 2 2 2 2 2 2 2 2 0 0 0 2 2 2 1 2 1 2 2 1 1 2 2 2 2 3 0
0 28 3 1 1 1 3 0 0 2 1 2 2 2 0 0 0 0 0 2 1 1 2 2 3 0 3 0 3 0
0 94 3 3 3 3 2 1 0 3 1 3 0 3 0 3 0 0 3 3 3 1 3 3 0 2 2 2 2 2 2 2 2 2 0 0 0 0 0 2 1 2 1 0 0 0 0 0 0 2 2 2 2 2 0 0 0 0 2 2 2 2 2 2 2 2 1 2 0 0 2 2 2 2 2 2 1 2 2 2 2 2 2 2 2 2 1 1 3 3 3 1 2 2 2 2
0 89 0 1 1 1 0 1 0 1 0 3 2 3 0 0 2 0 2 0 0 0 0 3 0 2 2 2 2 2 1 2 1 2 1 2 1 0 0 2 2 2 1 2 1 2 2 2 2 2 2 2 1 2 1 2 1 0 0 0 0 0 0 0 0 2 1 2 2 2 2 2 2 2 2 2 2 1 0 2 1 2 1 3 0 0 3 1 2 2 2
0 97 1 1 1 1 1 1 1 1 1 1 1 1 1 1 1 1 1 1 1 1 0 1 1 1 1 1 1 1 1 0 2 0 0 0 2 3 0 0 0 2 3 2 3 3 3 3 1 2 1 1 2 3 0 3 0 3 0 3 0 3 0 0 3 0 0 3 3 3 0 0 0 3 0 0 2 3 2 0 0 0 3 3 3 3 2 1 0 3 1 2 2 2 2 3 0 3 0
0 30 3 1 1 1 3 0 0 2 1 2 2 2 0 0 0 0 0 2 1 1 2 2 3 0 3 0 3 0 3 0
0 14 0 0 3 1 2 2 2 3 0 3 0 3 0 3
0 39 0 0 1 1 2 3 0 3 0 3 0 3 0 0 3 3 0 0 3 3 3 3 3 0 3 2 3 2 0 0 3 1 2 2 2 2 2 3 0
0 9 2 1 0 3 1 2 2 2 3
0 67 3 0 0 3 0 0 0 0 0 0 0 3 2 0 0 3 0 0 2 2 2 2 2 2 1 0 0 0 0 2 2 2 2 2 2 2 2 0 0 0 2 1 0 3 1 2 2 2 0 3 2 1 0 3 1 2 2 2 2 2 3 0 3 0 3 0 3
0 13 0 0 3 1 2 2 2 2 2 3 0 3 0
0 65 1 1 1 1 1 1 1 1 1 3 2 0 2 3 2 3 0 0 0 3 0 0 3 2 1 0 0 2 2 2 2 2 2 2 2 1 2 1 2 1 2 2 1 2 2 2 2 0 2 1 2 1 2 1 0 0 0 0 0 0 2 1 1 2 2
0 25 0 0 3 1 2 3 3 0 0 3 3 3 3 1 1 3 3 1 2 2 2 2 3 0 3
0 84 1 1 1 1 0 0 1 1 1 1 1 1 1 3 2 3 0 0 0 0 0 0 2 2 2 2 2 2 2 2 2 2 1 0 0 0 2 2 2 2 2 2 2 1 2 1 2 1 0 0 0 0 0 2 1 2 2 2 2 2 1 2 2 2 2 1 0 0 0 2 1 0 0 3 1 2 2 2 2 3 0 3 0 3
0 43 2 1 3 1 1 3 1 3 3 3 1 3 3 1 1 2 1 2 1 1 1 1 1 1 2 1 2 3 0 0 2 1 0 1 1 2 2 2 3 0 3 0 3
0 49 3 3 1 3 1 1 3 2 1 1 2 2 2 3 0 3 0 0 3 3 3 3 1 3 2 1 1 3 1 3 1 3 0 3 0 3 0 0 3 0 0 3 1 2 2 2 2 3 0
0 45 3 3 3 3 1 1 1 0 1 1 1 1 1 0 0 0 0 2 0 0 0 0 3 2 3 0 3 2 0 0 3 0 0 1 1 2 2 2 2 3 0 3 0 3 0
0 119 3 1 1 3 3 3 0 2 1 2 2 2 0 0 0 0 0 0 0 2 1 2 1 2 1 2 1 0 2 1 2 2 2 2 2 2 0 0 2 2 2 2 2 2 1 0 0 2 2 2 2 2 2 2 2 1 2 1 2 1 0 2 1 2 2 2 2 1 2 1 2 2 0 0 2 1 0 0 0 0 2 1 2 2 2 2 2 1 2 1 0 0 0 0 0 0 0 0 2 1 0 0 1 3 1 3 1 2 1 1 2 2 2 2 3 0 3 0 3
0 20 2 1 3 3 1 1 1 3 1 2 2 3 0 3 0 3 0 3 0 0
0 15 0 0 3 3 0 0 1 1 2 2 3 0 3 0 0
0 60 3 0 0 3 0 0 0 0 0 0 0 3 2 0 0 3 0 0 2 2 2 2 2 2 1 0 0 0 0 2 2 2 2 2 2 2 2 0 0 0 2 1 0 3 1 2 2 2 0 3 2 1 0 3 1 2 2 2 2 2
0 17 2 1 1 1 1 3 2 1 1 2 2 2 3 0 3 0 3
0 58 3 0 0 3 0 0 0 0 0 0 0 3 2 0 0 3 0 0 2 2 2 2 2 2 1 0 0 0 0 2 2 2 2 2 2 2 2 0 0 0 2 1 0 3 1 2 2 2 0 3 2 1 0 3 1 2 2 2
0 35 0 2 2 0 0 0 0 0 1 2 2 2 3 0 3 0 0 3 2 1 0 3 1 2 2 2 2 3 0 3 0 3 0 3 0
0 49 1 2 2 2 2 3 0 3 0 3 0 0 3 3 0 0 0 0 3 3 2 3 0 0 3 0 0 0 3 1 3 2 1 2 1 1 2 2 2 3 0 3 0 3 0 3 0 3 0
0 69 1 1 1 1 1 1 1 1 1 3 2 0 2 3 2 3 0 0 0 3 0 0 3 2 1 0 0 2 2 2 2 2 2 2 2 1 2 1 2 1 2 2 1 2 2 2 2 0 2 1 2 1 2 1 0 0 0 0 0 0 2 1 1 2 2 2 2 3 0
0 23 0 0 3 1 2 3 3 0 0 3 3 3 3 1 1 3 3 1 2 2 2 2 3
0 13 0 2 2 0 0 0 0 0 1 2 2 2 3
0 115 3 1 1 3 3 3 0 2 1 2 2 2 0 0 0 0 0 0 0 2 1 2 1 2 1 2 1 0 2 1 2 2 2 2 2 2 0 0 2 2 2 2 2 2 1 0 0 2 2 2 2 2 2 2 2 1 2 1 2 1 0 2 1 2 2 2 2 1 2 1 2 2 0 0 2 1 0 0 0 0 2 1 2 2 2 2 2 1 2 1 0 0 0 0 0 0 0 0 2 1 0 0 1 3 1 3 1 2 1 1 2 2 2 2 3
0 53 3 3 0 0 0 0 0 0 0 0 0 0 0 0 0 3 0 3 2 0 0 0 0 0 0 0 3 3 2 0 2 3 2 3 3 0 0 1 1 2 2 2 2 2 3 0 3 0 0 3 1 2 2
0 113 3 3 1 0 1 1 1 1 1 1 1 1 1 3 2 0 2 3 0 3 2 3 3 3 1 1 1 1 1 1 1 1 1 1 1 1 1 1 1 1 0 0 0 2 0 2 0 2 3 3 3 3 3 0 0 0 2 0 2 3 2 0 0 3 0 0 2 2 2 2 1 2 2 1 2 2 2 2 2 2 2 1 2 2 2 2 1 0 0 0 0 0 0 0 0 0 0 0 0 0 0 0 2 1 0 0 0 0 0 1 2 2 2
0 8 1 0 3 1 2 2 2 0
0 65 3 3 0 0 0 0 0 2 0 0 3 3 0 1 1 1 1 3 2 0 0 0 0 3 0 0 2 1 2 2 2 3 0 3 0 3 0 3 0 0 3 3 1 3 3 1 3 1 2 3 0 3 0 3 0 0 3 1 0 3 1 2 2 2 3
0 94 3 3 1 1 3 1 2 3 0 3 0 3 0 3 0 0 3 3 3 3 0 0 3 1 1 1 1 0 1 1 1 1 1 1 1 1 1 1 1 1 1 1 1 0 1 0 1 1 1 0 0 2 3 0 3 2 0 2 3 2 1 2 1 0 2 1 2 2 2 2 2 2 2 2 2 2 2 0 0 0 1 1 3 3 1 2 2 2 2 3 0 3 0 0
0 63 3 0 0 0 0 3 0 0 3 2 0 2 3 0 0 1 1 1 1 1 1 1 1 1 1 0 1 1 3 3 0 0 3 0 1 1 1 1 1 0 0 2 2 1 0 1 1 2 1 0 3 1 2 2 2 2 2 3 0 3 0 3 0
0 43 2 1 0 3 1 2 2 2 2 3 0 3 0 3 0 3 0 3 0 0 3 0 0 0 0 0 0 0 0 2 1 2 1 2 1 2 1 2 1 1 2 2 3
0 26 0 0 3 1 2 3 3 0 0 3 3 3 3 1 1 3 3 1 2 2 2 2 3 0 3 0
0 14 2 1 1 1 1 3 2 1 1 2 2 2 3 0
0 13 2 1 3 3 1 1 1 3 1 2 2 3 0
0 43 3 3 3 3 1 1 1 0 1 1 1 1 1 0 0 0 0 2 0 0 0 0 3 2 3 0 3 2 0 0 3 0 0 1 1 2 2 2 2 3 0 3 0
0 21 0 0 0 0 0 0 0 0 0 0 0 0 0 0 0 0 3 1 2 2 2
0 7 0 0 3 1 1 2 2
0 113 0 0 0 2 1 2 1 2 1 2 2 2 2 1 2 2 2 2 2 1 2 1 2 2 2 2 1 0 0 0 0 0 0 0 0 0 0 0 0 0 2 2 2 2 2 2 2 2 2 2 2 1 2 0 0 0 0 0 0 0 0 0 0 0 0 2 1 2 2 2 2 1 2 2 2 2 2 1 2 1 2 2 2 2 2 2 1 2 2 2 0 0 0 0 0 0 0 1 3 1 3 3 1 2 2 2 3 0 3 0 3 0 0
0 24 1 0 2 1 2 2 0 3 3 3 3 3 3 0 0 0 0 3 0 0 1 1 2 2
0 39 1 1 1 1 0 0 0 2 3 0 0 2 3 0 2 2 2 2 2 2 2 1 2 1 2 1 1 2 2 3 0 3 0 3 0 3 0 3 0
0 38 0 0 1 1 2 3 0 3 0 3 0 3 0 0 3 3 0 0 3 3 3 3 3 0 3 2 3 2 0 0 3 1 2 2 2 2 2 3
0 72 2 1 0 0 2 1 2 1 0 0 0 3 3 1 1 1 0 2 1 2 1 2 2 2 2 2 2 2 2 2 2 1 0 0 0 0 2 2 2 1 0 2 0 1 2 2 3 0 3 0 3 0 0 3 0 0 0 0 0 0 2 1 2 1 2 1 1 2 2 2 2 3
0 26 0 2 2 0 0 0 0 0 1 2 2 2 3 0 3 0 0 3 2 1 0 3 1 2 2 2
0 13 3 3 3 1 3 1 2 2 2 3 0 3 0
0 21 2 1 1 1 1 3 2 1 1 2 2 2 3 0 3 0 3 0 3 0 3
0 117 1 1 1 2 2 1 1 1 2 1 1 3 1 1 1 1 0 1 1 1 1 1 1 1 1 1 1 1 1 3 0 3 2 3 0 3 2 0 0 0 0 0 0 0 0 0 0 0 3 0 0 3 2 3 2 3 0 1 1 1 1 1 1 1 1 1 1 1 1 1 1 1 1 1 1 1 0 1 1 1 0 3 0 3 0 3 2 3 2 3 0 0 3 1 2 1 1 3 1 3 3 3 3 1 3 3 1 1 1 2 2 2 2 3 0 3 0
0 44 2 1 0 2 1 2 1 2 2 2 2 2 0 0 0 0 0 0 0 0 0 0 0 0 0 0 0 0 0 0 0 0 0 2 1 1 2 2 2 2 2 3 0 3
0 13 3 3 1 2 1 1 2 2 2 2 3 0 3
0 17 3 1 2 2 2 2 2 3 0 3 0 3 0 3 0 3 0
0 42 3 1 1 1 1 0 1 1 1 0 2 3 0 3 0 3 0 3 0 3 0 0 0 0 0 2 1 2 2 2 2 0 3 3 3 2 1 0 3 1 2 2
0 5 1 2 2 3 0
0 33 2 1 1 1 1 3 2 1 1 2 2 2 3 0 3 0 3 0 3 0 3 0 0 3 0 0 2 1 0 3 1 2 2
0 40 1 1 2 3 0 3 0 0 3 1 0 3 3 3 3 0 2 1 2 1 0 0 2 1 2 1 1 2 2 2 2 2 3 0 3 0 3 0 3 0
0 44 1 3 1 0 0 0 0 0 0 0 0 0 2 2 2 2 2 2 2 2 1 2 1 0 0 0 0 0 0 0 0 0 0 0 0 2 1 1 3 1 2 2 3 0
0 21 2 1 1 2 3 0 3 0 0 3 1 3 3 3 3 3 1 2 2 3 0
0 144 2 1 0 2 1 3 1 1 1 2 1 0 0 0 0 0 0 0 2 2 2 1 2 1 2 2 2 1 0 0 0 0 0 0 0 0 0 0 0 1 3 0 2 2 1 2 1 2 1 2 2 2 2 2 2 2 2 2 1 2 1 0 0 0 0 0 0 2 1 2 1 2 1 2 1 0 0 0 0 0 0 0 0 0 0 2 2 2 2 2 0 0 0 2 2 2 2 2 2 1 1 3 0 3 0 3 0 3 0 0 3 1 0 2 1 3 3 0 0 0 2 1 0 2 2 2 2 2 2 1 2 2 2 0 0 0 0 0 0 1 2 2 2 2
0 10 1 0 3 1 2 2 3 0 3 0
0 20 0 0 1 1 0 0 2 3 2 1 0 3 1 2 2 2 2 2 3 0
0 121 3 3 1 0 1 1 1 1 1 1 1 1 1 3 2 0 2 3 0 3 2 3 3 3 1 1 1 1 1 1 1 1 1 1 1 1 1 1 1 1 0 0 0 2 0 2 0 2 3 3 3 3 3 0 0 0 2 0 2 3 2 0 0 3 0 0 2 2 2 2 1 2 2 1 2 2 2 2 2 2 2 1 2 2 2 2 1 0 0 0 0 0 0 0 0 0 0 0 0 0 0 0 2 1 0 0 0 0 0 1 2 2 2 2 2 3 0 3 0 3 0
0 49 3 3 0 0 0 0 0 0 0 0 0 0 0 0 0 3 0 3 2 0 0 0 0 0 0 0 3 3 2 0 2 3 2 3 3 0 0 1 1 2 2 2 2 2 3 0 3 0 0
0 69 3 0 0 3 0 0 0 0 0 0 0 3 2 0 0 3 0 0 2 2 2 2 2 2 1 0 0 0 0 2 2 2 2 2 2 2 2 0 0 0 2 1 0 3 1 2 2 2 0 3 2 1 0 3 1 2 2 2 2 2 3 0 3 0 3 0 3 0 0
0 14 1 3 3 1 2 2 2 2 2 3 0 3 0 0
0 46 3 3 3 3 1 1 1 0 1 1 1 1 1 0 0 0 0 2 0 0 0 0 3 2 3 0 3 2 0 0 3 0 0 1 1 2 2 2 2 3 0 3 0 3 0 3
0 68 1 1 1 1 1 1 1 1 1 3 2 0 2 3 2 3 0 0 0 3 0 0 3 2 1 0 0 2 2 2 2 2 2 2 2 1 2 1 2 1 2 2 1 2 2 2 2 0 2 1 2 1 2 1 0 0 0 0 0 0 2 1 1 2 2 2 2 3
0 16 1 0 3 1 2 2 2 2 2 3 0 3 0 3 0 3
0 13 3 3 1 3 1 1 3 2 1 1 2 2 2
0 39 2 1 0 2 1 2 1 2 2 2 2 2 0 0 0 0 0 0 0 0 0 0 0 0 0 0 0 0 0 0 0 0 0 2 1 1 2 2 2
0 116 3 3 1 0 1 1 1 1 1 1 1 1 1 3 2 0 2 3 0 3 2 3 3 3 1 1 1 1 1 1 1 1 1 1 1 1 1 1 1 1 0 0 0 2 0 2 0 2 3 3 3 3 3 0 0 0 2 0 2 3 2 0 0 3 0 0 2 2 2 2 1 2 2 1 2 2 2 2 2 2 2 1 2 2 2 2 1 0 0 0 0 0 0 0 0 0 0 0 0 0 0 0 2 1 0 0 0 0 0 1 2 2 2 2 2 3
0 102 1 1 1 1 1 1 1 1 1 1 1 1 1 1 1 1 1 1 1 1 0 1 1 1 1 1 1 1 1 0 2 0 0 0 2 3 0 0 0 2 3 2 3 3 3 3 1 2 1 1 2 3 0 3 0 3 0 3 0 3 0 0 3 0 0 3 3 3 0 0 0 3 0 0 2 3 2 0 0 0 3 3 3 3 2 1 0 3 1 2 2 2 2 3 0 3 0 3 0 3 0 0
0 113 3 1 1 3 3 3 0 2 1 2 2 2 0 0 0 0 0 0 0 2 1 2 1 2 1 2 1 0 2 1 2 2 2 2 2 2 0 0 2 2 2 2 2 2 1 0 0 2 2 2 2 2 2 2 2 1 2 1 2 1 0 2 1 2 2 2 2 1 2 1 2 2 0 0 2 1 0 0 0 0 2 1 2 2 2 2 2 1 2 1 0 0 0 0 0 0 0 0 2 1 0 0 1 3 1 3 1 2 1 1 2 2 2
0 12 0 0 1 1 2 2 2 3 0 3 0 3
0 11 2 1 0 3 1 2 2 2 2 3 0
0 54 3 0 0 0 0 3 0 0 3 2 0 2 3 0 0 1 1 1 1 1 1 1 1 1 1 0 1 1 3 3 0 0 3 0 1 1 1 1 1 0 0 2 2 1 0 1 1 2 1 0 3 1 2 2
0 28 3 3 0 0 3 3 0 0 0 0 0 3 3 3 1 3 3 3 1 3 2 1 1 2 2 2 2 3
0 8 3 1 2 2 2 2 2 3
0 51 2 1 0 0 2 1 2 1 0 0 0 3 3 1 1 1 0 2 1 2 1 2 2 2 2 2 2 2 2 2 2 1 0 0 0 0 2 2 2 1 0 2 0 1 2 2 3 0 3 0 3
0 31 3 3 3 0 0 0 0 0 0 3 2 3 0 0 0 3 1 2 2 2 2 3 0 3 0 3 0 3 0 3 0
0 10 3 3 3 1 3 1 2 2 2 3
0 12 2 1 3 3 1 1 1 3 1 2 2 3
0 12 0 0 3 1 1 2 2 2 2 2 3 0
0 13 1 2 2 2 2 2 3 0 3 0 3 0 3
0 93 1 1 1 1 1 1 1 1 1 1 1 1 1 1 1 1 1 1 1 1 0 1 1 1 1 1 1 1 1 0 2 0 0 0 2 3 0 0 0 2 3 2 3 3 3 3 1 2 1 1 2 3 0 3 0 3 0 3 0 3 0 0 3 0 0 3 3 3 0 0 0 3 0 0 2 3 2 0 0 0 3 3 3 3 2 1 0 3 1 2 2 2 2
0 22 0 0 3 1 2 2 2 0 3 0 0 3 1 2 2 2 2 3 0 3 0 0
0 92 3 3 3 3 2 1 0 3 1 3 0 3 0 3 0 0 3 3 3 1 3 3 0 2 2 2 2 2 2 2 2 2 0 0 0 0 0 2 1 2 1 0 0 0 0 0 0 2 2 2 2 2 0 0 0 0 2 2 2 2 2 2 2 2 1 2 0 0 2 2 2 2 2 2 1 2 2 2 2 2 2 2 2 2 1 1 3 3 3 1 2 2
0 19 1 3 1 1 3 1 2 1 1 2 2 2 2 2 3 0 3 0 0
0 7 1 0 1 1 2 2 3
0 14 0 0 3 1 2 2 2 2 3 0 3 0 3 0
0 12 1 2 2 2 2 2 3 0 3 0 3 0
0 35 0 2 2 2 2 2 0 0 0 0 0 0 0 0 0 0 0 0 0 0 0 0 0 1 2 2 2 3 0 3 0 3 0 3 0
0 47 0 0 2 2 2 2 2 0 2 1 2 2 2 2 1 2 2 2 2 2 2 2 2 2 2 2 2 2 2 0 0 0 2 2 2 1 2 1 2 2 1 1 2 2 2 2 3
0 22 0 0 0 0 0 0 0 0 0 0 0 0 0 0 0 0 3 1 2 2 2 2
0 65 1 1 1 1 0 0 0 2 3 0 0 2 3 0 2 2 2 2 2 2 2 1 2 1 2 1 1 2 2 3 0 3 0 3 0 3 0 3 0 0 3 3 3 0 0 0 0 3 3 0 0 0 0 3 0 3 3 1 3 1 1 3 1 2 2
0 27 0 2 2 0 0 0 0 0 1 2 2 2 3 0 3 0 0 3 2 1 0 3 1 2 2 2 2
0 60 3 0 0 0 0 3 0 0 3 2 0 2 3 0 0 1 1 1 1 1 1 1 1 1 1 0 1 1 3 3 0 0 3 0 1 1 1 1 1 0 0 2 2 1 0 1 1 2 1 0 3 1 2 2 2 2 2 3 0 3
0 14 0 2 2 0 0 0 0 0 1 2 2 2 3 0
0 22 2 1 1 1 1 3 2 1 1 2 2 2 3 0 3 0 3 0 3 0 3 0
0 18 3 3 1 3 1 1 3 2 1 1 2 2 2 3 0 3 0 0
0 7 3 1 2 2 2 2 2
0 10 1 3 3 1 2 2 2 2 2 3
0 18 0 0 3 1 2 2 2 0 3 0 0 3 1 2 2 2 2 3
0 19 0 0 1 1 0 0 2 3 2 1 0 3 1 2 2 2 2 2 3
0 15 2 1 0 3 1 2 2 2 2 3 0 3 0 3 0
0 13 0 0 3 1 1 2 2 2 2 2 3 0 3
0 30 0 2 2 2 2 2 1 0 0 0 0 0 0 0 1 3 3 1 3 1 3 2 1 1 2 2 2 2 2 3
0 9 3 3 3 1 3 1 2 2 2
0 71 1 1 1 1 1 1 1 1 1 3 2 0 2 3 2 3 0 0 0 3 0 0 3 2 1 0 0 2 2 2 2 2 2 2 2 1 2 1 2 1 2 2 1 2 2 2 2 0 2 1 2 1 2 1 0 0 0 0 0 0 2 1 1 2 2 2 2 3 0 3 0
0 16 2 1 0 3 1 2 2 2 2 3 0 3 0 3 0 3
0 15 1 0 3 1 2 2 3 0 3 0 3 0 3 0 0
0 65 3 0 0 3 0 0 0 0 0 0 0 3 2 0 0 3 0 0 2 2 2 2 2 2 1 0 0 0 0 2 2 2 2 2 2 2 2 0 0 0 2 1 0 3 1 2 2 2 0 3 2 1 0 3 1 2 2 2 2 2 3 0 3 0 3
0 18 0 0 2 3 2 1 0 2 3 2 1 0 3 1 2 2 2 2
0 12 0 0 3 1 2 2 2 2 3 0 3 0
0 33 0 0 0 3 0 0 0 0 0 0 0 0 3 0 0 0 0 2 2 2 2 0 0 0 2 2 2 2 2 1 1 2 2
0 26 3 3 3 0 0 0 0 0 0 3 2 3 0 0 0 3 1 2 2 2 2 3 0 3 0 3
0 37 2 1 1 1 1 3 2 1 1 2 2 2 3 0 3 0 3 0 3 0 3 0 0 3 0 0 2 1 0 3 1 2 2 2 2 3 0
0 51 3 1 1 1 1 0 1 1 1 0 2 3 0 3 0 3 0 3 0 3 0 0 0 0 0 2 1 2 2 2 2 0 3 3 3 2 1 0 3 1 2 2 3 0 3 0 3 0 3 0 3
0 50 3 1 1 1 1 1 1 1 1 1 1 1 1 1 1 1 1 1 1 1 1 1 1 1 1 0 1 1 1 0 1 1 1 1 1 3 2 3 2 0 2 3 2 3 0 3 3 1 2 2
0 91 3 3 1 1 3 1 2 3 0 3 0 3 0 3 0 0 3 3 3 3 0 0 3 1 1 1 1 0 1 1 1 1 1 1 1 1 1 1 1 1 1 1 1 0 1 0 1 1 1 0 0 2 3 0 3 2 0 2 3 2 1 2 1 0 2 1 2 2 2 2 2 2 2 2 2 2 2 0 0 0 1 1 3 3 1 2 2 2 2 3 0
0 13 0 0 3 1 2 2 2 2 3 0 3 0 3
0 10 0 0 3 1 1 2 2 2 2 2
0 40 0 0 2 3 2 1 0 2 3 2 1 0 3 1 2 2 2 2 0 3 3 3 3 3 3 3 2 1 3 1 1 3 1 3 1 1 1 1 2 2
0 24 3 3 3 0 0 0 0 0 0 3 2 3 0 0 0 3 1 2 2 2 2 3 0 3
0 112 1 1 1 2 2 1 1 1 2 1 1 3 1 1 1 1 0 1 1 1 1 1 1 1 1 1 1 1 1 3 0 3 2 3 0 3 2 0 0 0 0 0 0 0 0 0 0 0 3 0 0 3 2 3 2 3 0 1 1 1 1 1 1 1 1 1 1 1 1 1 1 1 1 1 1 1 0 1 1 1 0 3 0 3 0 3 2 3 2 3 0 0 3 1 2 1 1 3 1 3 3 3 3 1 3 3 1 1 1 2 2 2
0 48 3 3 1 3 1 1 3 2 1 1 2 2 2 3 0 3 0 0 3 3 3 3 1 3 2 1 1 3 1 3 1 3 0 3 0 3 0 0 3 0 0 3 1 2 2 2 2 3
0 7 1 2 2 2 2 3 0
0 8 1 2 2 3 0 3 0 3
0 47 3 3 1 3 1 1 3 2 1 1 2 2 2 3 0 3 0 0 3 3 3 3 1 3 2 1 1 3 1 3 1 3 0 3 0 3 0 0 3 0 0 3 1 2 2 2 2
0 8 1 2 2 2 2 2 3 0
0 92 3 3 1 1 3 1 2 3 0 3 0 3 0 3 0 0 3 3 3 3 0 0 3 1 1 1 1 0 1 1 1 1 1 1 1 1 1 1 1 1 1 1 1 0 1 0 1 1 1 0 0 2 3 0 3 2 0 2 3 2 1 2 1 0 2 1 2 2 2 2 2 2 2 2 2 2 2 0 0 0 1 1 3 3 1 2 2 2 2 3 0 3
0 6 0 0 1 1 2 2
0 87 3 3 1 1 3 1 2 3 0 3 0 3 0 3 0 0 3 3 3 3 0 0 3 1 1 1 1 0 1 1 1 1 1 1 1 1 1 1 1 1 1 1 1 0 1 0 1 1 1 0 0 2 3 0 3 2 0 2 3 2 1 2 1 0 2 1 2 2 2 2 2 2 2 2 2 2 2 0 0 0 1 1 3 3 1 2 2
0 14 3 3 3 3 0 0 1 0 3 1 2 2 2 2
0 121 3 1 1 3 3 3 0 2 1 2 2 2 0 0 0 0 0 0 0 2 1 2 1 2 1 2 1 0 2 1 2 2 2 2 2 2 0 0 2 2 2 2 2 2 1 0 0 2 2 2 2 2 2 2 2 1 2 1 2 1 0 2 1 2 2 2 2 1 2 1 2 2 0 0 2 1 0 0 0 0 2 1 2 2 2 2 2 1 2 1 0 0 0 0 0 0 0 0 2 1 0 0 1 3 1 3 1 2 1 1 2 2 2 2 3 0 3 0 3 0 0
0 24 0 0 0 0 0 0 0 0 0 0 0 0 0 0 0 0 3 1 2 2 2 2 3 0
0 45 1 2 2 2 2 3 0 3 0 3 0 0 3 3 0 0 0 0 3 3 2 3 0 0 3 0 0 0 3 1 3 2 1 2 1 1 2 2 2 3 0 3 0 3 0
0 9 0 0 3 1 2 2 2 2 3
0 11 2 1 0 3 1 2 2 2 2 2 3
0 26 0 2 2 2 2 2 1 0 0 0 0 0 0 0 1 3 3 1 3 1 3 2 1 1 2 2
0 35 0 0 0 3 0 0 0 0 0 0 0 0 3 0 0 0 0 2 2 2 2 0 0 0 2 2 2 2 2 1 1 2 2 3 0
0 37 0 0 1 1 2 3 0 3 0 3 0 3 0 0 3 3 0 0 3 3 3 3 3 0 3 2 3 2 0 0 3 1 2 2 2 2 2
0 16 0 0 2 3 2 1 0 2 3 2 1 0 3 1 2 2
0 120 1 1 1 2 2 1 1 1 2 1 1 3 1 1 1 1 0 1 1 1 1 1 1 1 1 1 1 1 1 3 0 3 2 3 0 3 2 0 0 0 0 0 0 0 0 0 0 0 3 0 0 3 2 3 2 3 0 1 1 1 1 1 1 1 1 1 1 1 1 1 1 1 1 1 1 1 0 1 1 1 0 3 0 3 0 3 2 3 2 3 0 0 3 1 2 1 1 3 1 3 3 3 3 1 3 3 1 1 1 2 2 2 2 3 0 3 0 3 0 0
0 12 1 2 2 3 0 3 0 3 0 3 0 0
0 11 3 1 2 2 2 2 2 3 0 3 0
0 82 3 1 1 3 1 2 1 1 3 3 1 1 3 1 0 1 1 1 1 0 1 1 1 0 1 1 1 1 1 1 1 1 1 0 2 1 1 0 3 2 0 2 3 3 3 0 0 0 0 2 3 0 3 0 0 2 3 3 3 0 0 3 1 3 0 3 0 3 0 3 0 3 0 0 3 2 1 0 3 1 2 2
0 15 3 3 3 3 0 0 1 0 3 1 2 2 2 2 2
0 14 1 0 3 1 2 2 3 0 3 0 3 0 3 0
0 7 0 0 1 1 2 2 2
0 20 0 0 3 1 2 3 3 0 0 3 3 3 3 1 1 3 3 1 2 2
0 6 1 2 2 2 2 2
0 10 0 0 1 3 1 0 1 1 2 2
0 79 1 1 1 1 0 0 1 1 1 1 1 1 1 3 2 3 0 0 0 0 0 0 2 2 2 2 2 2 2 2 2 2 1 0 0 0 2 2 2 2 2 2 2 1 2 1 2 1 0 0 0 0 0 2 1 2 2 2 2 2 1 2 2 2 2 1 0 0 0 2 1 0 0 3 1 2 2 2 2
0 25 0 0 1 1 0 0 2 3 2 1 0 3 1 2 2 2 2 2 3 0 3 0 3 0 3
0 39 2 1 3 1 1 3 1 3 3 3 1 3 3 1 1 2 1 2 1 1 1 1 1 1 2 1 2 3 0 0 2 1 0 1 1 2 2 2 3
0 16 3 2 1 3 3 3 3 1 2 2 2 3 0 3 0 0
0 13 2 1 1 1 1 3 2 1 1 2 2 2 3
0 49 2 1 0 0 2 1 2 1 0 0 0 3 3 1 1 1 0 2 1 2 1 2 2 2 2 2 2 2 2 2 2 1 0 0 0 0 2 2 2 1 0 2 0 1 2 2 3 0 3
0 16 3 0 0 1 2 0 3 0 0 3 1 2 2 2 3 0
0 19 2 1 3 3 1 1 1 3 1 2 2 3 0 3 0 3 0 3 0
0 12 3 3 1 3 1 1 3 2 1 1 2 2
0 6 1 3 3 1 2 2
0 84 3 1 1 3 1 2 1 1 3 3 1 1 3 1 0 1 1 1 1 0 1 1 1 0 1 1 1 1 1 1 1 1 1 0 2 1 1 0 3 2 0 2 3 3 3 0 0 0 0 2 3 0 3 0 0 2 3 3 3 0 0 3 1 3 0 3 0 3 0 3 0 3 0 0 3 2 1 0 3 1 2 2 3 0
0 47 3 3 3 3 1 1 1 0 1 1 1 1 1 0 0 0 0 2 0 0 0 0 3 2 3 0 3 2 0 0 3 0 0 1 1 2 2 2 2 3 0 3 0 3 0 3 0
0 11 3 3 1 2 1 1 2 2 2 2 3
0 10 0 0 1 1 2 2 2 3 0 3
0 17 3 3 1 3 1 1 3 2 1 1 2 2 2 3 0 3 0
0 18 2 1 3 3 1 1 1 3 1 2 2 3 0 3 0 3 0 3
0 200 0 0 1 1 1 1 0 1 1 1 1 0 1 1 1 1 0 1 1 3 0 3 0 0 0 3 0 3 0 0 0 0 3 3 0 0 0 0 0 2 1 2 1 2 1 2 1 2 2 2 2 1 2 1 0 0 0 0 2 2 2 2 1 2 1 0 0 0 0 0 2 2 2 2 2 1 2 1 2 1 0 2 1 2 2 2 2 0 2 1 2 1 2 2 2 2 2 2 2 2 2 2 0 1 1 3 1 1 3 1 1 1 2 3 0 3 0 3 0 3 0 0 3 0 0 0 0 0 0 0 2 2 2 2 1 2 2 2 2 2 2 2 1 2 1 2 1 2 1 2 1 2 2 2 2 2 2 2 2 2 2 2 1 2 1 2 2 2 2 2 2 2 1 2 0 0 0 0 0 0 2 2 2 2 2 2 1 0 0 0 0 0 0 0 0 0 1 2 2 0
0 34 0 0 1 1 2 3 0 3 0 3 0 3 0 0 3 3 0 0 3 3 3 3 3 0 3 2 3 2 0 0 3 1 2 2
0 21 0 0 1 1 0 0 2 3 2 1 0 3 1 2 2 2 2 2 3 0 3
0 32 3 3 0 0 3 3 0 0 0 0 0 3 3 3 1 3 3 3 1 3 2 1 1 2 2 2 2 3 0 3 0 3
0 37 0 0 0 3 0 0 0 0 0 0 0 0 3 0 0 0 0 2 2 2 2 0 0 0 2 2 2 2 2 1 1 2 2 3 0 3 0
0 44 0 0 2 3 2 1 0 2 3 2 1 0 3 1 2 2 2 2 0 3 3 3 3 3 3 3 2 1 3 1 1 3 1 3 1 1 1 1 2 2 3 0 3 0
0 65 3 0 0 0 0 3 0 0 3 2 0 2 3 0 0 1 1 1 1 1 1 1 1 1 1 0 1 1 3 3 0 0 3 0 1 1 1 1 1 0 0 2 2 1 0 1 1 2 1 0 3 1 2 2 2 2 2 3 0 3 0 3 0 3 0
0 43 1 3 1 0 0 0 0 0 0 0 0 0 2 2 2 2 2 2 2 2 1 2 1 0 0 0 0 0 0 0 0 0 0 0 0 2 1 1 3 1 2 2 3
0 27 3 1 1 1 3 0 0 2 1 2 2 2 0 0 0 0 0 2 1 1 2 2 3 0 3 0 3
0 22 3 1 1 1 3 0 0 2 1 2 2 2 0 0 0 0 0 2 1 1 2 2
0 28 0 2 2 0 0 0 0 0 1 2 2 2 3 0 3 0 0 3 2 1 0 3 1 2 2 2 2 3
0 16 3 3 1 3 1 1 3 2 1 1 2 2 2 3 0 3
0 25 0 0 1 1 2 1 1 1 1 2 1 1 1 1 1 1 2 3 1 1 3 3 1 2 2
0 23 2 1 1 1 1 3 2 1 1 2 2 2 3 0 3 0 3 0 3 0 3 0 0
0 16 2 1 3 3 1 1 1 3 1 2 2 3 0 3 0 3
0 36 0 2 2 2 2 2 1 0 0 0 0 0 0 0 1 3 3 1 3 1 3 2 1 1 2 2 2 2 2 3 0 0 3 2 1 2
0 46 3 3 1 3 1 1 3 2 1 1 2 2 2 3 0 3 0 0 3 3 3 3 1 3 2 1 1 3 1 3 1 3 0 3 0 3 0 0 3 0 0 3 1 2 2 2
0 25 1 0 2 1 2 2 0 3 3 3 3 3 3 0 0 0 0 3 0 0 1 1 2 2 0
0 41 3 3 0 0 0 0 0 0 0 0 0 0 0 0 0 3 0 3 2 0 0 0 0 0 0 0 3 3 2 0 2 3 2 3 3 0 0 1 1 2 2
0 17 3 0 0 3 0 0 0 1 2 1 1 2 2 2 2 2 3
0 106 0 0 0 2 1 2 1 2 1 2 2 2 2 1 2 2 2 2 2 1 2 1 2 2 2 2 1 0 0 0 0 0 0 0 0 0 0 0 0 0 2 2 2 2 2 2 2 2 2 2 2 1 2 0 0 0 0 0 0 0 0 0 0 0 0 2 1 2 2 2 2 1 2 2 2 2 2 1 2 1 2 2 2 2 2 2 1 2 2 2 0 0 0 0 0 0 0 1 3 1 3 3 1 2 2 2
0 14 3 3 1 2 1 1 2 2 2 2 3 0 3 0
0 43 0 0 1 1 2 3 0 3 0 3 0 3 0 0 3 3 0 0 3 3 3 3 3 0 3 2 3 2 0 0 3 1 2 2 2 2 2 3 0 3 0 3 0
0 38 2 1 3 1 1 3 1 3 3 3 1 3 3 1 1 2 1 2 1 1 1 1 1 1 2 1 2 3 0 0 2 1 0 1 1 2 2 2
0 38 1 1 2 3 0 3 0 0 3 1 0 3 3 3 3 0 2 1 2 1 0 0 2 1 2 1 1 2 2 2 2 2 3 0 3 0 3 0
0 27 0 2 2 2 2 2 0 0 0 0 0 0 0 0 0 0 0 0 0 0 0 0 0 1 2 2 2
0 47 0 0 2 3 2 1 0 2 3 2 1 0 3 1 2 2 2 2 0 3 3 3 3 3 3 3 2 1 3 1 1 3 1 3 1 1 1 1 2 2 3 0 3 0 3 0 0
0 34 0 0 1 1 2 1 1 1 1 2 1 1 1 1 1 1 2 3 1 1 3 3 1 2 2 2 3 0 3 0 3 0 3 0
0 17 3 3 1 2 1 1 2 2 2 2 3 0 3 0 0 3 2
0 34 0 2 2 0 0 0 0 0 1 2 2 2 3 0 3 0 0 3 2 1 0 3 1 2 2 2 2 3 0 3 0 3 0 3
0 49 3 0 0 3 0 0 0 0 0 0 0 3 2 0 0 3 0 0 2 2 2 2 2 2 1 0 0 0 0 2 2 2 2 2 2 2 2 0 0 0 2 1 0 3 1 2 2 2 0
0 55 3 0 0 0 0 3 0 0 3 2 0 2 3 0 0 1 1 1 1 1 1 1 1 1 1 0 1 1 3 3 0 0 3 0 1 1 1 1 1 0 0 2 2 1 0 1 1 2 1 0 3 1 2 2 2
0 12 0 0 3 1 2 2 2 3 0 3 0 3
0 12 1 0 3 1 2 2 3 0 3 0 3 0
0 15 0 0 3 1 2 2 2 2 3 0 3 0 3 0 0
0 21 3 1 3 2 1 1 3 1 1 2 2 2 2 2 3 0 3 0 0 3 2
0 48 3 1 1 1 1 0 1 1 1 0 2 3 0 3 0 3 0 3 0 3 0 0 0 0 0 2 1 2 2 2 2 0 3 3 3 2 1 0 3 1 2 2 3 0 3 0 3 0
0 66 1 1 1 1 1 1 1 1 1 3 2 0 2 3 2 3 0 0 0 3 0 0 3 2 1 0 0 2 2 2 2 2 2 2 2 1 2 1 2 1 2 2 1 2 2 2 2 0 2 1 2 1 2 1 0 0 0 0 0 0 2 1 1 2 2 2
0 14 0 0 3 3 0 0 1 1 2 2 3 0 3 0
0 72 1 1 1 1 1 1 1 1 1 3 2 0 2 3 2 3 0 0 0 3 0 0 3 2 1 0 0 2 2 2 2 2 2 2 2 1 2 1 2 1 2 2 1 2 2 2 2 0 2 1 2 1 2 1 0 0 0 0 0 0 2 1 1 2 2 2 2 3 0 3 0 0
0 45 0 0 2 3 2 1 0 2 3 2 1 0 3 1 2 2 2 2 0 3 3 3 3 3 3 3 2 1 3 1 1 3 1 3 1 1 1 1 2 2 3 0 3 0 3
0 6 3 1 2 2 2 2
0 15 0 0 1 1 0 0 2 3 2 1 0 3 1 2 2
0 25 3 0 0 1 2 0 3 0 0 3 1 2 2 2 3 0 3 0 3 0 3 0 3 0 0
0 25 3 3 3 0 0 0 0 0 0 3 2 3 0 0 0 3 1 2 2 2 2 3 0 3 0
0 47 1 3 1 0 0 0 0 0 0 0 0 0 2 2 2 2 2 2 2 2 1 2 1 0 0 0 0 0 0 0 0 0 0 0 0 2 1 1 3 1 2 2 3 0 3 0 3
0 29 1 1 1 1 0 0 0 2 3 0 0 2 3 0 2 2 2 2 2 2 2 1 2 1 2 1 1 2 2
0 10 2 1 0 3 1 2 2 2 3 0
0 1 2
0 12 2 1 0 3 1 2 2 2 3 0 3 0
0 88 3 3 1 1 3 1 2 3 0 3 0 3 0 3 0 0 3 3 3 3 0 0 3 1 1 1 1 0 1 1 1 1 1 1 1 1 1 1 1 1 1 1 1 0 1 0 1 1 1 0 0 2 3 0 3 2 0 2 3 2 1 2 1 0 2 1 2 2 2 2 2 2 2 2 2 2 2 0 0 0 1 1 3 3 1 2 2 2
0 26 3 1 1 1 3 0 0 2 1 2 2 2 0 0 0 0 0 2 1 1 2 2 3 0 3 0
0 125 3 3 1 0 1 1 1 1 1 1 1 1 1 3 2 0 2 3 0 3 2 3 3 3 1 1 1 1 1 1 1 1 1 1 1 1 1 1 1 1 0 0 0 2 0 2 0 2 3 3 3 3 3 0 0 0 2 0 2 3 2 0 0 3 0 0 2 2 2 2 1 2 2 1 2 2 2 2 2 2 2 1 2 2 2 2 1 0 0 0 0 0 0 0 0 0 0 0 0 0 0 0 2 1 0 0 0 0 0 1 2 2 2 2 2 3 0 3 0 3 0 3 0 3 0
0 28 0 2 2 2 2 2 1 0 0 0 0 0 0 0 1 3 3 1 3 1 3 2 1 1 2 2 2 2
0 12 2 1 1 1 1 3 2 1 1 2 2 2
0 46 0 0 0 0 0 2 2 1 2 1 0 2 1 2 1 2 2 2 2 1 0 0 0 0 0 0 0 0 0 0 0 0 0 0 0 0 1 2 2 2 2 3 0 3 0 0
0 6 0 0 3 1 2 2
0 91 3 1 1 3 1 2 1 1 3 3 1 1 3 1 0 1 1 1 1 0 1 1 1 0 1 1 1 1 1 1 1 1 1 0 2 1 1 0 3 2 0 2 3 3 3 0 0 0 0 2 3 0 3 0 0 2 3 3 3 0 0 3 1 3 0 3 0 3 0 3 0 3 0 0 3 2 1 0 3 1 2 2 3 0 3 0 3 0 3 0 0
0 13 1 0 3 1 2 2 2 2 2 3 0 3 0
0 10 3 1 2 2 2 2 2 3 0 3
0 14 3 3 1 3 1 1 3 2 1 1 2 2 2 3
0 13 2 1 0 3 1 2 2 2 2 3 0 3 0
0 45 0 0 2 2 2 2 2 0 2 1 2 2 2 2 1 2 2 2 2 2 2 2 2 2 2 2 2 2 2 0 0 0 2 2 2 1 2 1 2 2 1 1 2 2 2
0 9 1 2 2 2 2 3 0 3 0
0 122 3 3 1 0 1 1 1 1 1 1 1 1 1 3 2 0 2 3 0 3 2 3 3 3 1 1 1 1 1 1 1 1 1 1 1 1 1 1 1 1 0 0 0 2 0 2 0 2 3 3 3 3 3 0 0 0 2 0 2 3 2 0 0 3 0 0 2 2 2 2 1 2 2 1 2 2 2 2 2 2 2 1 2 2 2 2 1 0 0 0 0 0 0 0 0 0 0 0 0 0 0 0 2 1 0 0 0 0 0 1 2 2 2 2 2 3 0 3 0 3 0 3
0 17 0 0 3 1 1 2 2 2 2 2 3 0 3 0 3 0 3
0 62 3 0 0 0 0 3 0 0 3 2 0 2 3 0 0 1 1 1 1 1 1 1 1 1 1 0 1 1 3 3 0 0 3 0 1 1 1 1 1 0 0 2 2 1 0 1 1 2 1 0 3 1 2 2 2 2 2 3 0 3 0 3
0 14 0 0 3 1 1 2 2 2 2 2 3 0 3 0
0 18 0 0 3 1 2 2 2 3 0 3 0 3 0 3 0 3 0 0
0 38 0 0 0 3 0 0 0 0 0 0 0 0 3 0 0 0 0 2 2 2 2 0 0 0 2 2 2 2 2 1 1 2 2 3 0 3 0 3
0 43 0 0 0 0 0 2 2 1 2 1 0 2 1 2 1 2 2 2 2 1 0 0 0 0 0 0 0 0 0 0 0 0 0 0 0 0 1 2 2 2 2 3 0
0 61 3 0 0 0 0 3 0 0 3 2 0 2 3 0 0 1 1 1 1 1 1 1 1 1 1 0 1 1 3 3 0 0 3 0 1 1 1 1 1 0 0 2 2 1 0 1 1 2 1 0 3 1 2 2 2 2 2 3 0 3 0
0 23 3 3 3 0 0 0 0 0 0 3 2 3 0 0 0 3 1 2 2 2 2 3 0
0 15 1 3 1 1 3 1 2 1 1 2 2 2 2 2 3
0 10 0 0 3 1 2 2 2 2 2 0
0 23 2 1 1 2 3 0 3 0 0 3 1 3 3 3 3 3 1 2 2 3 0 3 0
0 49 2 1 3 1 1 3 1 3 3 3 1 3 3 1 1 2 1 2 1 1 1 1 1 1 2 1 2 3 0 0 2 1 0 1 1 2 2 2 3 0 3 0 3 0 3 0 0 3 2
0 10 1 0 3 1 2 2 2 2 2 3
0 38 0 2 2 2 2 2 1 0 0 0 0 0 0 0 1 3 3 1 3 1 3 2 1 1 2 2 2 2 2 3 0 0 3 2 1 2 1 2
0 75 2 1 0 0 2 1 2 1 0 0 0 3 3 1 1 1 0 2 1 2 1 2 2 2 2 2 2 2 2 2 2 1 0 0 0 0 2 2 2 1 0 2 0 1 2 2 3 0 3 0 3 0 0 3 0 0 0 0 0 0 2 1 2 1 2 1 1 2 2 2 2 3 0 3 0
0 87 3 1 1 3 1 2 1 1 3 3 1 1 3 1 0 1 1 1 1 0 1 1 1 0 1 1 1 1 1 1 1 1 1 0 2 1 1 0 3 2 0 2 3 3 3 0 0 0 0 2 3 0 3 0 0 2 3 3 3 0 0 3 1 3 0 3 0 3 0 3 0 3 0 0 3 2 1 0 3 1 2 2 3 0 3 0 3
0 24 1 0 3 1 2 2 2 2 2 3 0 3 0 3 0 3 0 0 3 1 2 2 3 0
0 24 2 1 1 2 3 0 3 0 0 3 1 3 3 3 3 3 1 2 2 3 0 3 0 0
0 42 1 3 1 0 0 0 0 0 0 0 0 0 2 2 2 2 2 2 2 2 1 2 1 0 0 0 0 0 0 0 0 0 0 0 0 2 1 1 3 1 2 2
0 9 0 0 3 1 1 2 2 2 2
0 4 1 2 2 2
0 10 0 0 3 1 2 2 2 2 3 0
0 14 3 2 1 3 3 3 3 1 2 2 2 3 0 3
0 5 3 1 2 2 2
0 9 1 0 3 1 2 2 3 0 3
0 26 0 2 2 2 2 2 0 0 0 0 0 0 0 0 0 0 0 0 0 0 0 0 0 1 2 2
0 64 3 3 0 0 0 0 0 2 0 0 3 3 0 1 1 1 1 3 2 0 0 0 0 3 0 0 2 1 2 2 2 3 0 3 0 3 0 3 0 0 3 3 1 3 3 1 3 1 2 3 0 3 0 3 0 0 3 1 0 3 1 2 2 2
0 74 2 1 0 0 2 1 2 1 0 0 0 3 3 1 1 1 0 2 1 2 1 2 2 2 2 2 2 2 2 2 2 1 0 0 0 0 2 2 2 1 0 2 0 1 2 2 3 0 3 0 3 0 0 3 0 0 0 0 0 0 2 1 2 1 2 1 1 2 2 2 2 3 0 3
0 24 0 0 1 1 0 0 2 3 2 1 0 3 1 2 2 2 2 2 3 0 3 0 3 0
0 11 1 0 3 1 2 2 3 0 3 0 3
0 42 0 0 0 3 0 0 0 0 0 0 0 0 3 0 0 0 0 2 2 2 2 0 0 0 2 2 2 2 2 1 1 2 2 3 0 3 0 3 0 3 0 3
0 60 1 1 1 1 1 1 1 1 1 1 1 1 0 1 1 1 1 1 1 1 1 1 1 1 1 1 1 1 1 0 2 0 0 0 0 3 0 3 3 1 1 1 0 0 0 0 0 0 1 3 0 0 3 1 2 2 2 2 2 3
0 22 2 1 1 2 3 0 3 0 0 3 1 3 3 3 3 3 1 2 2 3 0 3
0 10 2 1 0 3 1 2 2 2 2 2
0 59 3 0 0 0 0 3 0 0 3 2 0 2 3 0 0 1 1 1 1 1 1 1 1 1 1 0 1 1 3 3 0 0 3 0 1 1 1 1 1 0 0 2 2 1 0 1 1 2 1 0 3 1 2 2 2 2 2 3 0
0 25 1 0 3 1 2 2 2 2 2 3 0 3 0 3 0 3 0 0 3 1 2 2 3 0 0
0 8 1 0 3 1 2 2 2 2
0 12 1 0 1 1 2 2 3 0 3 0 3 0
0 89 3 1 1 3 1 2 1 1 3 3 1 1 3 1 0 1 1 1 1 0 1 1 1 0 1 1 1 1 1 1 1 1 1 0 2 1 1 0 3 2 0 2 3 3 3 0 0 0 0 2 3 0 3 0 0 2 3 3 3 0 0 3 1 3 0 3 0 3 0 3 0 3 0 0 3 2 1 0 3 1 2 2 3 0 3 0 3 0 3
0 19 0 0 2 3 2 1 0 2 3 2 1 0 3 1 2 2 2 2 0
0 51 2 1 0 2 1 2 1 2 2 2 2 2 0 0 0 0 0 0 0 0 0 0 0 0 0 0 0 0 0 0 0 0 0 2 1 1 2 2 2 2 2 3 0 3 0 3 0 3 0 3 0
0 32 3 3 3 0 0 0 0 0 0 3 2 3 0 0 0 3 1 2 2 2 2 3 0 3 0 3 0 3 0 3 0 0
0 77 1 1 1 1 0 0 1 1 1 1 1 1 1 3 2 3 0 0 0 0 0 0 2 2 2 2 2 2 2 2 2 2 1 0 0 0 2 2 2 2 2 2 2 1 2 1 2 1 0 0 0 0 0 2 1 2 2 2 2 2 1 2 2 2 2 1 0 0 0 2 1 0 0 3 1 2 2
0 9 1 0 3 1 2 2 2 2 2
0 66 3 3 0 0 0 0 0 2 0 0 3 3 0 1 1 1 1 3 2 0 0 0 0 3 0 0 2 1 2 2 2 3 0 3 0 3 0 3 0 0 3 3 1 3 3 1 3 1 2 3 0 3 0 3 0 0 3 1 0 3 1 2 2 2 3 0
0 20 0 0 3 1 1 2 2 2 2 2 3 0 3 0 3 0 3 0 3 0
0 64 1 1 1 1 1 1 1 1 1 1 1 1 0 1 1 1 1 1 1 1 1 1 1 1 1 1 1 1 1 0 2 0 0 0 0 3 0 3 3 1 1 1 0 0 0 0 0 0 1 3 0 0 3 1 2 2 2 2 2 3 0 3 0 0
0 98 3 3 3 3 2 1 0 3 1 3 0 3 0 3 0 0 3 3 3 1 3 3 0 2 2 2 2 2 2 2 2 2 0 0 0 0 0 2 1 2 1 0 0 0 0 0 0 2 2 2 2 2 0 0 0 0 2 2 2 2 2 2 2 2 1 2 0 0 2 2 2 2 2 2 1 2 2 2 2 2 2 2 2 2 1 1 3 3 3 1 2 2 2 2 2 3 0 0
0 40 0 0 0 0 0 2 2 1 2 1 0 2 1 2 1 2 2 2 2 1 0 0 0 0 0 0 0 0 0 0 0 0 0 0 0 0 1 2 2 2
0 90 3 3 1 1 3 1 2 3 0 3 0 3 0 3 0 0 3 3 3 3 0 0 3 1 1 1 1 0 1 1 1 1 1 1 1 1 1 1 1 1 1 1 1 0 1 0 1 1 1 0 0 2 3 0 3 2 0 2 3 2 1 2 1 0 2 1 2 2 2 2 2 2 2 2 2 2 2 0 0 0 1 1 3 3 1 2 2 2 2 3
0 48 3 3 0 0 0 0 0 0 0 0 0 0 0 0 0 3 0 3 2 0 0 0 0 0 0 0 3 3 2 0 2 3 2 3 3 0 0 1 1 2 2 2 2 2 3 0 3 0
0 20 2 1 0 3 1 2 2 2 2 3 0 3 0 3 0 3 0 3 0 0
0 56 1 1 1 1 1 1 1 1 1 1 1 1 0 1 1 1 1 1 1 1 1 1 1 1 1 1 1 1 1 0 2 0 0 0 0 3 0 3 3 1 1 1 0 0 0 0 0 0 1 3 0 0 3 1 2 2
0 108 0 0 0 2 1 2 1 2 1 2 2 2 2 1 2 2 2 2 2 1 2 1 2 2 2 2 1 0 0 0 0 0 0 0 0 0 0 0 0 0 2 2 2 2 2 2 2 2 2 2 2 1 2 0 0 0 0 0 0 0 0 0 0 0 0 2 1 2 2 2 2 1 2 2 2 2 2 1 2 1 2 2 2 2 2 2 1 2 2 2 0 0 0 0 0 0 0 1 3 1 3 3 1 2 2 2 3 0
0 17 1 2 2 2 2 2 3 0 3 0 3 0 3 0 3 0 0
0 16 3 3 3 3 0 0 1 0 3 1 2 2 2 2 2 0
0 30 3 3 3 0 0 0 0 0 0 3 2 3 0 0 0 3 1 2 2 2 2 3 0 3 0 3 0 3 0 3
0 27 3 3 3 0 0 0 0 0 0 3 2 3 0 0 0 3 1 2 2 2 2 3 0 3 0 3 0
0 112 3 3 1 0 1 1 1 1 1 1 1 1 1 3 2 0 2 3 0 3 2 3 3 3 1 1 1 1 1 1 1 1 1 1 1 1 1 1 1 1 0 0 0 2 0 2 0 2 3 3 3 3 3 0 0 0 2 0 2 3 2 0 0 3 0 0 2 2 2 2 1 2 2 1 2 2 2 2 2 2 2 1 2 2 2 2 1 0 0 0 0 0 0 0 0 0 0 0 0 0 0 0 2 1 0 0 0 0 0 1 2 2
0 14 0 0 1 1 2 2 2 3 0 3 0 3 0 3
0 143 2 1 0 2 1 3 1 1 1 2 1 0 0 0 0 0 0 0 2 2 2 1 2 1 2 2 2 1 0 0 0 0 0 0 0 0 0 0 0 1 3 0 2 2 1 2 1 2 1 2 2 2 2 2 2 2 2 2 1 2 1 0 0 0 0 0 0 2 1 2 1 2 1 2 1 0 0 0 0 0 0 0 0 0 0 2 2 2 2 2 0 0 0 2 2 2 2 2 2 1 1 3 0 3 0 3 0 3 0 0 3 1 0 2 1 3 3 0 0 0 2 1 0 2 2 2 2 2 2 1 2 2 2 0 0 0 0 0 0 1 2 2 2
0 31 1 1 2 3 0 3 0 0 3 1 0 3 3 3 3 0 2 1 2 1 0 0 2 1 2 1 1 2 2 2 2
0 16 0 0 3 1 2 2 2 3 0 3 0 3 0 3 0 3
0 12 0 0 3 3 0 0 1 1 2 2 3 0
0 38 3 3 3 3 1 1 1 0 1 1 1 1 1 0 0 0 0 2 0 0 0 0 3 2 3 0 3 2 0 0 3 0 0 1 1 2 2 2
0 38 1 1 1 1 0 0 0 2 3 0 0 2 3 0 2 2 2 2 2 2 2 1 2 1 2 1 1 2 2 3 0 3 0 3 0 3 0 3
0 19 2 1 1 1 1 3 2 1 1 2 2 2 3 0 3 0 3 0 3
0 36 0 2 2 2 2 2 0 0 0 0 0 0 0 0 0 0 0 0 0 0 0 0 0 1 2 2 2 3 0 3 0 3 0 3 0 0
0 15 3 2 1 3 3 3 3 1 2 2 2 3 0 3 0
0 15 0 0 1 1 2 2 2 3 0 3 0 3 0 3 0
0 6 1 2 2 2 2 3
0 44 3 3 3 3 1 1 1 0 1 1 1 1 1 0 0 0 0 2 0 0 0 0 3 2 3 0 3 2 0 0 3 0 0 1 1 2 2 2 2 3 0 3 0 3
0 52 2 1 0 0 2 1 2 1 0 0 0 3 3 1 1 1 0 2 1 2 1 2 2 2 2 2 2 2 2 2 2 1 0 0 0 0 2 2 2 1 0 2 0 1 2 2 3 0 3 0 3 0
0 48 3 3 3 3 1 1 1 0 1 1 1 1 1 0 0 0 0 2 0 0 0 0 3 2 3 0 3 2 0 0 3 0 0 1 1 2 2 2 2 3 0 3 0 3 0 3 0 0
0 83 3 1 1 3 1 2 1 1 3 3 1 1 3 1 0 1 1 1 1 0 1 1 1 0 1 1 1 1 1 1 1 1 1 0 2 1 1 0 3 2 0 2 3 3 3 0 0 0 0 2 3 0 3 0 0 2 3 3 3 0 0 3 1 3 0 3 0 3 0 3 0 3 0 0 3 2 1 0 3 1 2 2 3
0 42 2 1 0 2 1 2 1 2 2 2 2 2 0 0 0 0 0 0 0 0 0 0 0 0 0 0 0 0 0 0 0 0 0 2 1 1 2 2 2 2 2 3
0 11 1 0 3 1 2 2 2 2 2 3 0
0 7 1 2 2 2 2 2 3
0 77 2 1 0 0 2 1 2 1 0 0 0 3 3 1 1 1 0 2 1 2 1 2 2 2 2 2 2 2 2 2 2 1 0 0 0 0 2 2 2 1 0 2 0 1 2 2 3 0 3 0 3 0 0 3 0 0 0 0 0 0 2 1 2 1 2 1 1 2 2 2 2 3 0 3 0 3 0
0 11 1 2 2 3 0 3 0 3 0 3 0
0 41 0 0 0 0 0 2 2 1 2 1 0 2 1 2 1 2 2 2 2 1 0 0 0 0 0 0 0 0 0 0 0 0 0 0 0 0 1 2 2 2 2
0 16 3 1 3 2 1 1 3 1 1 2 2 2 2 2 3 0
0 21 0 0 3 1 1 2 2 2 2 2 3 0 3 0 3 0 3 0 3 0 0
0 15 1 0 1 1 2 2 3 0 3 0 3 0 3 0 0
0 30 0 0 1 1 2 1 1 1 1 2 1 1 1 1 1 1 2 3 1 1 3 3 1 2 2 2 3 0 3 0
0 86 3 1 1 3 1 2 1 1 3 3 1 1 3 1 0 1 1 1 1 0 1 1 1 0 1 1 1 1 1 1 1 1 1 0 2 1 1 0 3 2 0 2 3 3 3 0 0 0 0 2 3 0 3 0 0 2 3 3 3 0 0 3 1 3 0 3 0 3 0 3 0 3 0 0 3 2 1 0 3 1 2 2 3 0 3 0
0 15 3 0 0 2 3 1 0 3 1 2 2 2 2 3 0
0 19 0 0 3 1 1 2 2 2 2 2 3 0 3 0 3 0 3 0 3
0 12 3 3 1 2 1 1 2 2 2 2 3 0
0 80 2 1 0 0 2 1 2 1 0 0 0 3 3 1 1 1 0 2 1 2 1 2 2 2 2 2 2 2 2 2 2 1 0 0 0 0 2 2 2 1 0 2 0 1 2 2 3 0 3 0 3 0 0 3 0 0 0 0 0 0 2 1 2 1 2 1 1 2 2 2 2 3 0 3 0 3 0 3 0 3
0 67 1 1 1 1 1 1 1 1 1 3 2 0 2 3 2 3 0 0 0 3 0 0 3 2 1 0 0 2 2 2 2 2 2 2 2 1 2 1 2 1 2 2 1 2 2 2 2 0 2 1 2 1 2 1 0 0 0 0 0 0 2 1 1 2 2 2 2
0 18 0 0 3 1 2 2 2 2 2 3 0 3 0 3 0 3 0 0
0 22 3 0 0 1 2 0 3 0 0 3 1 2 2 2 3 0 3 0 3 0 3 0
0 42 1 1 2 3 0 3 0 0 3 1 0 3 3 3 3 0 2 1 2 1 0 0 2 1 2 1 1 2 2 2 2 2 3 0 3 0 3 0 3 0 3 0
0 11 1 3 1 1 3 1 2 1 1 2 2
0 20 0 0 3 1 2 2 2 0 3 0 0 3 1 2 2 2 2 3 0 3
0 11 0 0 1 3 1 0 1 1 2 2 2
0 47 3 3 0 0 0 0 0 0 0 0 0 0 0 0 0 3 0 3 2 0 0 0 0 0 0 0 3 3 2 0 2 3 2 3 3 0 0 1 1 2 2 2 2 2 3 0 3
0 41 1 1 2 3 0 3 0 0 3 1 0 3 3 3 3 0 2 1 2 1 0 0 2 1 2 1 1 2 2 2 2 2 3 0 3 0 3 0 3 0 3
0 43 3 1 1 1 1 0 1 1 1 0 2 3 0 3 0 3 0 3 0 3 0 0 0 0 0 2 1 2 2 2 2 0 3 3 3 2 1 0 3 1 2 2 3
0 46 3 3 0 0 0 0 0 0 0 0 0 0 0 0 0 3 0 3 2 0 0 0 0 0 0 0 3 3 2 0 2 3 2 3 3 0 0 1 1 2 2 2 2 2 3 0
0 18 3 2 1 2 1 3 1 1 2 1 1 2 2 2 2 2 3 0
0 26 3 3 0 0 3 3 0 0 0 0 0 3 3 3 1 3 3 3 1 3 2 1 1 2 2 2
0 16 1 3 1 1 3 1 2 1 1 2 2 2 2 2 3 0
0 18 2 1 0 3 1 2 2 2 2 3 0 3 0 3 0 3 0 3
0 100 3 3 3 3 2 1 0 3 1 3 0 3 0 3 0 0 3 3 3 1 3 3 0 2 2 2 2 2 2 2 2 2 0 0 0 0 0 2 1 2 1 0 0 0 0 0 0 2 2 2 2 2 0 0 0 0 2 2 2 2 2 2 2 2 1 2 0 0 2 2 2 2 2 2 1 2 2 2 2 2 2 2 2 2 1 1 3 3 3 1 2 2 2 2 2 3 0 0 3 2
0 15 3 0 0 3 0 0 0 1 2 1 1 2 2 2 2
0 63 1 1 1 1 1 1 1 1 1 1 1 1 0 1 1 1 1 1 1 1 1 1 1 1 1 1 1 1 1 0 2 0 0 0 0 3 0 3 3 1 1 1 0 0 0 0 0 0 1 3 0 0 3 1 2 2 2 2 2 3 0 3 0
0 68 3 0 0 3 0 0 0 0 0 0 0 3 2 0 0 3 0 0 2 2 2 2 2 2 1 0 0 0 0 2 2 2 2 2 2 2 2 0 0 0 2 1 0 3 1 2 2 2 0 3 2 1 0 3 1 2 2 2 2 2 3 0 3 0 3 0 3 0
0 13 3 0 0 3 0 0 0 1 2 1 1 2 2
0 9 2 1 0 3 1 2 2 2 2
0 23 3 1 1 1 3 0 0 2 1 2 2 2 0 0 0 0 0 2 1 1 2 2 3
0 12 2 1 0 3 1 2 2 2 2 3 0 3
0 10 0 0 3 1 2 2 2 3 0 0
0 52 3 1 1 1 1 0 1 1 1 0 2 3 0 3 0 3 0 3 0 3 0 0 0 0 0 2 1 2 2 2 2 0 3 3 3 2 1 0 3 1 2 2 3 0 3 0 3 0 3 0 3 0
0 9 1 2 2 2 2 2 3 0 3
0 13 3 0 0 1 2 0 3 0 0 3 1 2 2
0 114 1 1 1 2 2 1 1 1 2 1 1 3 1 1 1 1 0 1 1 1 1 1 1 1 1 1 1 1 1 3 0 3 2 3 0 3 2 0 0 0 0 0 0 0 0 0 0 0 3 0 0 3 2 3 2 3 0 1 1 1 1 1 1 1 1 1 1 1 1 1 1 1 1 1 1 1 0 1 1 1 0 3 0 3 0 3 2 3 2 3 0 0 3 1 2 1 1 3 1 3 3 3 3 1 3 3 1 1 1 2 2 2 2 3
0 31 0 2 2 0 0 0 0 0 1 2 2 2 3 0 3 0 0 3 2 1 0 3 1 2 2 2 2 3 0 3 0
0 29 3 3 0 0 3 3 0 0 0 0 0 3 3 3 1 3 3 3 1 3 2 1 1 2 2 2 2 3 0
0 8 0 0 3 1 2 2 2 3
0 40 3 3 3 3 1 1 1 0 1 1 1 1 1 0 0 0 0 2 0 0 0 0 3 2 3 0 3 2 0 0 3 0 0 1 1 2 2 2 2 3
0 10 0 0 3 1 2 2 2 2 2 3
0 18 3 1 3 2 1 1 3 1 1 2 2 2 2 2 3 0 3 0
0 51 0 0 2 2 2 2 2 0 2 1 2 2 2 2 1 2 2 2 2 2 2 2 2 2 2 2 2 2 2 0 0 0 2 2 2 1 2 1 2 2 1 1 2 2 2 2 3 0 3 0 0
0 95 1 1 1 1 1 1 1 1 1 1 1 1 1 1 1 1 1 1 1 1 0 1 1 1 1 1 1 1 1 0 2 0 0 0 2 3 0 0 0 2 3 2 3 3 3 3 1 2 1 1 2 3 0 3 0 3 0 3 0 3 0 0 3 0 0 3 3 3 0 0 0 3 0 0 2 3 2 0 0 0 3 3 3 3 2 1 0 3 1 2 2 2 2 3 0
0 89 3 3 1 1 3 1 2 3 0 3 0 3 0 3 0 0 3 3 3 3 0 0 3 1 1 1 1 0 1 1 1 1 1 1 1 1 1 1 1 1 1 1 1 0 1 0 1 1 1 0 0 2 3 0 3 2 0 2 3 2 1 2 1 0 2 1 2 2 2 2 2 2 2 2 2 2 2 0 0 0 1 1 3 3 1 2 2 2 2
0 42 2 1 0 3 1 2 2 2 2 3 0 3 0 3 0 3 0 3 0 0 3 0 0 0 0 0 0 0 0 2 1 2 1 2 1 2 1 2 1 1 2 2
0 34 2 1 1 1 1 3 2 1 1 2 2 2 3 0 3 0 3 0 3 0 3 0 0 3 0 0 2 1 0 3 1 2 2 2
0 31 0 2 2 2 2 2 0 0 0 0 0 0 0 0 0 0 0 0 0 0 0 0 0 1 2 2 2 3 0 3 0
0 42 1 2 2 2 2 3 0 3 0 3 0 0 3 3 0 0 0 0 3 3 2 3 0 0 3 0 0 0 3 1 3 2 1 2 1 1 2 2 2 3 0 3
0 19 3 3 3 0 0 0 0 0 0 3 2 3 0 0 0 3 1 2 2
0 44 3 1 1 1 1 0 1 1 1 0 2 3 0 3 0 3 0 3 0 3 0 0 0 0 0 2 1 2 2 2 2 0 3 3 3 2 1 0 3 1 2 2 3 0
0 42 3 3 3 3 1 1 1 0 1 1 1 1 1 0 0 0 0 2 0 0 0 0 3 2 3 0 3 2 0 0 3 0 0 1 1 2 2 2 2 3 0 3
0 12 3 3 3 1 3 1 2 2 2 3 0 3
0 97 3 3 3 3 2 1 0 3 1 3 0 3 0 3 0 0 3 3 3 1 3 3 0 2 2 2 2 2 2 2 2 2 0 0 0 0 0 2 1 2 1 0 0 0 0 0 0 2 2 2 2 2 0 0 0 0 2 2 2 2 2 2 2 2 1 2 0 0 2 2 2 2 2 2 1 2 2 2 2 2 2 2 2 2 1 1 3 3 3 1 2 2 2 2 2 3 0
0 10 1 2 2 2 2 2 3 0 3 0
0 52 2 1 0 2 1 2 1 2 2 2 2 2 0 0 0 0 0 0 0 0 0 0 0 0 0 0 0 0 0 0 0 0 0 2 1 1 2 2 2 2 2 3 0 3 0 3 0 3 0 3 0 0
0 90 3 1 1 3 1 2 1 1 3 3 1 1 3 1 0 1 1 1 1 0 1 1 1 0 1 1 1 1 1 1 1 1 1 0 2 1 1 0 3 2 0 2 3 3 3 0 0 0 0 2 3 0 3 0 0 2 3 3 3 0 0 3 1 3 0 3 0 3 0 3 0 3 0 0 3 2 1 0 3 1 2 2 3 0 3 0 3 0 3 0
0 32 0 0 1 1 2 1 1 1 1 2 1 1 1 1 1 1 2 3 1 1 3 3 1 2 2 2 3 0 3 0 3 0
0 56 3 3 0 0 0 0 0 0 0 0 0 0 0 0 0 3 0 3 2 0 0 0 0 0 0 0 3 3 2 0 2 3 2 3 3 0 0 1 1 2 2 2 2 2 3 0 3 0 0 3 1 2 2 2 2 0
0 14 3 1 3 2 1 1 3 1 1 2 2 2 2 2
0 13 1 0 3 1 2 2 3 0 3 0 3 0 3
0 10 2 1 0 3 1 2 2 2 2 3
0 64 3 0 0 3 0 0 0 0 0 0 0 3 2 0 0 3 0 0 2 2 2 2 2 2 1 0 0 0 0 2 2 2 2 2 2 2 2 0 0 0 2 1 0 3 1 2 2 2 0 3 2 1 0 3 1 2 2 2 2 2 3 0 3 0
0 36 0 0 1 1 2 3 0 3 0 3 0 3 0 0 3 3 0 0 3 3 3 3 3 0 3 2 3 2 0 0 3 1 2 2 2 2
0 12 1 2 2 2 2 3 0 3 0 3 0 0
0 10 1 0 1 1 2 2 3 0 3 0
0 7 1 0 3 1 2 2 2
0 19 0 0 3 1 2 2 2 0 3 0 0 3 1 2 2 2 2 3 0
0 25 0 2 2 0 0 0 0 0 1 2 2 2 3 0 3 0 0 3 2 1 0 3 1 2 2
0 67 1 1 1 1 0 0 0 2 3 0 0 2 3 0 2 2 2 2 2 2 2 1 2 1 2 1 1 2 2 3 0 3 0 3 0 3 0 3 0 0 3 3 3 0 0 0 0 3 3 0 0 0 0 3 0 3 3 1 3 1 1 3 1 2 2 2 3
0 14 1 0 3 1 2 2 2 2 2 3 0 3 0 3
0 7 2 1 0 3 1 2 2
0 11 2 1 3 3 1 1 1 3 1 2 2
0 10 1 2 2 2 2 3 0 3 0 3
0 15 0 2 2 0 0 0 0 0 1 2 2 2 3 0 3
0 126 3 3 1 0 1 1 1 1 1 1 1 1 1 3 2 0 2 3 0 3 2 3 3 3 1 1 1 1 1 1 1 1 1 1 1 1 1 1 1 1 0 0 0 2 0 2 0 2 3 3 3 3 3 0 0 0 2 0 2 3 2 0 0 3 0 0 2 2 2 2 1 2 2 1 2 2 2 2 2 2 2 1 2 2 2 2 1 0 0 0 0 0 0 0 0 0 0 0 0 0 0 0 2 1 0 0 0 0 0 1 2 2 2 2 2 3 0 3 0 3 0 3 0 3 0 0
0 19 2 1 0 3 1 2 2 2 2 3 0 3 0 3 0 3 0 3 0
0 16 3 0 0 3 0 0 0 1 2 1 1 2 2 2 2 2
0 114 3 1 1 3 3 3 0 2 1 2 2 2 0 0 0 0 0 0 0 2 1 2 1 2 1 2 1 0 2 1 2 2 2 2 2 2 0 0 2 2 2 2 2 2 1 0 0 2 2 2 2 2 2 2 2 1 2 1 2 1 0 2 1 2 2 2 2 1 2 1 2 2 0 0 2 1 0 0 0 0 2 1 2 2 2 2 2 1 2 1 0 0 0 0 0 0 0 0 2 1 0 0 1 3 1 3 1 2 1 1 2 2 2 2
0 70 1 1 1 1 1 1 1 1 1 3 2 0 2 3 2 3 0 0 0 3 0 0 3 2 1 0 0 2 2 2 2 2 2 2 2 1 2 1 2 1 2 2 1 2 2 2 2 0 2 1 2 1 2 1 0 0 0 0 0 0 2 1 1 2 2 2 2 3 0 3
0 29 0 0 1 1 2 1 1 1 1 2 1 1 1 1 1 1 2 3 1 1 3 3 1 2 2 2 3 0 3
0 43 3 3 0 0 0 0 0 0 0 0 0 0 0 0 0 3 0 3 2 0 0 0 0 0 0 0 3 3 2 0 2 3 2 3 3 0 0 1 1 2 2 2 2
0 26 0 0 1 1 2 1 1 1 1 2 1 1 1 1 1 1 2 3 1 1 3 3 1 2 2 2
0 15 0 0 3 1 1 2 2 2 2 2 3 0 3 0 3
0 17 3 1 3 2 1 1 3 1 1 2 2 2 2 2 3 0 3
0 13 3 2 1 2 1 3 1 1 2 1 1 2 2
0 11 0 2 2 0 0 0 0 0 1 2 2
0 83 1 1 1 1 0 0 1 1 1 1 1 1 1 3 2 3 0 0 0 0 0 0 2 2 2 2 2 2 2 2 2 2 1 0 0 0 2 2 2 2 2 2 2 1 2 1 2 1 0 0 0 0 0 2 1 2 2 2 2 2 1 2 2 2 2 1 0 0 0 2 1 0 0 3 1 2 2 2 2 3 0 3 0
0 31 1 1 1 1 0 0 0 2 3 0 0 2 3 0 2 2 2 2 2 2 2 1 2 1 2 1 1 2 2 3 0
0 9 0 0 1 1 2 2 2 3 0
0 15 3 3 1 2 1 1 2 2 2 2 3 0 3 0 0
0 14 2 1 0 3 1 2 2 2 2 3 0 3 0 3
0 17 1 3 1 1 3 1 2 1 1 2 2 2 2 2 3 0 3
0 113 1 1 1 2 2 1 1 1 2 1 1 3 1 1 1 1 0 1 1 1 1 1 1 1 1 1 1 1 1 3 0 3 2 3 0 3 2 0 0 0 0 0 0 0 0 0 0 0 3 0 0 3 2 3 2 3 0 1 1 1 1 1 1 1 1 1 1 1 1 1 1 1 1 1 1 1 0 1 1 1 0 3 0 3 0 3 2 3 2 3 0 0 3 1 2 1 1 3 1 3 3 3 3 1 3 3 1 1 1 2 2 2 2
0 37 3 3 3 3 1 1 1 0 1 1 1 1 1 0 0 0 0 2 0 0 0 0 3 2 3 0 3 2 0 0 3 0 0 1 1 2 2
0 50 2 1 0 0 2 1 2 1 0 0 0 3 3 1 1 1 0 2 1 2 1 2 2 2 2 2 2 2 2 2 2 1 0 0 0 0 2 2 2 1 0 2 0 1 2 2 3 0 3 0
0 58 1 1 1 1 1 1 1 1 1 1 1 1 0 1 1 1 1 1 1 1 1 1 1 1 1 1 1 1 1 0 2 0 0 0 0 3 0 3 3 1 1 1 0 0 0 0 0 0 1 3 0 0 3 1 2 2 2 2
0 93 3 3 3 3 2 1 0 3 1 3 0 3 0 3 0 0 3 3 3 1 3 3 0 2 2 2 2 2 2 2 2 2 0 0 0 0 0 2 1 2 1 0 0 0 0 0 0 2 2 2 2 2 0 0 0 0 2 2 2 2 2 2 2 2 1 2 0 0 2 2 2 2 2 2 1 2 2 2 2 2 2 2 2 2 1 1 3 3 3 1 2 2 2
0 15 0 0 3 1 2 2 2 2 2 3 0 3 0 3 0
0 13 0 0 3 3 0 0 1 1 2 2 3 0 3
0 20 3 3 3 0 0 0 0 0 0 3 2 3 0 0 0 3 1 2 2 2
0 56 3 1 1 1 1 1 1 1 1 1 1 1 1 1 1 1 1 1 1 1 1 1 1 1 1 0 1 1 1 0 1 1 1 1 1 3 2 3 2 0 2 3 2 3 0 3 3 1 2 2 2 2 2 3 0 0
0 8 3 3 1 2 1 1 2 2
0 17 0 0 3 1 2 2 2 3 0 3 0 3 0 3 0 3 0
0 28 0 0 1 1 2 1 1 1 1 2 1 1 1 1 1 1 2 3 1 1 3 3 1 2 2 2 3 0
0 50 0 0 2 2 2 2 2 0 2 1 2 2 2 2 1 2 2 2 2 2 2 2 2 2 2 2 2 2 2 0 0 0 2 2 2 1 2 1 2 2 1 1 2 2 2 2 3 0 3 0
0 15 3 3 3 1 3 1 2 2 2 3 0 3 0 3 0
0 34 0 2 2 2 2 2 0 0 0 0 0 0 0 0 0 0 0 0 0 0 0 0 0 1 2 2 2 3 0 3 0 3 0 3
0 19 0 2 2 0 0 0 0 0 1 2 2 2 3 0 3 0 0 3 2
0 16 2 1 1 1 1 3 2 1 1 2 2 2 3 0 3 0
0 31 3 1 1 1 3 0 0 2 1 2 2 2 0 0 0 0 0 2 1 1 2 2 3 0 3 0 3 0 3 0 0
0 19 3 2 1 2 1 3 1 1 2 1 1 2 2 2 2 2 3 0 0
0 120 3 3 1 0 1 1 1 1 1 1 1 1 1 3 2 0 2 3 0 3 2 3 3 3 1 1 1 1 1 1 1 1 1 1 1 1 1 1 1 1 0 0 0 2 0 2 0 2 3 3 3 3 3 0 0 0 2 0 2 3 2 0 0 3 0 0 2 2 2 2 1 2 2 1 2 2 2 2 2 2 2 1 2 2 2 2 1 0 0 0 0 0 0 0 0 0 0 0 0 0 0 0 2 1 0 0 0 0 0 1 2 2 2 2 2 3 0 3 0 3
0 62 1 1 1 1 1 1 1 1 1 1 1 1 0 1 1 1 1 1 1 1 1 1 1 1 1 1 1 1 1 0 2 0 0 0 0 3 0 3 3 1 1 1 0 0 0 0 0 0 1 3 0 0 3 1 2 2 2 2 2 3 0 3
0 18 0 0 3 1 1 2 2 2 2 2 3 0 3 0 3 0 3 0
0 13 3 1 3 2 1 1 3 1 1 2 2 2 2
0 43 2 1 0 2 1 2 1 2 2 2 2 2 0 0 0 0 0 0 0 0 0 0 0 0 0 0 0 0 0 0 0 0 0 2 1 1 2 2 2 2 2 3 0
0 27 0 0 1 1 0 0 2 3 2 1 0 3 1 2 2 2 2 2 3 0 3 0 3 0 3 0 0
0 40 0 0 0 3 0 0 0 0 0 0 0 0 3 0 0 0 0 2 2 2 2 0 0 0 2 2 2 2 2 1 1 2 2 3 0 3 0 3 0 3
0 12 0 2 2 0 0 0 0 0 1 2 2 2
0 8 1 0 1 1 2 2 3 0
0 40 0 0 1 1 2 3 0 3 0 3 0 3 0 0 3 3 0 0 3 3 3 3 3 0 3 2 3 2 0 0 3 1 2 2 2 2 2 3 0 3
0 44 3 3 0 0 0 0 0 0 0 0 0 0 0 0 0 3 0 3 2 0 0 0 0 0 0 0 3 3 2 0 2 3 2 3 3 0 0 1 1 2 2 2 2 2
0 22 3 3 3 0 0 0 0 0 0 3 2 3 0 0 0 3 1 2 2 2 2 3
0 13 0 0 3 1 2 2 2 3 0 3 0 3 0
0 14 1 0 1 1 2 2 3 0 3 0 3 0 3 0
0 18 1 3 1 1 3 1 2 1 1 2 2 2 2 2 3 0 3 0
0 14 3 0 0 3 0 0 0 1 2 1 1 2 2 2
0 8 1 2 2 2 2 3 0 3
0 111 0 0 0 2 1 2 1 2 1 2 2 2 2 1 2 2 2 2 2 1 2 1 2 2 2 2 1 0 0 0 0 0 0 0 0 0 0 0 0 0 2 2 2 2 2 2 2 2 2 2 2 1 2 0 0 0 0 0 0 0 0 0 0 0 0 2 1 2 2 2 2 1 2 2 2 2 2 1 2 1 2 2 2 2 2 2 1 2 2 2 0 0 0 0 0 0 0 1 3 1 3 3 1 2 2 2 3 0 3 0 3
0 33 1 1 2 3 0 3 0 0 3 1 0 3 3 3 3 0 2 1 2 1 0 0 2 1 2 1 1 2 2 2 2 2 3
0 116 3 1 1 3 3 3 0 2 1 2 2 2 0 0 0 0 0 0 0 2 1 2 1 2 1 2 1 0 2 1 2 2 2 2 2 2 0 0 2 2 2 2 2 2 1 0 0 2 2 2 2 2 2 2 2 1 2 1 2 1 0 2 1 2 2 2 2 1 2 1 2 2 0 0 2 1 0 0 0 0 2 1 2 2 2 2 2 1 2 1 0 0 0 0 0 0 0 0 2 1 0 0 1 3 1 3 1 2 1 1 2 2 2 2 3 0
0 33 0 2 2 0 0 0 0 0 1 2 2 2 3 0 3 0 0 3 2 1 0 3 1 2 2 2 2 3 0 3 0 3 0
0 44 0 0 2 2 2 2 2 0 2 1 2 2 2 2 1 2 2 2 2 2 2 2 2 2 2 2 2 2 2 0 0 0 2 2 2 1 2 1 2 2 1 1 2 2
0 49 3 1 1 1 1 0 1 1 1 0 2 3 0 3 0 3 0 3 0 3 0 0 0 0 0 2 1 2 2 2 2 0 3 3 3 2 1 0 3 1 2 2 3 0 3 0 3 0 3
0 28 0 2 2 2 2 2 0 0 0 0 0 0 0 0 0 0 0 0 0 0 0 0 0 1 2 2 2 3
0 38 1 2 2 2 2 3 0 3 0 3 0 0 3 3 0 0 0 0 3 3 2 3 0 0 3 0 0 0 3 1 3 2 1 2 1 1 2 2
0 7 0 0 3 1 2 2 2
0 78 1 1 1 1 0 0 1 1 1 1 1 1 1 3 2 3 0 0 0 0 0 0 2 2 2 2 2 2 2 2 2 2 1 0 0 0 2 2 2 2 2 2 2 1 2 1 2 1 0 0 0 0 0 2 1 2 2 2 2 2 1 2 2 2 2 1 0 0 0 2 1 0 0 3 1 2 2 2
0 67 3 3 0 0 0 0 0 2 0 0 3 3 0 1 1 1 1 3 2 0 0 0 0 3 0 0 2 1 2 2 2 3 0 3 0 3 0 3 0 0 3 3 1 3 3 1 3 1 2 3 0 3 0 3 0 0 3 1 0 3 1 2 2 2 3 0 0
0 36 0 2 2 0 0 0 0 0 1 2 2 2 3 0 3 0 0 3 2 1 0 3 1 2 2 2 2 3 0 3 0 3 0 3 0 0
0 13 0 0 1 3 1 0 1 1 2 2 2 2 0
0 14 3 1 2 2 2 2 2 3 0 3 0 3 0 3
0 61 3 0 0 3 0 0 0 0 0 0 0 3 2 0 0 3 0 0 2 2 2 2 2 2 1 0 0 0 0 2 2 2 2 2 2 2 2 0 0 0 2 1 0 3 1 2 2 2 0 3 2 1 0 3 1 2 2 2 2 2 3
0 86 1 1 1 1 0 0 1 1 1 1 1 1 1 3 2 3 0 0 0 0 0 0 2 2 2 2 2 2 2 2 2 2 1 0 0 0 2 2 2 2 2 2 2 1 2 1 2 1 0 0 0 0 0 2 1 2 2 2 2 2 1 2 2 2 2 1 0 0 0 2 1 0 0 3 1 2 2 2 2 3 0 3 0 3 0 0
0 11 3 2 1 3 3 3 3 1 2 2 2
0 28 3 3 3 0 0 0 0 0 0 3 2 3 0 0 0 3 1 2 2 2 2 3 0 3 0 3 0 3
0 18 3 0 0 1 2 0 3 0 0 3 1 2 2 2 3 0 3 0
0 30 1 1 2 3 0 3 0 0 3 1 0 3 3 3 3 0 2 1 2 1 0 0 2 1 2 1 1 2 2 2
0 96 1 1 1 1 1 1 1 1 1 1 1 1 1 1 1 1 1 1 1 1 0 1 1 1 1 1 1 1 1 0 2 0 0 0 2 3 0 0 0 2 3 2 3 3 3 3 1 2 1 1 2 3 0 3 0 3 0 3 0 3 0 0 3 0 0 3 3 3 0 0 0 3 0 0 2 3 2 0 0 0 3 3 3 3 2 1 0 3 1 2 2 2 2 3 0 3
0 27 0 0 0 0 0 0 0 0 0 0 0 0 0 0 0 0 3 1 2 2 2 2 3 0 3 0 0
0 41 1 2 2 2 2 3 0 3 0 3 0 0 3 3 0 0 0 0 3 3 2 3 0 0 3 0 0 0 3 1 3 2 1 2 1 1 2 2 2 3 0
0 56 3 0 0 0 0 3 0 0 3 2 0 2 3 0 0 1 1 1 1 1 1 1 1 1 1 0 1 1 3 3 0 0 3 0 1 1 1 1 1 0 0 2 2 1 0 1 1 2 1 0 3 1 2 2 2 2
0 18 3 0 0 3 0 0 0 1 2 1 1 2 2 2 2 2 3 0
0 4 3 1 2 2
0 32 0 2 2 0 0 0 0 0 1 2 2 2 3 0 3 0 0 3 2 1 0 3 1 2 2 2 2 3 0 3 0 3
0 13 1 3 3 1 2 2 2 2 2 3 0 3 0
0 57 3 0 0 0 0 3 0 0 3 2 0 2 3 0 0 1 1 1 1 1 1 1 1 1 1 0 1 1 3 3 0 0 3 0 1 1 1 1 1 0 0 2 2 1 0 1 1 2 1 0 3 1 2 2 2 2 2
0 40 2 1 0 2 1 2 1 2 2 2 2 2 0 0 0 0 0 0 0 0 0 0 0 0 0 0 0 0 0 0 0 0 0 2 1 1 2 2 2 2
0 145 2 1 0 2 1 3 1 1 1 2 1 0 0 0 0 0 0 0 2 2 2 1 2 1 2 2 2 1 0 0 0 0 0 0 0 0 0 0 0 1 3 0 2 2 1 2 1 2 1 2 2 2 2 2 2 2 2 2 1 2 1 0 0 0 0 0 0 2 1 2 1 2 1 2 1 0 0 0 0 0 0 0 0 0 0 2 2 2 2 2 0 0 0 2 2 2 2 2 2 1 1 3 0 3 0 3 0 3 0 0 3 1 0 2 1 3 3 0 0 0 2 1 0 2 2 2 2 2 2 1 2 2 2 0 0 0 0 0 0 1 2 2 2 2 3
0 78 2 1 0 0 2 1 2 1 0 0 0 3 3 1 1 1 0 2 1 2 1 2 2 2 2 2 2 2 2 2 2 1 0 0 0 0 2 2 2 1 0 2 0 1 2 2 3 0 3 0 3 0 0 3 0 0 0 0 0 0 2 1 2 1 2 1 1 2 2 2 2 3 0 3 0 3 0 3
0 39 3 3 3 3 1 1 1 0 1 1 1 1 1 0 0 0 0 2 0 0 0 0 3 2 3 0 3 2 0 0 3 0 0 1 1 2 2 2 2
0 16 0 0 3 1 2 2 2 0 3 0 0 3 1 2 2 2
0 41 0 0 1 1 2 3 0 3 0 3 0 3 0 0 3 3 0 0 3 3 3 3 3 0 3 2 3 2 0 0 3 1 2 2 2 2 2 3 0 3 0
0 94 1 1 1 1 1 1 1 1 1 1 1 1 1 1 1 1 1 1 1 1 0 1 1 1 1 1 1 1 1 0 2 0 0 0 2 3 0 0 0 2 3 2 3 3 3 3 1 2 1 1 2 3 0 3 0 3 0 3 0 3 0 0 3 0 0 3 3 3 0 0 0 3 0 0 2 3 2 0 0 0 3 3 3 3 2 1 0 3 1 2 2 2 2 3
0 10 3 3 1 2 1 1 2 2 2 2
0 11 1 2 2 2 2 2 3 0 3 0 3
0 11 0 0 3 1 1 2 2 2 2 2 3
0 38 2 1 0 2 1 2 1 2 2 2 2 2 0 0 0 0 0 0 0 0 0 0 0 0 0 0 0 0 0 0 0 0 0 2 1 1 2 2
0 29 1 1 2 3 0 3 0 0 3 1 0 3 3 3 3 0 2 1 2 1 0 0 2 1 2 1 1 2 2
0 70 2 1 0 0 2 1 2 1 0 0 0 3 3 1 1 1 0 2 1 2 1 2 2 2 2 2 2 2 2 2 2 1 0 0 0 0 2 2 2 1 0 2 0 1 2 2 3 0 3 0 3 0 0 3 0 0 0 0 0 0 2 1 2 1 2 1 1 2 2 2
0 46 2 1 0 3 1 2 2 2 2 3 0 3 0 3 0 3 0 3 0 0 3 0 0 0 0 0 0 0 0 2 1 2 1 2 1 2 1 2 1 1 2 2 3 0 3 0
0 10 3 2 1 3 3 3 3 1 2 2
0 6 1 2 2 3 0 3
0 20 3 0 0 1 2 0 3 0 0 3 1 2 2 2 3 0 3 0 3 0
0 105 0 0 0 2 1 2 1 2 1 2 2 2 2 1 2 2 2 2 2 1 2 1 2 2 2 2 1 0 0 0 0 0 0 0 0 0 0 0 0 0 2 2 2 2 2 2 2 2 2 2 2 1 2 0 0 0 0 0 0 0 0 0 0 0 0 2 1 2 2 2 2 1 2 2 2 2 2 1 2 1 2 2 2 2 2 2 1 2 2 2 0 0 0 0 0 0 0 1 3 1 3 3 1 2 2
0 12 3 1 3 2 1 1 3 1 1 2 2 2
0 37 1 1 2 3 0 3 0 0 3 1 0 3 3 3 3 0 2 1 2 1 0 0 2 1 2 1 1 2 2 2 2 2 3 0 3 0 3
0 149 2 1 0 2 1 3 1 1 1 2 1 0 0 0 0 0 0 0 2 2 2 1 2 1 2 2 2 1 0 0 0 0 0 0 0 0 0 0 0 1 3 0 2 2 1 2 1 2 1 2 2 2 2 2 2 2 2 2 1 2 1 0 0 0 0 0 0 2 1 2 1 2 1 2 1 0 0 0 0 0 0 0 0 0 0 2 2 2 2 2 0 0 0 2 2 2 2 2 2 1 1 3 0 3 0 3 0 3 0 0 3 1 0 2 1 3 3 0 0 0 2 1 0 2 2 2 2 2 2 1 2 2 2 0 0 0 0 0 0 1 2 2 2 2 3 0 3 0 0
0 22 0 0 1 1 0 0 2 3 2 1 0 3 1 2 2 2 2 2 3 0 3 0
0 18 3 1 2 2 2 2 2 3 0 3 0 3 0 3 0 3 0 0
0 30 3 3 0 0 3 3 0 0 0 0 0 3 3 3 1 3 3 3 1 3 2 1 1 2 2 2 2 3 0 3
0 30 0 2 2 2 2 2 0 0 0 0 0 0 0 0 0 0 0 0 0 0 0 0 0 1 2 2 2 3 0 3
0 25 3 3 0 0 3 3 0 0 0 0 0 3 3 3 1 3 3 3 1 3 2 1 1 2 2
0 54 3 1 1 1 1 1 1 1 1 1 1 1 1 1 1 1 1 1 1 1 1 1 1 1 1 0 1 1 1 0 1 1 1 1 1 3 2 3 2 0 2 3 2 3 0 3 3 1 2 2 2 2 2 3
0 19 2 1 1 2 3 0 3 0 0 3 1 3 3 3 3 3 1 2 2
0 45 3 1 1 1 1 0 1 1 1 0 2 3 0 3 0 3 0 3 0 3 0 0 0 0 0 2 1 2 2 2 2 0 3 3 3 2 1 0 3 1 2 2 3 0 3
0 17 0 0 1 1 0 0 2 3 2 1 0 3 1 2 2 2 2
0 18 1 0 3 1 2 2 2 2 2 3 0 3 0 3 0 3 0 0
0 44 2 1 3 1 1 3 1 3 3 3 1 3 3 1 1 2 1 2 1 1 1 1 1 1 2 1 2 3 0 0 2 1 0 1 1 2 2 2 3 0 3 0 3 0
0 39 1 2 2 2 2 3 0 3 0 3 0 0 3 3 0 0 0 0 3 3 2 3 0 0 3 0 0 0 3 1 3 2 1 2 1 1 2 2 2
0 24 0 0 3 1 2 3 3 0 0 3 3 3 3 1 1 3 3 1 2 2 2 2 3 0
0 20 2 1 1 2 3 0 3 0 0 3 1 3 3 3 3 3 1 2 2 3
0 55 3 1 1 1 1 1 1 1 1 1 1 1 1 1 1 1 1 1 1 1 1 1 1 1 1 0 1 1 1 0 1 1 1 1 1 3 2 3 2 0 2 3 2 3 0 3 3 1 2 2 2 2 2 3 0
0 93 3 3 1 1 3 1 2 3 0 3 0 3 0 3 0 0 3 3 3 3 0 0 3 1 1 1 1 0 1 1 1 1 1 1 1 1 1 1 1 1 1 1 1 0 1 0 1 1 1 0 0 2 3 0 3 2 0 2 3 2 1 2 1 0 2 1 2 2 2 2 2 2 2 2 2 2 2 0 0 0 1 1 3 3 1 2 2 2 2 3 0 3 0
0 50 2 1 0 2 1 2 1 2 2 2 2 2 0 0 0 0 0 0 0 0 0 0 0 0 0 0 0 0 0 0 0 0 0 2 1 1 2 2 2 2 2 3 0 3 0 3 0 3 0 3
0 35 1 1 2 3 0 3 0 0 3 1 0 3 3 3 3 0 2 1 2 1 0 0 2 1 2 1 1 2 2 2 2 2 3 0 3
0 43 0 0 2 3 2 1 0 2 3 2 1 0 3 1 2 2 2 2 0 3 3 3 3 3 3 3 2 1 3 1 1 3 1 3 1 1 1 1 2 2 3 0 3
0 23 3 0 0 1 2 0 3 0 0 3 1 2 2 2 3 0 3 0 3 0 3 0 3
0 81 2 1 0 0 2 1 2 1 0 0 0 3 3 1 1 1 0 2 1 2 1 2 2 2 2 2 2 2 2 2 2 1 0 0 0 0 2 2 2 1 0 2 0 1 2 2 3 0 3 0 3 0 0 3 0 0 0 0 0 0 2 1 2 1 2 1 1 2 2 2 2 3 0 3 0 3 0 3 0 3 0
0 91 1 1 1 1 1 1 1 1 1 1 1 1 1 1 1 1 1 1 1 1 0 1 1 1 1 1 1 1 1 0 2 0 0 0 2 3 0 0 0 2 3 2 3 3 3 3 1 2 1 1 2 3 0 3 0 3 0 3 0 3 0 0 3 0 0 3 3 3 0 0 0 3 0 0 2 3 2 0 0 0 3 3 3 3 2 1 0 3 1 2 2
0 27 0 0 1 1 2 1 1 1 1 2 1 1 1 1 1 1 2 3 1 1 3 3 1 2 2 2 3
0 9 1 0 1 1 2 2 3 0 3
0 9 3 3 1 2 1 1 2 2 2
0 24 3 0 0 1 2 0 3 0 0 3 1 2 2 2 3 0 3 0 3 0 3 0 3 0
0 47 3 0 0 3 0 0 0 0 0 0 0 3 2 0 0 3 0 0 2 2 2 2 2 2 1 0 0 0 0 2 2 2 2 2 2 2 2 0 0 0 2 1 0 3 1 2 2
0 21 0 0 3 1 2 3 3 0 0 3 3 3 3 1 1 3 3 1 2 2 2
0 11 0 0 3 1 2 2 2 2 3 0 3
0 5 1 2 2 2 2
0 54 3 3 0 0 0 0 0 0 0 0 0 0 0 0 0 3 0 3 2 0 0 0 0 0 0 0 3 3 2 0 2 3 2 3 3 0 0 1 1 2 2 2 2 2 3 0 3 0 0 3 1 2 2 2
0 11 1 0 1 1 2 2 3 0 3 0 3
0 82 1 1 1 1 0 0 1 1 1 1 1 1 1 3 2 3 0 0 0 0 0 0 2 2 2 2 2 2 2 2 2 2 1 0 0 0 2 2 2 2 2 2 2 1 2 1 2 1 0 0 0 0 0 2 1 2 2 2 2 2 1 2 2 2 2 1 0 0 0 2 1 0 0 3 1 2 2 2 2 3 0 3
0 44 0 0 0 0 0 2 2 1 2 1 0 2 1 2 1 2 2 2 2 1 0 0 0 0 0 0 0 0 0 0 0 0 0 0 0 0 1 2 2 2 2 3 0 3
0 8 0 0 3 1 1 2 2 2
0 33 3 1 1 1 3 0 0 2 1 2 2 2 0 0 0 0 0 2 1 1 2 2 3 0 3 0 3 0 3 0 0 3 2
0 12 3 1 2 2 2 2 2 3 0 3 0 3
0 117 3 3 1 0 1 1 1 1 1 1 1 1 1 3 2 0 2 3 0 3 2 3 3 3 1 1 1 1 1 1 1 1 1 1 1 1 1 1 1 1 0 0 0 2 0 2 0 2 3 3 3 3 3 0 0 0 2 0 2 3 2 0 0 3 0 0 2 2 2 2 1 2 2 1 2 2 2 2 2 2 2 1 2 2 2 2 1 0 0 0 0 0 0 0 0 0 0 0 0 0 0 0 2 1 0 0 0 0 0 1 2 2 2 2 2 3 0
0 15 3 3 1 3 1 1 3 2 1 1 2 2 2 3 0
0 31 0 2 2 2 2 2 1 0 0 0 0 0 0 0 1 3 3 1 3 1 3 2 1 1 2 2 2 2 2 3 0
0 12 0 0 3 1 2 2 2 2 2 3 0 3
0 91 0 1 1 1 0 1 0 1 0 3 2 3 0 0 2 0 2 0 0 0 0 3 0 2 2 2 2 2 1 2 1 2 1 2 1 0 0 2 2 2 1 2 1 2 2 2 2 2 2 2 1 2 1 2 1 0 0 0 0 0 0 0 0 2 1 2 2 2 2 2 2 2 2 2 2 1 0 2 1 2 1 3 0 0 3 1 2 2 2 2 3
0 48 2 1 0 2 1 2 1 2 2 2 2 2 0 0 0 0 0 0 0 0 0 0 0 0 0 0 0 0 0 0 0 0 0 2 1 1 2 2 2 2 2 3 0 3 0 3 0 3
0 11 2 1 0 3 1 2 2 2 3 0 3
0 146 2 1 0 2 1 3 1 1 1 2 1 0 0 0 0 0 0 0 2 2 2 1 2 1 2 2 2 1 0 0 0 0 0 0 0 0 0 0 0 1 3 0 2 2 1 2 1 2 1 2 2 2 2 2 2 2 2 2 1 2 1 0 0 0 0 0 0 2 1 2 1 2 1 2 1 0 0 0 0 0 0 0 0 0 0 2 2 2 2 2 0 0 0 2 2 2 2 2 2 1 1 3 0 3 0 3 0 3 0 0 3 1 0 2 1 3 3 0 0 0 2 1 0 2 2 2 2 2 2 1 2 2 2 0 0 0 0 0 0 1 2 2 2 2 3 0
0 13 3 2 1 3 3 3 3 1 2 2 2 3 0
0 14 1 2 2 2 2 2 3 0 3 0 3 0 3 0
0 10 1 2 2 3 0 3 0 3 0 3
0 12 1 3 1 1 3 1 2 1 1 2 2 2
0 17 3 0 0 1 2 0 3 0 0 3 1 2 2 2 3 0 3
0 8 2 1 0 3 1 2 2 2
0 73 2 1 0 0 2 1 2 1 0 0 0 3 3 1 1 1 0 2 1 2 1 2 2 2 2 2 2 2 2 2 2 1 0 0 0 0 2 2 2 1 0 2 0 1 2 2 3 0 3 0 3 0 0 3 0 0 0 0 0 0 2 1 2 1 2 1 1 2 2 2 2 3 0
0 25 3 1 1 1 3 0 0 2 1 2 2 2 0 0 0 0 0 2 1 1 2 2 3 0 3
0 46 2 1 0 2 1 2 1 2 2 2 2 2 0 0 0 0 0 0 0 0 0 0 0 0 0 0 0 0 0 0 0 0 0 2 1 1 2 2 2 2 2 3 0 3 0 3
0 55 3 3 0 0 0 0 0 0 0 0 0 0 0 0 0 3 0 3 2 0 0 0 0 0 0 0 3 3 2 0 2 3 2 3 3 0 0 1 1 2 2 2 2 2 3 0 3 0 0 3 1 2 2 2 2
0 32 1 1 2 3 0 3 0 0 3 1 0 3 3 3 3 0 2 1 2 1 0 0 2 1 2 1 1 2 2 2 2 2
0 34 0 2 2 2 2 2 1 0 0 0 0 0 0 0 1 3 3 1 3 1 3 2 1 1 2 2 2 2 2 3 0 0 3 2
0 58 3 0 0 0 0 3 0 0 3 2 0 2 3 0 0 1 1 1 1 1 1 1 1 1 1 0 1 1 3 3 0 0 3 0 1 1 1 1 1 0 0 2 2 1 0 1 1 2 1 0 3 1 2 2 2 2 2 3
0 95 3 3 3 3 2 1 0 3 1 3 0 3 0 3 0 0 3 3 3 1 3 3 0 2 2 2 2 2 2 2 2 2 0 0 0 0 0 2 1 2 1 0 0 0 0 0 0 2 2 2 2 2 0 0 0 0 2 2 2 2 2 2 2 2 1 2 0 0 2 2 2 2 2 2 1 2 2 2 2 2 2 2 2 2 1 1 3 3 3 1 2 2 2 2 2
0 22 1 0 3 1 2 2 2 2 2 3 0 3 0 3 0 3 0 0 3 1 2 2
0 57 1 1 1 1 1 1 1 1 1 1 1 1 0 1 1 1 1 1 1 1 1 1 1 1 1 1 1 1 1 0 2 0 0 0 0 3 0 3 3 1 1 1 0 0 0 0 0 0 1 3 0 0 3 1 2 2 2
0 85 1 1 1 1 0 0 1 1 1 1 1 1 1 3 2 3 0 0 0 0 0 0 2 2 2 2 2 2 2 2 2 2 1 0 0 0 2 2 2 2 2 2 2 1 2 1 2 1 0 0 0 0 0 2 1 2 2 2 2 2 1 2 2 2 2 1 0 0 0 2 1 0 0 3 1 2 2 2 2 3 0 3 0 3 0
0 93 0 1 1 1 0 1 0 1 0 3 2 3 0 0 2 0 2 0 0 0 0 3 0 2 2 2 2 2 1 2 1 2 1 2 1 0 0 2 2 2 1 2 1 2 2 2 2 2 2 2 1 2 1 2 1 0 0 0 0 0 0 0 0 2 1 2 2 2 2 2 2 2 2 2 2 1 0 2 1 2 1 3 0 0 3 1 2 2 2 2 3 0 0
0 81 1 1 1 1 0 0 1 1 1 1 1 1 1 3 2 3 0 0 0 0 0 0 2 2 2 2 2 2 2 2 2 2 1 0 0 0 2 2 2 2 2 2 2 1 2 1 2 1 0 0 0 0 0 2 1 2 2 2 2 2 1 2 2 2 2 1 0 0 0 2 1 0 0 3 1 2 2 2 2 3 0
0 44 1 2 2 2 2 3 0 3 0 3 0 0 3 3 0 0 0 0 3 3 2 3 0 0 3 0 0 0 3 1 3 2 1 2 1 1 2 2 2 3 0 3 0 3
0 34 0 0 0 3 0 0 0 0 0 0 0 0 3 0 0 0 0 2 2 2 2 0 0 0 2 2 2 2 2 1 1 2 2 3
0 15 1 0 3 1 2 2 2 2 2 3 0 3 0 3 0
0 12 0 0 1 3 1 0 1 1 2 2 2 2
0 7 1 0 3 1 2 2 3
0 68 1 1 1 1 0 0 0 2 3 0 0 2 3 0 2 2 2 2 2 2 2 1 2 1 2 1 1 2 2 3 0 3 0 3 0 3 0 3 0 0 3 3 3 0 0 0 0 3 3 0 0 0 0 3 0 3 3 1 3 1 1 3 1 2 2 2 3 0
0 11 0 0 3 1 2 2 2 2 2 3 0
0 19 3 1 3 2 1 1 3 1 1 2 2 2 2 2 3 0 3 0 0
0 18 2 1 1 1 1 3 2 1 1 2 2 2 3 0 3 0 3 0
0 15 3 2 1 2 1 3 1 1 2 1 1 2 2 2 2
0 11 3 3 3 1 3 1 2 2 2 3 0
0 112 0 0 0 2 1 2 1 2 1 2 2 2 2 1 2 2 2 2 2 1 2 1 2 2 2 2 1 0 0 0 0 0 0 0 0 0 0 0 0 0 2 2 2 2 2 2 2 2 2 2 2 1 2 0 0 0 0 0 0 0 0 0 0 0 0 2 1 2 2 2 2 1 2 2 2 2 2 1 2 1 2 2 2 2 2 2 1 2 2 2 0 0 0 0 0 0 0 1 3 1 3 3 1 2 2 2 3 0 3 0 3 0
0 47 1 2 2 2 2 3 0 3 0 3 0 0 3 3 0 0 0 0 3 3 2 3 0 0 3 0 0 0 3 1 3 2 1 2 1 1 2 2 2 3 0 3 0 3 0 3 0
0 29 0 2 2 0 0 0 0 0 1 2 2 2 3 0 3 0 0 3 2 1 0 3 1 2 2 2 2 3 0
0 30 1 1 1 1 0 0 0 2 3 0 0 2 3 0 2 2 2 2 2 2 2 1 2 1 2 1 1 2 2 3
0 36 1 1 1 1 0 0 0 2 3 0 0 2 3 0 2 2 2 2 2 2 2 1 2 1 2 1 1 2 2 3 0 3 0 3 0 3
0 17 1 0 3 1 2 2 2 2 2 3 0 3 0 3 0 3 0
0 16 1 2 2 2 2 2 3 0 3 0 3 0 3 0 3 0
0 35 2 1 1 1 1 3 2 1 1 2 2 2 3 0 3 0 3 0 3 0 3 0 0 3 0 0 2 1 0 3 1 2 2 2 2
0 15 3 0 0 1 2 0 3 0 0 3 1 2 2 2 3
0 11 1 2 2 2 2 3 0 3 0 3 0
0 99 1 1 1 1 1 1 1 1 1 1 1 1 1 1 1 1 1 1 1 1 0 1 1 1 1 1 1 1 1 0 2 0 0 0 2 3 0 0 0 2 3 2 3 3 3 3 1 2 1 1 2 3 0 3 0 3 0 3 0 3 0 0 3 0 0 3 3 3 0 0 0 3 0 0 2 3 2 0 0 0 3 3 3 3 2 1 0 3 1 2 2 2 2 3 0 3 0 3 0
0 29 0 2 2 2 2 2 0 0 0 0 0 0 0 0 0 0 0 0 0 0 0 0 0 1 2 2 2 3 0
0 8 3 3 3 1 3 1 2 2
0 42 0 0 0 0 0 2 2 1 2 1 0 2 1 2 1 2 2 2 2 1 0 0 0 0 0 0 0 0 0 0 0 0 0 0 0 0 1 2 2 2 2 3
0 27 0 2 2 2 2 2 1 0 0 0 0 0 0 0 1 3 3 1 3 1 3 2 1 1 2 2 2
0 17 0 0 3 1 2 2 2 0 3 0 0 3 1 2 2 2 2
0 51 3 0 0 3 0 0 0 0 0 0 0 3 2 0 0 3 0 0 2 2 2 2 2 2 1 0 0 0 0 2 2 2 2 2 2 2 2 0 0 0 2 1 0 3 1 2 2 2 0 3 2
0 16 0 0 3 1 1 2 2 2 2 2 3 0 3 0 3 0
0 39 0 0 0 3 0 0 0 0 0 0 0 0 3 0 0 0 0 2 2 2 2 0 0 0 2 2 2 2 2 1 1 2 2 3 0 3 0 3 0
0 98 1 1 1 1 1 1 1 1 1 1 1 1 1 1 1 1 1 1 1 1 0 1 1 1 1 1 1 1 1 0 2 0 0 0 2 3 0 0 0 2 3 2 3 3 3 3 1 2 1 1 2 3 0 3 0 3 0 3 0 3 0 0 3 0 0 3 3 3 0 0 0 3 0 0 2 3 2 0 0 0 3 3 3 3 2 1 0 3 1 2 2 2 2 3 0 3 0 3
0 17 2 1 3 3 1 1 1 3 1 2 2 3 0 3 0 3 0
0 42 0 0 2 3 2 1 0 2 3 2 1 0 3 1 2 2 2 2 0 3 3 3 3 3 3 3 2 1 3 1 1 3 1 3 1 1 1 1 2 2 3 0
0 80 1 1 1 1 0 0 1 1 1 1 1 1 1 3 2 3 0 0 0 0 0 0 2 2 2 2 2 2 2 2 2 2 1 0 0 0 2 2 2 2 2 2 2 1 2 1 2 1 0 0 0 0 0 2 1 2 2 2 2 2 1 2 2 2 2 1 0 0 0 2 1 0 0 3 1 2 2 2 2 3
0 17 3 2 1 2 1 3 1 1 2 1 1 2 2 2 2 2 3
0 15 1 2 2 2 2 2 3 0 3 0 3 0 3 0 3
0 41 0 0 0 3 0 0 0 0 0 0 0 0 3 0 0 0 0 2 2 2 2 0 0 0 2 2 2 2 2 1 1 2 2 3 0 3 0 3 0 3 0
0 37 2 1 3 1 1 3 1 3 3 3 1 3 3 1 1 2 1 2 1 1 1 1 1 1 2 1 2 3 0 0 2 1 0 1 1 2 2
0 47 2 1 0 3 1 2 2 2 2 3 0 3 0 3 0 3 0 3 0 0 3 0 0 0 0 0 0 0 0 2 1 2 1 2 1 2 1 2 1 1 2 2 3 0 3 0 0
0 12 0 0 3 1 2 2 2 3 0 0 3 2
0 35 0 0 1 1 2 1 1 1 1 2 1 1 1 1 1 1 2 3 1 1 3 3 1 2 2 2 3 0 3 0 3 0 3 0 0
0 36 0 0 0 3 0 0 0 0 0 0 0 0 3 0 0 0 0 2 2 2 2 0 0 0 2 2 2 2 2 1 1 2 2 3 0 3
0 33 1 1 1 1 0 0 0 2 3 0 0 2 3 0 2 2 2 2 2 2 2 1 2 1 2 1 1 2 2 3 0 3 0
0 12 1 0 3 1 2 2 2 2 2 3 0 3
0 16 3 0 0 2 3 1 0 3 1 2 2 2 2 3 0 0
0 9 0 0 3 1 2 2 2 2 0
0 14 3 3 3 1 3 1 2 2 2 3 0 3 0 3
0 46 0 0 2 3 2 1 0 2 3 2 1 0 3 1 2 2 2 2 0 3 3 3 3 3 3 3 2 1 3 1 1 3 1 3 1 1 1 1 2 2 3 0 3 0 3 0
0 37 1 1 1 1 0 0 0 2 3 0 0 2 3 0 2 2 2 2 2 2 2 1 2 1 2 1 1 2 2 3 0 3 0 3 0 3 0
0 117 3 1 1 3 3 3 0 2 1 2 2 2 0 0 0 0 0 0 0 2 1 2 1 2 1 2 1 0 2 1 2 2 2 2 2 2 0 0 2 2 2 2 2 2 1 0 0 2 2 2 2 2 2 2 2 1 2 1 2 1 0 2 1 2 2 2 2 1 2 1 2 2 0 0 2 1 0 0 0 0 2 1 2 2 2 2 2 1 2 1 0 0 0 0 0 0 0 0 2 1 0 0 1 3 1 3 1 2 1 1 2 2 2 2 3 0 3
0 23 0 0 1 1 0 0 2 3 2 1 0 3 1 2 2 2 2 2 3 0 3 0 3
0 40 2 1 3 1 1 3 1 3 3 3 1 3 3 1 1 2 1 2 1 1 1 1 1 1 2 1 2 3 0 0 2 1 0 1 1 2 2 2 3 0
0 124 3 3 1 0 1 1 1 1 1 1 1 1 1 3 2 0 2 3 0 3 2 3 3 3 1 1 1 1 1 1 1 1 1 1 1 1 1 1 1 1 0 0 0 2 0 2 0 2 3 3 3 3 3 0 0 0 2 0 2 3 2 0 0 3 0 0 2 2 2 2 1 2 2 1 2 2 2 2 2 2 2 1 2 2 2 2 1 0 0 0 0 0 0 0 0 0 0 0 0 0 0 0 2 1 0 0 0 0 0 1 2 2 2 2 2 3 0 3 0 3 0 3 0 3
0 10 0 0 3 3 0 0 1 1 2 2
0 41 3 3 3 3 1 1 1 0 1 1 1 1 1 0 0 0 0 2 0 0 0 0 3 2 3 0 3 2 0 0 3 0 0 1 1 2 2 2 2 3 0
0 118 1 1 1 2 2 1 1 1 2 1 1 3 1 1 1 1 0 1 1 1 1 1 1 1 1 1 1 1 1 3 0 3 2 3 0 3 2 0 0 0 0 0 0 0 0 0 0 0 3 0 0 3 2 3 2 3 0 1 1 1 1 1 1 1 1 1 1 1 1 1 1 1 1 1 1 1 0 1 1 1 0 3 0 3 0 3 2 3 2 3 0 0 3 1 2 1 1 3 1 3 3 3 3 1 3 3 1 1 1 2 2 2 2 3 0 3 0 3
0 32 0 2 2 2 2 2 0 0 0 0 0 0 0 0 0 0 0 0 0 0 0 0 0 1 2 2 2 3 0 3 0 3
0 120 3 1 1 3 3 3 0 2 1 2 2 2 0 0 0 0 0 0 0 2 1 2 1 2 1 2 1 0 2 1 2 2 2 2 2 2 0 0 2 2 2 2 2 2 1 0 0 2 2 2 2 2 2 2 2 1 2 1 2 1 0 2 1 2 2 2 2 1 2 1 2 2 0 0 2 1 0 0 0 0 2 1 2 2 2 2 2 1 2 1 0 0 0 0 0 0 0 0 2 1 0 0 1 3 1 3 1 2 1 1 2 2 2 2 3 0 3 0 3 0
0 45 3 3 1 3 1 1 3 2 1 1 2 2 2 3 0 3 0 0 3 3 3 3 1 3 2 1 1 3 1 3 1 3 0 3 0 3 0 0 3 0 0 3 1 2 2
0 52 3 1 1 1 1 1 1 1 1 1 1 1 1 1 1 1 1 1 1 1 1 1 1 1 1 0 1 1 1 0 1 1 1 1 1 3 2 3 2 0 2 3 2 3 0 3 3 1 2 2 2 2
0 44 0 0 1 1 2 3 0 3 0 3 0 3 0 0 3 3 0 0 3 3 3 3 3 0 3 2 3 2 0 0 3 1 2 2 2 2 2 3 0 3 0 3 0 0
0 17 0 0 3 1 2 2 2 2 2 3 0 3 0 3 0 3 0
0 16 3 2 1 2 1 3 1 1 2 1 1 2 2 2 2 2
0 13 2 1 0 3 1 2 2 2 3 0 3 0 0
0 23 1 0 3 1 2 2 2 2 2 3 0 3 0 3 0 3 0 0 3 1 2 2 3
0 57 3 0 0 3 0 0 0 0 0 0 0 3 2 0 0 3 0 0 2 2 2 2 2 2 1 0 0 0 0 2 2 2 2 2 2 2 2 0 0 0 2 1 0 3 1 2 2 2 0 3 2 1 0 3 1 2 2
0 6 1 0 3 1 2 2
0 45 2 1 0 2 1 2 1 2 2 2 2 2 0 0 0 0 0 0 0 0 0 0 0 0 0 0 0 0 0 0 0 0 0 2 1 1 2 2 2 2 2 3 0 3 0
0 35 1 1 1 1 0 0 0 2 3 0 0 2 3 0 2 2 2 2 2 2 2 1 2 1 2 1 1 2 2 3 0 3 0 3 0
0 71 2 1 0 0 2 1 2 1 0 0 0 3 3 1 1 1 0 2 1 2 1 2 2 2 2 2 2 2 2 2 2 1 0 0 0 0 2 2 2 1 0 2 0 1 2 2 3 0 3 0 3 0 0 3 0 0 0 0 0 0 2 1 2 1 2 1 1 2 2 2 2
0 110 0 0 0 2 1 2 1 2 1 2 2 2 2 1 2 2 2 2 2 1 2 1 2 2 2 2 1 0 0 0 0 0 0 0 0 0 0 0 0 0 2 2 2 2 2 2 2 2 2 2 2 1 2 0 0 0 0 0 0 0 0 0 0 0 0 2 1 2 2 2 2 1 2 2 2 2 2 1 2 1 2 2 2 2 2 2 1 2 2 2 0 0 0 0 0 0 0 1 3 1 3 3 1 2 2 2 3 0 3 0
0 49 1 3 1 0 0 0 0 0 0 0 0 0 2 2 2 2 2 2 2 2 1 2 1 0 0 0 0 0 0 0 0 0 0 0 0 2 1 1 3 1 2 2 3 0 3 0 3 0 0
0 79 2 1 0 0 2 1 2 1 0 0 0 3 3 1 1 1 0 2 1 2 1 2 2 2 2 2 2 2 2 2 2 1 0 0 0 0 2 2 2 1 0 2 0 1 2 2 3 0 3 0 3 0 0 3 0 0 0 0 0 0 2 1 2 1 2 1 1 2 2 2 2 3 0 3 0 3 0 3 0
0 53 2 1 0 0 2 1 2 1 0 0 0 3 3 1 1 1 0 2 1 2 1 2 2 2 2 2 2 2 2 2 2 1 0 0 0 0 2 2 2 1 0 2 0 1 2 2 3 0 3 0 3 0 0
0 109 0 0 0 2 1 2 1 2 1 2 2 2 2 1 2 2 2 2 2 1 2 1 2 2 2 2 1 0 0 0 0 0 0 0 0 0 0 0 0 0 2 2 2 2 2 2 2 2 2 2 2 1 2 0 0 0 0 0 0 0 0 0 0 0 0 2 1 2 2 2 2 1 2 2 2 2 2 1 2 1 2 2 2 2 2 2 1 2 2 2 0 0 0 0 0 0 0 1 3 1 3 3 1 2 2 2 3 0 3
0 148 2 1 0 2 1 3 1 1 1 2 1 0 0 0 0 0 0 0 2 2 2 1 2 1 2 2 2 1 0 0 0 0 0 0 0 0 0 0 0 1 3 0 2 2 1 2 1 2 1 2 2 2 2 2 2 2 2 2 1 2 1 0 0 0 0 0 0 2 1 2 1 2 1 2 1 0 0 0 0 0 0 0 0 0 0 2 2 2 2 2 0 0 0 2 2 2 2 2 2 1 1 3 0 3 0 3 0 3 0 0 3 1 0 2 1 3 3 0 0 0 2 1 0 2 2 2 2 2 2 1 2 2 2 0 0 0 0 0 0 1 2 2 2 2 3 0 3 0
0 31 0 0 1 1 2 1 1 1 1 2 1 1 1 1 1 1 2 3 1 1 3 3 1 2 2 2 3 0 3 0 3
0 27 3 3 0 0 3 3 0 0 0 0 0 3 3 3 1 3 3 3 1 3 2 1 1 2 2 2 2
0 9 1 3 3 1 2 2 2 2 2
0 19 3 0 0 1 2 0 3 0 0 3 1 2 2 2 3 0 3 0 3
0 44 2 1 0 3 1 2 2 2 2 3 0 3 0 3 0 3 0 3 0 0 3 0 0 0 0 0 0 0 0 2 1 2 1 2 1 2 1 2 1 1 2 2 3 0
0 34 1 1 2 3 0 3 0 0 3 1 0 3 3 3 3 0 2 1 2 1 0 0 2 1 2 1 1 2 2 2 2 2 3 0
0 11 0 0 1 1 2 2 2 3 0 3 0
0 16 0 2 2 0 0 0 0 0 1 2 2 2 3 0 3 0
0 14 3 0 0 2 3 1 0 3 1 2 2 2 2 3
0 18 0 0 1 1 0 0 2 3 2 1 0 3 1 2 2 2 2 2
0 12 1 3 3 1 2 2 2 2 2 3 0 3
0 39 1 1 2 3 0 3 0 0 3 1 0 3 3 3 3 0 2 1 2 1 0 0 2 1 2 1 1 2 2 2 2 2 3 0 3 0 3 0 3
0 43 1 1 2 3 0 3 0 0 3 1 0 3 3 3 3 0 2 1 2 1 0 0 2 1 2 1 1 2 2 2 2 2 3 0 3 0 3 0 3 0 3 0 0
0 15 0 0 3 1 2 2 2 3 0 3 0 3 0 3 0
0 63 3 0 0 3 0 0 0 0 0 0 0 3 2 0 0 3 0 0 2 2 2 2 2 2 1 0 0 0 0 2 2 2 2 2 2 2 2 0 0 0 2 1 0 3 1 2 2 2 0 3 2 1 0 3 1 2 2 2 2 2 3 0 3
0 32 1 1 1 1 0 0 0 2 3 0 0 2 3 0 2 2 2 2 2 2 2 1 2 1 2 1 1 2 2 3 0 3
0 85 3 1 1 3 1 2 1 1 3 3 1 1 3 1 0 1 1 1 1 0 1 1 1 0 1 1 1 1 1 1 1 1 1 0 2 1 1 0 3 2 0 2 3 3 3 0 0 0 0 2 3 0 3 0 0 2 3 3 3 0 0 3 1 3 0 3 0 3 0 3 0 3 0 0 3 2 1 0 3 1 2 2 3 0 3
0 21 3 0 0 1 2 0 3 0 0 3 1 2 2 2 3 0 3 0 3 0 3
0 9 0 0 3 1 2 2 2 3 0
0 66 3 0 0 0 0 3 0 0 3 2 0 2 3 0 0 1 1 1 1 1 1 1 1 1 1 0 1 1 3 3 0 0 3 0 1 1 1 1 1 0 0 2 2 1 0 1 1 2 1 0 3 1 2 2 2 2 2 3 0 3 0 3 0 3 0 0
0 82 2 1 0 0 2 1 2 1 0 0 0 3 3 1 1 1 0 2 1 2 1 2 2 2 2 2 2 2 2 2 2 1 0 0 0 0 2 2 2 1 0 2 0 1 2 2 3 0 3 0 3 0 0 3 0 0 0 0 0 0 2 1 2 1 2 1 1 2 2 2 2 3 0 3 0 3 0 3 0 3 0 0
0 142 2 1 0 2 1 3 1 1 1 2 1 0 0 0 0 0 0 0 2 2 2 1 2 1 2 2 2 1 0 0 0 0 0 0 0 0 0 0 0 1 3 0 2 2 1 2 1 2 1 2 2 2 2 2 2 2 2 2 1 2 1 0 0 0 0 0 0 2 1 2 1 2 1 2 1 0 0 0 0 0 0 0 0 0 0 2 2 2 2 2 0 0 0 2 2 2 2 2 2 1 1 3 0 3 0 3 0 3 0 0 3 1 0 2 1 3 3 0 0 0 2 1 0 2 2 2 2 2 2 1 2 2 2 0 0 0 0 0 0 1 2 2
0 46 2 1 0 0 2 1 2 1 0 0 0 3 3 1 1 1 0 2 1 2 1 2 2 2 2 2 2 2 2 2 2 1 0 0 0 0 2 2 2 1 0 2 0 1 2 2
0 41 2 1 0 2 1 2 1 2 2 2 2 2 0 0 0 0 0 0 0 0 0 0 0 0 0 0 0 0 0 0 0 0 0 2 1 1 2 2 2 2 2
0 25 0 0 0 0 0 0 0 0 0 0 0 0 0 0 0 0 3 1 2 2 2 2 3 0 3
0 116 1 1 1 2 2 1 1 1 2 1 1 3 1 1 1 1 0 1 1 1 1 1 1 1 1 1 1 1 1 3 0 3 2 3 0 3 2 0 0 0 0 0 0 0 0 0 0 0 3 0 0 3 2 3 2 3 0 1 1 1 1 1 1 1 1 1 1 1 1 1 1 1 1 1 1 1 0 1 1 1 0 3 0 3 0 3 2 3 2 3 0 0 3 1 2 1 1 3 1 3 3 3 3 1 3 3 1 1 1 2 2 2 2 3 0 3
0 31 3 3 0 0 3 3 0 0 0 0 0 3 3 3 1 3 3 3 1 3 2 1 1 2 2 2 2 3 0 3 0
0 12 3 2 1 3 3 3 3 1 2 2 2 3
0 63 3 3 0 0 0 0 0 2 0 0 3 3 0 1 1 1 1 3 2 0 0 0 0 3 0 0 2 1 2 2 2 3 0 3 0 3 0 3 0 0 3 3 1 3 3 1 3 1 2 3 0 3 0 3 0 0 3 1 0 3 1 2 2
0 50 1 2 2 2 2 3 0 3 0 3 0 0 3 3 0 0 0 0 3 3 2 3 0 0 3 0 0 0 3 1 3 2 1 2 1 1 2 2 2 3 0 3 0 3 0 3 0 3 0 0
0 29 0 2 2 2 2 2 1 0 0 0 0 0 0 0 1 3 3 1 3 1 3 2 1 1 2 2 2 2 2
0 69 1 1 1 1 0 0 0 2 3 0 0 2 3 0 2 2 2 2 2 2 2 1 2 1 2 1 1 2 2 3 0 3 0 3 0 3 0 3 0 0 3 3 3 0 0 0 0 3 3 0 0 0 0 3 0 3 3 1 3 1 1 3 1 2 2 2 3 0 0
0 26 0 0 0 0 0 0 0 0 0 0 0 0 0 0 0 0 3 1 2 2 2 2 3 0 3 0
0 16 3 3 3 1 3 1 2 2 2 3 0 3 0 3 0 0
0 27 3 0 0 1 2 0 3 0 0 3 1 2 2 2 3 0 3 0 3 0 3 0 3 0 0 3 2
0 47 2 1 0 2 1 2 1 2 2 2 2 2 0 0 0 0 0 0 0 0 0 0 0 0 0 0 0 0 0 0 0 0 0 2 1 1 2 2 2 2 2 3 0 3 0 3 0
0 20 0 0 0 0 0 0 0 0 0 0 0 0 0 0 0 0 3 1 2 2
0 29 3 3 3 0 0 0 0 0 0 3 2 3 0 0 0 3 1 2 2 2 2 3 0 3 0 3 0 3 0
0 16 3 1 2 2 2 2 2 3 0 3 0 3 0 3 0 3
0 5 1 1 1 2 2
0 45 2 1 3 1 1 3 1 3 3 3 1 3 3 1 1 2 1 2 1 1 1 1 1 1 2 1 2 3 0 0 2 1 0 1 1 2 2 2 3 0 3 0 3 0 3
0 66 3 0 0 3 0 0 0 0 0 0 0 3 2 0 0 3 0 0 2 2 2 2 2 2 1 0 0 0 0 2 2 2 2 2 2 2 2 0 0 0 2 1 0 3 1 2 2 2 0 3 2 1 0 3 1 2 2 2 2 2 3 0 3 0 3 0
0 13 0 0 1 1 2 2 2 3 0 3 0 3 0
0 12 3 0 0 2 3 1 0 3 1 2 2 2
0 13 1 3 1 1 3 1 2 1 1 2 2 2 2
0 76 2 1 0 0 2 1 2 1 0 0 0 3 3 1 1 1 0 2 1 2 1 2 2 2 2 2 2 2 2 2 2 1 0 0 0 0 2 2 2 1 0 2 0 1 2 2 3 0 3 0 3 0 0 3 0 0 0 0 0 0 2 1 2 1 2 1 1 2 2 2 2 3 0 3 0 3
0 11 0 0 3 1 2 2 2 3 0 3 0
0 3 1 2 2
0 46 1 3 1 0 0 0 0 0 0 0 0 0 2 2 2 2 2 2 2 2 1 2 1 0 0 0 0 0 0 0 0 0 0 0 0 2 1 1 3 1 2 2 3 0 3 0
0 36 3 3 0 0 3 3 0 0 0 0 0 3 3 3 1 3 3 3 1 3 2 1 1 2 2 2 2 3 0 3 0 3 0 0 3 2
0 13 3 0 0 2 3 1 0 3 1 2 2 2 2
0 38 3 3 0 0 3 3 0 0 0 0 0 3 3 3 1 3 3 3 1 3 2 1 1 2 2 2 2 3 0 3 0 3 0 0 3 2 1 2
0 53 3 1 1 1 1 1 1 1 1 1 1 1 1 1 1 1 1 1 1 1 1 1 1 1 1 0 1 1 1 0 1 1 1 1 1 3 2 3 2 0 2 3 2 3 0 3 3 1 2 2 2 2 2
0 48 3 0 0 3 0 0 0 0 0 0 0 3 2 0 0 3 0 0 2 2 2 2 2 2 1 0 0 0 0 2 2 2 2 2 2 2 2 0 0 0 2 1 0 3 1 2 2 2
0 147 2 1 0 2 1 3 1 1 1 2 1 0 0 0 0 0 0 0 2 2 2 1 2 1 2 2 2 1 0 0 0 0 0 0 0 0 0 0 0 1 3 0 2 2 1 2 1 2 1 2 2 2 2 2 2 2 2 2 1 2 1 0 0 0 0 0 0 2 1 2 1 2 1 2 1 0 0 0 0 0 0 0 0 0 0 2 2 2 2 2 0 0 0 2 2 2 2 2 2 1 1 3 0 3 0 3 0 3 0 0 3 1 0 2 1 3 3 0 0 0 2 1 0 2 2 2 2 2 2 1 2 2 2 0 0 0 0 0 0 1 2 2 2 2 3 0 3
0 16 0 0 3 1 2 2 2 2 2 3 0 3 0 3 0 3
0 48 1 2 2 2 2 3 0 3 0 3 0 0 3 3 0 0 0 0 3 3 2 3 0 0 3 0 0 0 3 1 3 2 1 2 1 1 2 2 2 3 0 3 0 3 0 3 0 3
0 66 1 1 1 1 0 0 0 2 3 0 0 2 3 0 2 2 2 2 2 2 2 1 2 1 2 1 1 2 2 3 0 3 0 3 0 3 0 3 0 0 3 3 3 0 0 0 0 3 3 0 0 0 0 3 0 3 3 1 3 1 1 3 1 2 2 2
0 36 2 1 1 1 1 3 2 1 1 2 2 2 3 0 3 0 3 0 3 0 3 0 0 3 0 0 2 1 0 3 1 2 2 2 2 3
0 40 1 2 2 2 2 3 0 3 0 3 0 0 3 3 0 0 0 0 3 3 2 3 0 0 3 0 0 0 3 1 3 2 1 2 1 1 2 2 2 3
0 90 0 1 1 1 0 1 0 1 0 3 2 3 0 0 2 0 2 0 0 0 0 3 0 2 2 2 2 2 1 2 1 2 1 2 1 0 0 2 2 2 1 2 1 2 2 2 2 2 2 2 1 2 1 2 1 0 0 0 0 0 0 0 0 2 1 2 2 2 2 2 2 2 2 2 2 1 0 2 1 2 1 3 0 0 3 1 2 2 2 2
0 88 3 1 1 3 1 2 1 1 3 3 1 1 3 1 0 1 1 1 1 0 1 1 1 0 1 1 1 1 1 1 1 1 1 0 2 1 1 0 3 2 0 2 3 3 3 0 0 0 0 2 3 0 3 0 0 2 3 3 3 0 0 3 1 3 0 3 0 3 0 3 0 3 0 0 3 2 1 0 3 1 2 2 3 0 3 0 3 0
0 33 0 0 1 1 2 1 1 1 1 2 1 1 1 1 1 1 2 3 1 1 3 3 1 2 2 2 3 0 3 0 3 0 3
0 114 3 3 1 0 1 1 1 1 1 1 1 1 1 3 2 0 2 3 0 3 2 3 3 3 1 1 1 1 1 1 1 1 1 1 1 1 1 1 1 1 0 0 0 2 0 2 0 2 3 3 3 3 3 0 0 0 2 0 2 3 2 0 0 3 0 0 2 2 2 2 1 2 2 1 2 2 2 2 2 2 2 1 2 2 2 2 1 0 0 0 0 0 0 0 0 0 0 0 0 0 0 0 2 1 0 0 0 0 0 1 2 2 2 2
0 112 3 1 1 3 3 3 0 2 1 2 2 2 0 0 0 0 0 0 0 2 1 2 1 2 1 2 1 0 2 1 2 2 2 2 2 2 0 0 2 2 2 2 2 2 1 0 0 2 2 2 2 2 2 2 2 1 2 1 2 1 0 2 1 2 2 2 2 1 2 1 2 2 0 0 2 1 0 0 0 0 2 1 2 2 2 2 2 1 2 1 0 0 0 0 0 0 0 0 2 1 0 0 1 3 1 3 1 2 1 1 2 2
0 13 1 0 1 1 2 2 3 0 3 0 3 0 3
0 34 1 1 1 1 0 0 0 2 3 0 0 2 3 0 2 2 2 2 2 2 2 1 2 1 2 1 1 2 2 3 0 3 0 3
0 59 3 0 0 3 0 0 0 0 0 0 0 3 2 0 0 3 0 0 2 2 2 2 2 2 1 0 0 0 0 2 2 2 2 2 2 2 2 0 0 0 2 1 0 3 1 2 2 2 0 3 2 1 0 3 1 2 2 2 2
0 42 2 1 3 1 1 3 1 3 3 3 1 3 3 1 1 2 1 2 1 1 1 1 1 1 2 1 2 3 0 0 2 1 0 1 1 2 2 2 3 0 3 0
0 17 0 0 2 3 2 1 0 2 3 2 1 0 3 1 2 2 2
0 38 2 1 1 1 1 3 2 1 1 2 2 2 3 0 3 0 3 0 3 0 3 0 0 3 0 0 2 1 0 3 1 2 2 2 2 3 0 0
0 115 1 1 1 2 2 1 1 1 2 1 1 3 1 1 1 1 0 1 1 1 1 1 1 1 1 1 1 1 1 3 0 3 2 3 0 3 2 0 0 0 0 0 0 0 0 0 0 0 3 0 0 3 2 3 2 3 0 1 1 1 1 1 1 1 1 1 1 1 1 1 1 1 1 1 1 1 0 1 1 1 0 3 0 3 0 3 2 3 2 3 0 0 3 1 2 1 1 3 1 3 3 3 3 1 3 3 1 1 1 2 2 2 2 3 0
0 21 0 0 3 1 2 2 2 0 3 0 0 3 1 2 2 2 2 3 0 3 0
0 46 2 1 3 1 1 3 1 3 3 3 1 3 3 1 1 2 1 2 1 1 1 1 1 1 2 1 2 3 0 0 2 1 0 1 1 2 2 2 3 0 3 0 3 0 3 0
0 34 3 3 0 0 3 3 0 0 0 0 0 3 3 3 1 3 3 3 1 3 2 1 1 2 2 2 2 3 0 3 0 3 0 0
0 14 3 2 1 2 1 3 1 1 2 1 1 2 2 2
0 11 1 3 3 1 2 2 2 2 2 3 0
0 43 1 2 2 2 2 3 0 3 0 3 0 0 3 3 0 0 0 0 3 3 2 3 0 0 3 0 0 0 3 1 3 2 1 2 1 1 2 2 2 3 0 3 0
0 49 2 1 0 2 1 2 1 2 2 2 2 2 0 0 0 0 0 0 0 0 0 0 0 0 0 0 0 0 0 0 0 0 0 2 1 1 2 2 2 2 2 3 0 3 0 3 0 3 0
0 46 0 0 2 2 2 2 2 0 2 1 2 2 2 2 1 2 2 2 2 2 2 2 2 2 2 2 2 2 2 0 0 0 2 2 2 1 2 1 2 2 1 1 2 2 2 2
0 16 0 0 1 1 0 0 2 3 2 1 0 3 1 2 2 2
0 48 1 3 1 0 0 0 0 0 0 0 0 0 2 2 2 2 2 2 2 2 1 2 1 0 0 0 0 0 0 0 0 0 0 0 0 2 1 1 3 1 2 2 3 0 3 0 3 0
0 7 1 3 3 1 2 2 2
0 115 3 3 1 0 1 1 1 1 1 1 1 1 1 3 2 0 2 3 0 3 2 3 3 3 1 1 1 1 1 1 1 1 1 1 1 1 1 1 1 1 0 0 0 2 0 2 0 2 3 3 3 3 3 0 0 0 2 0 2 3 2 0 0 3 0 0 2 2 2 2 1 2 2 1 2 2 2 2 2 2 2 1 2 2 2 2 1 0 0 0 0 0 0 0 0 0 0 0 0 0 0 0 2 1 0 0 0 0 0 1 2 2 2 2 2
0 13 3 1 2 2 2 2 2 3 0 3 0 3 0
0 45 0 0 0 0 0 2 2 1 2 1 0 2 1 2 1 2 2 2 2 1 0 0 0 0 0 0 0 0 0 0 0 0 0 0 0 0 1 2 2 2 2 3 0 3 0
