1038 5
1 0 
1 68 1 1 0 4 3 3 1 1 3 0 4 1 0 4 2 1 2 0 2 2 0 4 2 0 4 2 0 4 2 0 4 1 0 4 3 3 1 4 2 1 2 1 2 1 1 3 3 1 2 1 2 1 1 2 3 2 2 3 2 0 0 0 0 1 4 2 3 2
1 79 1 1 4 2 3 2 0 0 2 3 2 0 0 0 2 3 2 0 0 0 0 2 3 2 0 0 1 4 3 3 1 0 2 2 0 4 2 0 4 2 0 4 2 0 4 3 3 1 3 3 1 1 0 4 2 1 1 3 0 4 1 3 0 4 0 2 0 4 2 0 4 2 0 4 3 3 1 4 1
1 44 2 3 2 0 2 3 2 0 0 2 0 2 3 0 0 0 2 3 0 0 2 3 0 1 4 2 3 0 0 0 0 0 1 4 1 4 2 3 0 0 0 0 2 0
1 16 4 2 1 1 4 1 4 1 1 1 1 1 4 2 4 2
1 32 1 1 4 1 4 1 1 1 4 1 4 1 1 1 4 1 4 1 1 1 1 1 4 1 1 1 4 1 4 1 4 2
1 18 3 3 1 3 3 1 0 2 0 4 3 3 1 1 3 0 4 2
1 18 1 1 1 1 4 1 4 1 4 2 4 1 4 1 4 1 1 1
1 80 3 3 1 1 3 0 4 4 2 2 3 0 0 2 3 0 1 4 2 3 2 0 0 0 1 3 0 4 3 3 1 4 4 2 1 1 3 3 1 0 2 0 4 2 0 4 2 0 4 2 0 4 2 0 4 3 3 1 2 1 1 0 4 4 2 1 2 2 1 2 1 2 1 2 4 4 4 2 1 1
1 18 1 1 4 1 1 1 1 1 4 1 4 1 1 1 4 1 4 1
1 5 4 2 1 4 2
1 8 1 1 4 1 1 1 4 2
1 28 1 3 3 1 1 3 3 1 3 3 1 1 0 4 0 2 2 0 4 3 3 1 2 2 3 0 0 0
1 34 3 3 1 3 3 1 4 4 2 4 3 3 1 3 3 1 3 3 1 3 3 1 2 3 3 1 3 3 1 2 2 1 4 1
1 18 4 2 4 1 4 1 4 1 1 1 1 1 4 1 1 1 4 1
1 17 2 1 2 1 1 0 4 3 3 1 2 1 4 1 0 4 1
1 2 1 1
1 43 1 4 2 3 2 3 2 2 3 2 0 0 0 0 0 0 2 1 2 3 0 0 2 1 1 0 4 3 3 1 1 3 0 4 3 3 1 2 4 3 3 1 1
1 45 2 3 0 0 2 3 0 2 1 2 3 0 1 4 1 3 0 4 3 3 1 1 0 4 3 3 1 2 1 2 1 1 3 0 4 3 3 1 3 3 1 3 3 1 1
1 6 1 1 4 1 1 1
1 16 4 2 4 1 4 1 4 1 1 1 1 1 1 1 1 1
1 17 0 1 2 3 2 2 3 2 2 1 2 3 2 0 1 4 1
1 55 2 1 3 3 1 1 0 4 2 4 1 3 0 4 1 1 0 4 3 3 1 2 1 2 2 1 4 3 3 1 3 3 1 3 3 1 3 3 1 2 4 2 2 4 2 1 3 3 1 1 3 0 4 4 1
1 30 3 3 1 4 2 1 2 1 1 2 2 3 0 0 0 0 0 0 2 3 0 0 0 2 3 0 0 0 0 0
1 51 2 4 3 3 1 1 3 0 4 3 3 1 3 3 1 1 3 0 4 4 2 1 1 2 3 0 0 3 3 1 3 3 1 1 3 0 4 2 1 1 0 4 1 3 0 4 1 3 3 1 1
1 89 1 3 0 4 4 0 0 0 0 0 2 4 4 3 3 1 3 3 1 4 1 3 0 4 3 3 1 3 3 1 3 3 1 0 2 0 4 2 0 4 2 2 3 2 2 3 2 0 2 1 0 0 0 1 0 1 2 3 2 0 0 0 0 2 3 2 0 2 3 2 0 0 0 2 3 0 1 3 0 4 1 3 0 4 1 3 0 4 2
1 59 1 0 4 3 3 1 3 3 1 1 0 4 0 2 0 4 2 1 2 1 3 3 1 3 3 1 2 1 2 1 0 4 4 0 0 0 0 0 2 4 0 0 0 4 4 2 4 0 0 0 0 4 0 0 0 0 0 2 1
1 22 1 1 1 1 1 1 4 1 4 1 4 2 1 1 1 1 1 1 4 2 4 2
1 18 4 1 1 1 4 1 1 1 4 1 1 1 4 2 4 1 1 1
1 15 2 3 2 2 3 2 0 0 0 0 1 4 2 1 1
1 12 4 2 4 1 1 1 4 1 1 1 1 1
1 53 4 1 3 3 1 3 3 1 3 3 1 2 1 2 1 2 1 4 2 3 2 1 4 1 0 4 1 0 4 0 2 2 0 4 2 0 4 2 0 4 2 0 4 1 3 0 4 3 3 1 2 1 2
1 24 1 4 1 4 2 3 1 4 1 4 4 4 4 1 2 3 0 0 0 0 2 1 1 4
1 6 2 1 4 2 1 2
1 90 1 4 2 3 0 0 0 0 2 3 2 0 0 0 2 3 0 4 4 2 1 1 2 3 2 0 0 0 0 0 2 3 2 0 0 0 0 2 3 2 0 0 0 2 3 2 0 0 2 3 2 0 0 0 2 3 2 0 0 0 0 0 2 3 2 0 0 0 0 2 1 4 4 3 3 1 0 2 0 4 2 0 4 2 0 4 2 0 4 2
1 18 4 1 4 1 4 1 4 1 1 1 4 1 4 2 4 1 1 1
1 22 4 2 1 1 4 1 1 1 4 1 4 1 4 2 1 1 4 1 1 1 1 1
1 30 4 2 1 1 1 1 1 1 4 1 1 1 1 1 4 1 4 1 4 1 4 1 1 1 4 1 1 1 4 1
1 16 4 2 4 1 4 1 1 1 1 1 1 1 4 1 1 1
1 18 2 1 1 2 3 2 0 0 0 0 0 2 3 0 0 0 0 0
1 8 4 1 1 1 4 1 4 2
1 6 1 1 1 1 1 1
1 63 0 1 2 3 2 0 0 0 2 0 2 3 0 0 0 0 0 4 3 3 1 1 3 3 1 0 2 2 0 4 2 0 4 2 0 4 2 0 4 0 2 2 0 4 3 3 1 3 3 1 2 1 2 2 1 3 3 1 1 0 4 4 1
1 44 0 1 2 3 2 0 0 0 0 0 2 3 2 0 0 0 0 0 2 3 0 2 2 0 4 2 0 4 1 3 0 4 3 3 1 3 3 1 1 3 0 4 4 2
1 12 1 4 0 1 0 0 2 1 2 1 4 1
1 56 1 4 2 0 2 3 0 0 0 3 3 1 3 3 1 3 3 1 3 3 1 3 3 1 1 2 3 0 0 0 0 0 2 3 0 0 0 0 2 3 0 0 0 2 3 2 0 0 0 2 3 2 0 0 0 0
1 1 1
1 36 2 3 0 0 0 2 3 2 2 3 0 0 0 2 3 0 0 0 0 0 2 3 2 0 0 0 0 1 2 0 0 0 0 0 2 3
1 41 3 3 1 1 3 3 1 4 0 0 0 0 0 2 4 2 4 2 0 1 2 3 0 0 0 0 1 4 2 3 2 0 0 0 1 4 1 4 2 1 1
1 35 4 1 0 4 1 3 0 4 1 0 4 2 4 2 1 3 3 1 0 2 0 4 2 0 4 2 0 4 2 0 4 2 0 4 2
1 5 2 3 2 0 0
1 20 4 2 4 1 1 1 1 1 4 1 1 1 1 1 4 1 1 1 4 2
1 3 2 1 1
1 14 4 1 1 1 4 1 4 1 4 2 4 2 4 2
1 26 2 4 2 3 3 1 3 3 1 1 3 0 4 2 4 3 3 1 1 0 4 2 1 2 1 2
1 62 2 3 2 0 0 0 0 1 2 3 2 0 0 0 0 2 3 2 0 3 3 1 4 4 3 3 1 3 3 1 4 4 1 2 2 3 0 0 0 0 0 0 0 2 1 1 4 2 1 2 3 2 0 0 0 2 3 0 0 0 0 0
1 35 2 3 0 4 2 1 2 2 1 2 1 2 1 1 4 3 3 1 3 3 1 3 3 1 1 1 3 0 4 2 4 3 3 1 2
1 33 0 1 2 1 2 3 0 0 0 0 0 1 4 0 1 2 3 2 0 0 0 2 3 0 1 4 2 3 2 2 0 4 1
1 12 4 2 4 1 1 1 4 1 4 1 1 1
1 41 4 3 3 1 3 3 1 3 3 1 4 0 0 0 0 0 2 4 0 2 3 3 1 2 0 0 2 3 0 0 0 0 2 3 0 0 2 3 0 0 0
1 26 1 1 4 1 4 1 4 1 4 1 1 1 4 1 4 1 4 1 4 2 4 1 1 1 1 1
1 18 1 4 2 3 0 0 0 0 2 3 2 0 0 0 1 2 3 2
1 4 4 2 4 2
1 56 3 3 1 3 3 1 1 4 1 2 0 2 3 2 0 0 0 0 0 2 3 2 0 0 0 2 0 4 2 0 4 2 0 4 2 0 4 2 0 4 4 2 1 1 2 3 2 0 0 0 0 0 2 3 0 0
1 67 0 2 2 0 4 2 0 4 0 2 3 3 1 3 3 1 1 0 4 2 1 1 2 1 4 0 0 4 2 0 4 4 4 0 4 0 4 0 4 0 0 0 2 2 2 3 3 1 1 0 4 2 1 4 4 3 3 1 3 3 1 1 0 4 1 1 4
1 31 2 1 2 1 3 3 1 1 0 4 3 3 1 2 1 1 2 3 2 0 0 2 1 2 3 2 0 0 0 0 0
1 6 4 2 1 1 4 1
1 10 4 2 4 2 1 1 4 1 4 2
1 16 2 1 4 1 4 2 3 2 0 0 1 4 2 1 4 1
1 24 4 1 2 1 2 2 3 2 0 0 0 0 2 3 2 0 0 0 1 4 2 0 0 1
1 5 1 1 0 4 1
1 1 2
1 19 0 1 2 3 2 2 3 2 0 0 0 0 0 2 3 0 0 0 0
1 17 2 1 2 3 2 0 0 0 0 1 4 2 3 0 0 2 1
1 14 1 1 4 1 1 1 4 1 4 1 1 1 4 1
1 12 4 2 4 2 1 1 4 1 4 1 1 1
1 4 1 1 4 2
1 88 4 4 1 4 0 0 0 0 1 4 0 0 0 0 2 3 3 1 1 3 3 1 1 0 4 0 2 0 4 2 0 4 2 0 4 2 4 2 1 4 1 1 1 1 0 4 3 3 1 2 4 3 3 1 3 3 1 2 1 1 0 4 3 3 1 1 0 4 3 3 1 2 4 3 3 1 4 1 0 0 2 3 0 0 0 0 2 0
1 24 4 2 4 1 1 1 4 1 4 1 1 1 4 1 1 1 1 1 1 1 4 1 4 2
1 44 2 3 0 0 0 0 1 4 2 3 2 0 0 0 1 4 4 0 4 0 2 2 4 4 0 4 0 0 0 4 0 4 2 4 1 3 3 1 3 3 1 2 1 2
1 6 4 2 4 2 4 2
1 15 0 0 2 3 2 0 0 1 4 1 4 1 4 2 0
1 52 1 2 3 0 0 0 2 3 0 2 1 1 2 3 2 0 0 0 0 2 3 2 0 0 2 0 0 1 1 4 2 3 2 0 0 0 0 0 1 4 2 3 2 0 0 2 3 2 0 0 0 0
1 2 4 2
0 66 4 4 2 1 1 0 4 1 3 0 4 1 0 4 1 1 0 4 1 3 0 4 3 3 1 4 4 3 3 1 1 3 0 4 3 3 1 4 0 0 4 2 0 2 2 4 0 0 4 4 0 0 4 1 4 4 2 4 1 3 0 4 1 0 4 3
0 32 1 0 4 3 3 1 3 3 1 3 3 1 3 3 1 4 2 1 4 2 2 2 1 2 1 1 3 0 4 3 3 1
0 35 2 1 2 3 2 0 2 3 2 0 0 0 2 3 2 0 0 0 0 3 3 1 2 1 2 4 0 2 2 0 4 3 3 1 3
0 31 3 3 1 2 4 4 1 1 4 4 4 2 1 4 2 1 2 1 0 4 1 0 4 3 3 1 1 1 3 0 4
0 27 0 0 2 3 2 0 0 1 2 3 2 0 0 0 3 3 1 1 0 4 1 0 4 3 3 1 3
0 28 3 3 1 2 4 3 3 1 2 4 3 3 1 2 4 1 0 4 0 2 0 4 2 0 4 2 0 4
0 8 2 3 0 0 0 0 0 4
0 28 3 3 1 4 0 0 0 0 4 0 4 4 0 0 0 0 1 4 0 0 0 2 4 0 0 0 0 4
0 29 1 0 2 0 4 2 0 4 2 0 4 4 3 3 1 1 3 3 1 4 1 4 0 0 0 0 0 0 4
0 18 1 0 2 0 4 2 0 4 2 0 4 4 3 3 1 1 3 3
0 72 2 1 2 3 2 0 2 3 2 0 0 0 2 3 2 0 0 0 0 3 3 1 2 1 2 4 0 2 2 0 4 3 3 1 3 3 1 4 0 0 0 0 1 4 0 4 4 0 0 0 0 0 2 4 0 0 4 4 0 2 0 4 0 0 0 0 2 2 0 0 3 3
0 22 4 2 1 1 0 2 0 4 2 0 4 2 0 4 2 4 4 0 1 3 3 1
0 42 2 1 2 3 2 0 2 3 2 0 0 0 2 3 2 0 0 0 0 3 3 1 2 1 2 4 0 2 2 0 4 3 3 1 3 3 1 4 0 0 0 0
0 17 3 3 1 2 4 3 3 1 1 3 0 4 1 0 4 3 3
0 12 2 1 0 4 1 3 0 4 2 4 1 3
0 58 4 4 2 1 1 0 4 1 3 0 4 1 0 4 1 1 0 4 1 3 0 4 3 3 1 4 4 3 3 1 1 3 0 4 3 3 1 4 0 0 4 2 0 2 2 4 0 0 4 4 0 0 4 1 4 4 2 4
0 46 1 0 4 1 0 4 0 2 2 0 4 2 0 4 2 0 4 2 0 4 2 0 4 1 0 4 1 3 0 4 3 3 1 2 1 1 0 2 2 0 4 2 0 4 2 0
0 56 3 3 1 2 4 4 1 1 4 4 4 2 1 4 2 1 2 1 0 4 1 0 4 3 3 1 1 1 3 0 4 3 3 1 3 3 1 1 3 3 1 3 3 1 3 3 1 3 3 1 4 0 0 0 0 0
0 13 4 4 2 4 0 0 0 0 2 4 1 4 0
0 24 1 0 4 3 3 1 1 3 0 4 3 3 1 4 2 1 1 3 0 4 3 3 1 3
0 29 4 4 2 1 1 0 4 1 3 0 4 1 0 4 1 1 0 4 1 3 0 4 3 3 1 4 4 3 3
0 38 2 4 2 0 0 1 4 2 3 0 0 0 0 0 1 2 1 4 2 1 1 0 4 3 3 1 3 3 1 3 3 1 3 3 1 0 2 0
0 11 4 2 4 2 4 2 4 2 4 1 4
0 49 2 3 2 0 0 0 0 0 2 3 2 0 2 3 0 0 0 0 2 3 2 0 0 0 0 0 2 3 0 0 0 3 3 1 1 0 4 3 3 1 3 3 1 1 3 3 1 3 3
0 20 2 4 4 0 0 0 2 4 0 0 0 0 4 4 2 3 3 1 3 3
0 41 1 0 2 0 4 2 0 4 2 0 4 4 3 3 1 1 3 3 1 4 1 4 0 0 0 0 0 0 4 0 0 0 4 0 4 4 4 4 0 0 0
0 11 3 3 1 3 3 1 1 0 4 4 0
0 31 1 3 0 4 3 3 1 4 0 0 0 0 4 4 0 0 0 2 4 0 0 2 4 0 2 2 1 1 3 3 1
0 62 3 3 1 2 4 4 1 1 4 4 4 2 1 4 2 1 2 1 0 4 1 0 4 3 3 1 1 1 3 0 4 3 3 1 3 3 1 1 3 3 1 3 3 1 3 3 1 3 3 1 4 0 0 0 0 0 4 4 0 0 0 4
0 52 2 4 2 0 0 1 4 2 3 0 0 0 0 0 1 2 1 4 2 1 1 0 4 3 3 1 3 3 1 3 3 1 3 3 1 0 2 0 4 2 0 4 2 0 4 2 4 1 3 0 4 3
0 25 3 3 1 2 4 3 3 1 2 4 3 3 1 2 4 1 0 4 0 2 0 4 2 0 4
0 37 1 3 0 4 3 3 1 4 0 0 0 0 4 4 0 0 0 2 4 0 0 2 4 0 2 2 1 1 3 3 1 1 3 0 4 1 0
0 39 4 4 2 1 1 0 4 1 3 0 4 1 0 4 1 1 0 4 1 3 0 4 3 3 1 4 4 3 3 1 1 3 0 4 3 3 1 4 0
0 17 4 4 2 1 1 0 4 1 3 0 4 1 0 4 1 1 0
0 10 4 4 4 3 3 1 1 3 0 4
0 11 1 3 0 4 3 3 1 4 0 0 0
0 53 3 3 1 4 0 0 0 0 4 0 4 4 0 0 0 0 1 4 0 0 0 2 4 0 0 0 0 4 0 4 0 1 4 0 0 0 0 0 0 0 0 2 2 0 4 2 0 4 1 0 4 3 3
0 34 3 3 1 2 4 4 1 1 4 4 4 2 1 4 2 1 2 1 0 4 1 0 4 3 3 1 1 1 3 0 4 3 3 1
0 62 3 3 1 2 4 3 3 1 2 4 3 3 1 2 4 1 0 4 0 2 0 4 2 0 4 2 0 4 2 0 4 2 0 4 3 3 1 0 2 0 4 2 0 4 2 0 4 2 0 4 2 0 4 2 4 1 3 0 4 3 3 1
0 9 1 0 4 3 3 1 3 3 1
0 10 3 3 1 2 4 3 3 1 2 4
0 35 2 3 0 0 0 0 0 4 4 4 1 2 1 2 2 1 1 4 2 3 0 3 3 1 3 3 1 1 3 0 4 1 3 0 4
0 12 2 3 4 3 3 1 3 3 1 1 4 4
0 33 3 3 1 2 4 3 3 1 1 3 0 4 1 0 4 3 3 1 3 3 1 3 3 1 4 4 2 1 3 3 1 1 0
0 5 2 3 4 3 3
0 36 1 0 4 3 3 1 3 3 1 3 3 1 3 3 1 4 2 1 4 2 2 2 1 2 1 1 3 0 4 3 3 1 1 3 0 4
0 33 2 3 2 0 0 0 0 0 2 3 2 0 2 3 0 0 0 0 2 3 2 0 0 0 0 0 2 3 0 0 0 3 3
0 3 1 4 0
0 63 2 1 2 3 2 0 2 3 2 0 0 0 2 3 2 0 0 0 0 3 3 1 2 1 2 4 0 2 2 0 4 3 3 1 3 3 1 4 0 0 0 0 1 4 0 4 4 0 0 0 0 0 2 4 0 0 4 4 0 2 0 4 0
0 23 1 0 4 3 3 1 1 3 0 4 3 3 1 4 2 1 1 3 0 4 3 3 1
0 24 2 3 0 0 0 0 0 4 4 4 1 2 1 2 2 1 1 4 2 3 0 3 3 1
0 8 1 0 4 3 3 1 1 3
0 63 2 4 2 0 0 1 4 2 3 0 0 0 0 0 1 2 1 4 2 1 1 0 4 3 3 1 3 3 1 3 3 1 3 3 1 0 2 0 4 2 0 4 2 0 4 2 4 1 3 0 4 3 3 1 3 3 1 1 3 0 4 2 4
0 25 2 4 2 0 0 1 4 2 3 0 0 0 0 0 1 2 1 4 2 1 1 0 4 3 3
0 40 1 0 4 3 3 1 3 3 1 3 3 1 3 3 1 4 2 1 4 2 2 2 1 2 1 1 3 0 4 3 3 1 1 3 0 4 2 4 3 3
0 25 3 3 1 2 4 3 3 1 1 3 0 4 1 0 4 3 3 1 3 3 1 3 3 1 4
0 14 3 3 1 2 4 3 3 1 1 3 0 4 1 0
0 36 1 0 4 3 3 1 1 3 0 4 3 3 1 4 2 1 1 3 0 4 3 3 1 3 3 1 3 3 1 4 1 2 1 2 4 3
0 26 1 0 4 1 0 4 0 2 2 0 4 2 0 4 2 0 4 2 0 4 2 0 4 1 0 4
0 9 4 4 2 1 1 0 4 1 3
0 22 3 3 1 2 4 4 1 1 4 4 4 2 1 4 2 1 2 1 0 4 1 0
0 12 2 1 2 0 2 3 2 0 0 0 0 4
0 43 1 0 4 1 0 4 0 2 2 0 4 2 0 4 2 0 4 2 0 4 2 0 4 1 0 4 1 3 0 4 3 3 1 2 1 1 0 2 2 0 4 2 0
0 74 4 4 2 1 1 0 4 1 3 0 4 1 0 4 1 1 0 4 1 3 0 4 3 3 1 4 4 3 3 1 1 3 0 4 3 3 1 4 0 0 4 2 0 2 2 4 0 0 4 4 0 0 4 1 4 4 2 4 1 3 0 4 1 0 4 3 3 1 3 3 1 3 3 1
0 64 4 4 2 1 1 0 4 1 3 0 4 1 0 4 1 1 0 4 1 3 0 4 3 3 1 4 4 3 3 1 1 3 0 4 3 3 1 4 0 0 4 2 0 2 2 4 0 0 4 4 0 0 4 1 4 4 2 4 1 3 0 4 1 0
0 72 3 3 1 4 0 0 0 0 4 0 4 4 0 0 0 0 1 4 0 0 0 2 4 0 0 0 0 4 0 4 0 1 4 0 0 0 0 0 0 0 0 2 2 0 4 2 0 4 1 0 4 3 3 1 3 3 1 3 3 1 1 3 3 1 3 3 1 3 3 1 1 0
0 5 0 0 2 3 3
0 48 2 1 0 4 1 3 0 4 2 4 1 3 0 4 3 3 1 3 3 1 1 0 2 0 4 2 0 4 2 0 4 3 3 1 4 4 2 4 4 4 0 0 4 0 0 0 4 0
0 28 4 4 2 4 0 0 0 0 2 4 1 4 0 0 0 0 2 4 1 3 0 4 3 3 1 3 3 1
0 26 1 0 2 0 4 2 0 4 2 0 4 4 3 3 1 1 3 3 1 4 1 4 0 0 0 0
0 71 2 1 2 3 2 0 2 3 2 0 0 0 2 3 2 0 0 0 0 3 3 1 2 1 2 4 0 2 2 0 4 3 3 1 3 3 1 4 0 0 0 0 1 4 0 4 4 0 0 0 0 0 2 4 0 0 4 4 0 2 0 4 0 0 0 0 2 2 0 0 3
0 15 2 1 0 4 1 3 0 4 2 4 1 3 0 4 3
0 28 3 3 1 3 3 1 1 0 4 4 0 0 2 4 0 0 4 0 0 1 2 1 1 2 3 2 1 3
0 30 1 0 2 0 4 2 0 4 2 0 4 4 3 3 1 1 3 3 1 4 1 4 0 0 0 0 0 0 4 0
0 15 1 3 0 4 3 3 1 4 0 0 0 0 4 4 0
0 62 3 3 1 4 0 0 0 0 4 0 4 4 0 0 0 0 1 4 0 0 0 2 4 0 0 0 0 4 0 4 0 1 4 0 0 0 0 0 0 0 0 2 2 0 4 2 0 4 1 0 4 3 3 1 3 3 1 3 3 1 1 3
0 43 2 3 0 0 0 0 0 4 4 4 1 2 1 2 2 1 1 4 2 3 0 3 3 1 3 3 1 1 3 0 4 1 3 0 4 1 0 4 1 3 0 4 3
0 27 3 3 1 4 0 0 0 0 4 0 4 4 0 0 0 0 1 4 0 0 0 2 4 0 0 0 0
0 70 3 3 1 4 0 0 0 0 4 0 4 4 0 0 0 0 1 4 0 0 0 2 4 0 0 0 0 4 0 4 0 1 4 0 0 0 0 0 0 0 0 2 2 0 4 2 0 4 1 0 4 3 3 1 3 3 1 3 3 1 1 3 3 1 3 3 1 3 3 1
0 18 4 2 1 0 3 3 1 3 3 1 1 0 4 2 4 1 3 0
0 35 3 3 1 2 4 4 1 1 4 4 4 2 1 4 2 1 2 1 0 4 1 0 4 3 3 1 1 1 3 0 4 3 3 1 3
0 26 4 4 2 1 1 0 4 1 3 0 4 1 0 4 1 1 0 4 1 3 0 4 3 3 1 4
0 50 3 3 1 4 0 0 0 0 4 0 4 4 0 0 0 0 1 4 0 0 0 2 4 0 0 0 0 4 0 4 0 1 4 0 0 0 0 0 0 0 0 2 2 0 4 2 0 4 1 0
0 9 2 3 4 3 3 1 3 3 1
0 14 0 0 2 3 3 3 1 3 3 1 1 0 4 4
0 21 4 2 1 0 3 3 1 3 3 1 1 0 4 2 4 1 3 0 4 1 3
0 17 2 4 4 0 0 0 2 4 0 0 0 0 4 4 2 3 3
0 19 2 3 2 0 0 0 0 2 3 2 0 0 0 1 3 0 4 3 3
0 63 3 3 1 4 0 0 0 0 4 0 4 4 0 0 0 0 1 4 0 0 0 2 4 0 0 0 0 4 0 4 0 1 4 0 0 0 0 0 0 0 0 2 2 0 4 2 0 4 1 0 4 3 3 1 3 3 1 3 3 1 1 3 3
0 71 4 4 2 1 1 0 4 1 3 0 4 1 0 4 1 1 0 4 1 3 0 4 3 3 1 4 4 3 3 1 1 3 0 4 3 3 1 4 0 0 4 2 0 2 2 4 0 0 4 4 0 0 4 1 4 4 2 4 1 3 0 4 1 0 4 3 3 1 3 3 1
0 44 3 3 1 2 4 4 1 1 4 4 4 2 1 4 2 1 2 1 0 4 1 0 4 3 3 1 1 1 3 0 4 3 3 1 3 3 1 1 3 3 1 3 3 1
0 29 2 1 2 1 4 2 1 2 3 3 1 3 3 1 1 3 0 4 4 1 3 0 4 2 1 1 0 2 0
0 10 2 4 4 0 0 0 2 4 0 0
0 18 4 4 2 4 0 0 0 0 2 4 1 4 0 0 0 0 2 4
0 64 3 3 1 2 4 4 1 1 4 4 4 2 1 4 2 1 2 1 0 4 1 0 4 3 3 1 1 1 3 0 4 3 3 1 3 3 1 1 3 3 1 3 3 1 3 3 1 3 3 1 4 0 0 0 0 0 4 4 0 0 0 4 0 0
0 15 1 0 4 3 3 1 3 3 1 3 3 1 3 3 1
0 18 2 1 2 1 4 2 1 2 3 3 1 3 3 1 1 3 0 4
0 11 3 3 1 2 4 4 1 1 4 4 4
0 7 4 1 4 1 4 1 4
0 36 3 3 1 2 4 3 3 1 2 4 3 3 1 2 4 1 0 4 0 2 0 4 2 0 4 2 0 4 2 0 4 2 0 4 3 3
0 46 4 4 2 1 1 0 4 1 3 0 4 1 0 4 1 1 0 4 1 3 0 4 3 3 1 4 4 3 3 1 1 3 0 4 3 3 1 4 0 0 4 2 0 2 2 4
0 68 2 3 0 0 2 3 0 0 0 1 4 3 3 1 1 3 0 4 3 3 1 4 3 3 1 3 3 1 3 3 1 2 1 2 0 0 1 0 4 3 3 1 1 0 4 3 3 1 1 3 0 4 2 1 2 4 3 3 1 3 3 1 1 0 4 3 3 1
0 32 2 1 0 4 1 3 0 4 2 4 1 3 0 4 3 3 1 3 3 1 1 0 2 0 4 2 0 4 2 0 4 3
0 16 2 2 3 2 0 0 0 2 3 2 0 2 0 1 3 0
0 16 1 0 4 1 0 4 0 2 2 0 4 2 0 4 2 0
0 58 3 3 1 4 0 0 0 0 4 0 4 4 0 0 0 0 1 4 0 0 0 2 4 0 0 0 0 4 0 4 0 1 4 0 0 0 0 0 0 0 0 2 2 0 4 2 0 4 1 0 4 3 3 1 3 3 1 3
0 14 1 4 2 3 2 0 0 0 0 0 2 4 4 3
0 13 1 1 4 1 4 1 4 1 4 2 4 2 4
0 46 2 3 0 0 0 0 0 4 4 4 1 2 1 2 2 1 1 4 2 3 0 3 3 1 3 3 1 1 3 0 4 1 3 0 4 1 0 4 1 3 0 4 3 3 1 3
0 13 1 0 4 3 3 1 1 3 0 4 3 3 1
0 22 2 2 3 2 0 0 0 2 3 2 0 2 0 1 3 0 4 3 3 1 3 3
0 33 1 3 0 4 0 2 2 0 4 2 0 4 2 0 4 2 0 4 3 3 1 1 3 0 4 2 4 4 2 1 2 1 3
0 6 4 4 2 1 1 0
0 38 3 3 1 2 4 3 3 1 2 4 3 3 1 2 4 1 0 4 0 2 0 4 2 0 4 2 0 4 2 0 4 2 0 4 3 3 1 0
0 19 3 3 1 2 4 3 3 1 1 3 0 4 1 0 4 3 3 1 3
0 17 2 2 3 2 0 0 0 2 3 2 0 2 0 1 3 0 4
0 19 3 3 1 2 4 4 1 1 4 4 4 2 1 4 2 1 2 1 0
0 12 1 3 0 4 3 3 1 4 0 0 0 0
0 28 1 4 2 3 2 0 1 4 1 0 4 4 0 2 0 4 2 2 2 4 0 1 3 3 1 1 0 4
0 11 2 1 1 0 4 4 2 1 2 2 4
0 13 1 4 2 3 2 0 1 4 1 0 4 4 0
0 57 3 3 1 4 0 0 0 0 4 0 4 4 0 0 0 0 1 4 0 0 0 2 4 0 0 0 0 4 0 4 0 1 4 0 0 0 0 0 0 0 0 2 2 0 4 2 0 4 1 0 4 3 3 1 3 3 1
0 36 1 0 2 0 4 2 0 4 2 0 4 4 3 3 1 1 3 3 1 4 1 4 0 0 0 0 0 0 4 0 0 0 4 0 4 4
0 17 2 3 0 0 2 3 0 0 0 1 4 3 3 1 1 3 0
0 29 1 0 4 3 3 1 1 3 0 4 3 3 1 4 2 1 1 3 0 4 3 3 1 3 3 1 3 3 1
0 5 3 3 1 2 4
0 33 2 1 2 3 2 0 2 3 2 0 0 0 2 3 2 0 0 0 0 3 3 1 2 1 2 4 0 2 2 0 4 3 3
0 20 2 2 3 2 0 0 0 2 3 2 0 2 0 1 3 0 4 3 3 1
0 35 1 0 4 3 3 1 3 3 1 3 3 1 3 3 1 4 2 1 4 2 2 2 1 2 1 1 3 0 4 3 3 1 1 3 0
0 60 2 4 2 0 0 1 4 2 3 0 0 0 0 0 1 2 1 4 2 1 1 0 4 3 3 1 3 3 1 3 3 1 3 3 1 0 2 0 4 2 0 4 2 0 4 2 4 1 3 0 4 3 3 1 3 3 1 1 3 0
0 27 1 0 2 0 4 2 0 4 2 0 4 4 3 3 1 1 3 3 1 4 1 4 0 0 0 0 0
0 21 3 3 1 2 4 3 3 1 2 4 3 3 1 2 4 1 0 4 0 2 0
0 22 2 4 2 0 0 1 4 2 3 0 0 0 0 0 1 2 1 4 2 1 1 0
0 15 4 1 4 1 1 1 1 1 1 1 4 2 4 2 4
0 38 4 4 2 1 1 0 4 1 3 0 4 1 0 4 1 1 0 4 1 3 0 4 3 3 1 4 4 3 3 1 1 3 0 4 3 3 1 4
0 14 2 1 1 0 4 4 2 1 2 2 4 1 3 0
0 30 3 3 1 3 3 1 1 0 4 4 0 0 2 4 0 0 4 0 0 1 2 1 1 2 3 2 1 3 3 1
0 45 3 3 1 2 4 4 1 1 4 4 4 2 1 4 2 1 2 1 0 4 1 0 4 3 3 1 1 1 3 0 4 3 3 1 3 3 1 1 3 3 1 3 3 1 3
0 12 1 4 2 3 2 0 1 4 1 0 4 4
0 3 4 4 4
0 23 2 1 1 0 4 4 2 1 2 2 4 1 3 0 4 1 3 0 4 4 3 3 1
0 34 3 3 1 2 4 3 3 1 2 4 3 3 1 2 4 1 0 4 0 2 0 4 2 0 4 2 0 4 2 0 4 2 0 4
0 29 2 3 0 0 0 0 0 4 4 4 1 2 1 2 2 1 1 4 2 3 0 3 3 1 3 3 1 1 3
0 2 2 4
0 18 2 1 1 0 4 4 2 1 2 2 4 1 3 0 4 1 3 0
0 13 2 4 4 0 0 0 2 4 0 0 0 0 4
0 31 3 3 1 2 4 3 3 1 1 3 0 4 1 0 4 3 3 1 3 3 1 3 3 1 4 4 2 1 3 3 1
0 9 4 2 1 0 3 3 1 3 3
0 13 2 1 2 1 4 2 1 2 3 3 1 3 3
0 45 2 1 0 4 1 3 0 4 2 4 1 3 0 4 3 3 1 3 3 1 1 0 2 0 4 2 0 4 2 0 4 3 3 1 4 4 2 4 4 4 0 0 4 0 0
0 35 1 3 0 4 3 3 1 4 0 0 0 0 4 4 0 0 0 2 4 0 0 2 4 0 2 2 1 1 3 3 1 1 3 0 4
0 36 3 3 1 4 0 0 0 0 4 0 4 4 0 0 0 0 1 4 0 0 0 2 4 0 0 0 0 4 0 4 0 1 4 0 0 0
0 24 1 4 2 3 0 0 1 4 2 1 2 0 1 4 0 1 2 0 3 3 1 4 0 0
0 15 2 1 1 0 4 4 2 1 2 2 4 1 3 0 4
0 30 1 3 0 4 3 3 1 4 0 0 0 0 4 4 0 0 0 2 4 0 0 2 4 0 2 2 1 1 3 3
0 30 2 3 0 0 2 3 0 0 0 1 4 3 3 1 1 3 0 4 3 3 1 4 3 3 1 3 3 1 3 3
0 40 4 4 2 4 0 0 0 0 2 4 1 4 0 0 0 0 2 4 1 3 0 4 3 3 1 3 3 1 2 1 2 4 2 4 3 3 1 1 0 4
0 31 1 0 4 1 0 4 0 2 2 0 4 2 0 4 2 0 4 2 0 4 2 0 4 1 0 4 1 3 0 4 3
0 6 0 0 2 3 3 3
0 16 3 3 1 3 3 1 1 0 4 1 3 0 4 3 3 1
0 7 2 1 0 4 1 3 0
0 23 4 2 1 0 3 3 1 3 3 1 1 0 4 2 4 1 3 0 4 1 3 3 1
0 10 3 3 1 4 0 0 0 0 4 0
0 25 3 3 1 4 0 0 0 0 4 0 4 4 0 0 0 0 1 4 0 0 0 2 4 0 0
0 47 3 3 1 2 4 3 3 1 2 4 3 3 1 2 4 1 0 4 0 2 0 4 2 0 4 2 0 4 2 0 4 2 0 4 3 3 1 0 2 0 4 2 0 4 2 0 4
0 58 2 1 2 3 2 0 2 3 2 0 0 0 2 3 2 0 0 0 0 3 3 1 2 1 2 4 0 2 2 0 4 3 3 1 3 3 1 4 0 0 0 0 1 4 0 4 4 0 0 0 0 0 2 4 0 0 4 4
0 12 4 2 1 0 3 3 1 3 3 1 1 0
0 33 3 3 1 3 3 1 1 0 4 4 0 0 2 4 0 0 4 0 0 1 2 1 1 2 3 2 1 3 3 1 3 3 1
0 30 3 3 1 2 4 3 3 1 2 4 3 3 1 2 4 1 0 4 0 2 0 4 2 0 4 2 0 4 2 0
0 36 2 3 2 0 0 0 0 2 3 2 0 1 2 3 2 0 0 0 0 0 1 2 0 2 3 0 0 0 0 1 4 2 1 4 4 4
0 51 4 4 2 1 1 0 4 1 3 0 4 1 0 4 1 1 0 4 1 3 0 4 3 3 1 4 4 3 3 1 1 3 0 4 3 3 1 4 0 0 4 2 0 2 2 4 0 0 4 4 0
0 16 1 4 2 3 2 0 0 0 0 0 2 4 4 3 3 1
0 48 3 3 1 4 0 0 0 0 4 0 4 4 0 0 0 0 1 4 0 0 0 2 4 0 0 0 0 4 0 4 0 1 4 0 0 0 0 0 0 0 0 2 2 0 4 2 0 4
0 50 3 3 1 2 4 4 1 1 4 4 4 2 1 4 2 1 2 1 0 4 1 0 4 3 3 1 1 1 3 0 4 3 3 1 3 3 1 1 3 3 1 3 3 1 3 3 1 3 3 1
0 11 3 3 1 2 4 3 3 1 2 4 3
0 14 1 0 4 1 0 4 0 2 2 0 4 2 0 4
0 4 2 3 4 3
0 22 1 0 4 1 0 4 0 2 2 0 4 2 0 4 2 0 4 2 0 4 2 0
0 11 1 1 4 1 4 1 4 1 4 2 4
0 33 1 0 4 1 0 4 0 2 2 0 4 2 0 4 2 0 4 2 0 4 2 0 4 1 0 4 1 3 0 4 3 3 1
0 12 3 3 1 2 4 3 3 1 2 4 3 3
0 53 2 4 2 0 0 1 4 2 3 0 0 0 0 0 1 2 1 4 2 1 1 0 4 3 3 1 3 3 1 3 3 1 3 3 1 0 2 0 4 2 0 4 2 0 4 2 4 1 3 0 4 3 3
0 22 4 4 2 1 1 0 4 1 3 0 4 1 0 4 1 1 0 4 1 3 0 4
0 10 2 3 0 0 0 0 0 4 4 4
0 34 2 4 2 0 0 1 4 2 3 0 0 0 0 0 1 2 1 4 2 1 1 0 4 3 3 1 3 3 1 3 3 1 3 3
0 43 4 4 2 1 1 0 4 1 3 0 4 1 0 4 1 1 0 4 1 3 0 4 3 3 1 4 4 3 3 1 1 3 0 4 3 3 1 4 0 0 4 2 0
0 8 0 0 2 3 3 3 1 3
0 23 1 0 2 0 4 2 0 4 2 0 4 4 3 3 1 1 3 3 1 4 1 4 0
0 58 2 3 0 0 2 3 0 0 0 1 4 3 3 1 1 3 0 4 3 3 1 4 3 3 1 3 3 1 3 3 1 2 1 2 0 0 1 0 4 3 3 1 1 0 4 3 3 1 1 3 0 4 2 1 2 4 3 3
0 58 2 1 0 4 1 3 0 4 2 4 1 3 0 4 3 3 1 3 3 1 1 0 2 0 4 2 0 4 2 0 4 3 3 1 4 4 2 4 4 4 0 0 4 0 0 0 4 0 0 0 0 3 3 1 1 1 3 0
0 21 1 0 4 3 3 1 1 3 0 4 3 3 1 4 2 1 1 3 0 4 3
0 57 3 3 1 2 4 3 3 1 2 4 3 3 1 2 4 1 0 4 0 2 0 4 2 0 4 2 0 4 2 0 4 2 0 4 3 3 1 0 2 0 4 2 0 4 2 0 4 2 0 4 2 0 4 2 4 1 3
0 3 2 3 4
0 32 4 4 2 4 0 0 0 0 2 4 1 4 0 0 0 0 2 4 1 3 0 4 3 3 1 3 3 1 2 1 2 4
0 5 4 2 1 0 3
0 2 1 0
0 39 2 3 0 0 2 3 0 0 0 1 4 3 3 1 1 3 0 4 3 3 1 4 3 3 1 3 3 1 3 3 1 2 1 2 0 0 1 0 4
0 4 4 4 2 4
0 4 4 4 4 3
0 8 4 2 1 0 3 3 1 3
0 66 2 1 2 3 2 0 2 3 2 0 0 0 2 3 2 0 0 0 0 3 3 1 2 1 2 4 0 2 2 0 4 3 3 1 3 3 1 4 0 0 0 0 1 4 0 4 4 0 0 0 0 0 2 4 0 0 4 4 0 2 0 4 0 0 0 0
0 40 2 1 2 3 2 0 2 3 2 0 0 0 2 3 2 0 0 0 0 3 3 1 2 1 2 4 0 2 2 0 4 3 3 1 3 3 1 4 0 0
0 32 4 4 2 1 1 0 4 1 3 0 4 1 0 4 1 1 0 4 1 3 0 4 3 3 1 4 4 3 3 1 1 3
0 33 2 3 0 0 0 0 0 4 4 4 1 2 1 2 2 1 1 4 2 3 0 3 3 1 3 3 1 1 3 0 4 1 3
0 42 1 0 4 3 3 1 1 3 0 4 3 3 1 4 2 1 1 3 0 4 3 3 1 3 3 1 3 3 1 4 1 2 1 2 4 3 3 1 3 3 1 3
0 3 4 1 4
0 44 3 3 1 2 4 3 3 1 2 4 3 3 1 2 4 1 0 4 0 2 0 4 2 0 4 2 0 4 2 0 4 2 0 4 3 3 1 0 2 0 4 2 0 4
0 23 0 0 2 3 2 0 0 1 2 3 2 0 0 0 3 3 1 1 0 4 1 0 4
0 15 2 2 3 2 0 0 0 2 3 2 0 2 0 1 3
0 26 3 3 1 2 4 3 3 1 1 3 0 4 1 0 4 3 3 1 3 3 1 3 3 1 4 4
0 56 2 3 0 0 2 3 0 0 0 1 4 3 3 1 1 3 0 4 3 3 1 4 3 3 1 3 3 1 3 3 1 2 1 2 0 0 1 0 4 3 3 1 1 0 4 3 3 1 1 3 0 4 2 1 2 4
0 19 3 3 1 3 3 1 1 0 4 4 0 0 2 4 0 0 4 0 0
0 16 0 0 2 3 2 0 0 1 2 3 2 0 0 0 3 3
0 17 0 0 2 3 2 0 0 1 2 3 2 0 0 0 3 3 1
0 21 2 1 1 0 4 4 2 1 2 2 4 1 3 0 4 1 3 0 4 4 3
0 42 2 3 2 0 0 0 0 0 2 3 2 0 2 3 0 0 0 0 2 3 2 0 0 0 0 0 2 3 0 0 0 3 3 1 1 0 4 3 3 1 3 3
0 28 1 3 0 4 0 2 2 0 4 2 0 4 2 0 4 2 0 4 3 3 1 1 3 0 4 2 4 4
0 37 3 3 1 2 4 3 3 1 2 4 3 3 1 2 4 1 0 4 0 2 0 4 2 0 4 2 0 4 2 0 4 2 0 4 3 3 1
0 15 3 3 1 2 4 3 3 1 1 3 0 4 1 0 4
0 27 2 3 0 0 2 3 0 0 0 1 4 3 3 1 1 3 0 4 3 3 1 4 3 3 1 3 3
0 40 3 3 1 2 4 3 3 1 2 4 3 3 1 2 4 1 0 4 0 2 0 4 2 0 4 2 0 4 2 0 4 2 0 4 3 3 1 0 2 0
0 32 3 3 1 2 4 4 1 1 4 4 4 2 1 4 2 1 2 1 0 4 1 0 4 3 3 1 1 1 3 0 4 3
0 21 4 4 2 4 0 0 0 0 2 4 1 4 0 0 0 0 2 4 1 3 0
0 59 2 1 2 3 2 0 2 3 2 0 0 0 2 3 2 0 0 0 0 3 3 1 2 1 2 4 0 2 2 0 4 3 3 1 3 3 1 4 0 0 0 0 1 4 0 4 4 0 0 0 0 0 2 4 0 0 4 4 0
0 45 2 3 0 0 2 3 0 0 0 1 4 3 3 1 1 3 0 4 3 3 1 4 3 3 1 3 3 1 3 3 1 2 1 2 0 0 1 0 4 3 3 1 1 0 4
0 8 4 4 2 4 0 0 0 0
0 39 2 1 2 1 4 2 1 2 3 3 1 3 3 1 1 3 0 4 4 1 3 0 4 2 1 1 0 2 0 4 2 0 4 2 4 3 3 1 3
0 8 1 3 0 4 3 3 1 4
0 4 4 2 1 0
0 26 2 2 3 2 0 0 0 2 3 2 0 2 0 1 3 0 4 3 3 1 3 3 1 2 4 3
0 25 2 4 4 0 0 0 2 4 0 0 0 0 4 4 2 3 3 1 3 3 1 2 1 3 3
0 18 1 0 4 3 3 1 1 3 0 4 3 3 1 4 2 1 1 3
0 37 1 0 2 0 4 2 0 4 2 0 4 4 3 3 1 1 3 3 1 4 1 4 0 0 0 0 0 0 4 0 0 0 4 0 4 4 4
0 9 1 3 0 4 0 2 2 0 4
0 16 2 3 2 0 0 0 0 2 3 2 0 0 0 1 3 0
0 41 4 4 2 4 0 0 0 0 2 4 1 4 0 0 0 0 2 4 1 3 0 4 3 3 1 3 3 1 2 1 2 4 2 4 3 3 1 1 0 4 3
0 42 2 4 2 0 0 1 4 2 3 0 0 0 0 0 1 2 1 4 2 1 1 0 4 3 3 1 3 3 1 3 3 1 3 3 1 0 2 0 4 2 0 4
0 17 1 0 4 1 0 4 0 2 2 0 4 2 0 4 2 0 4
0 49 4 4 2 1 1 0 4 1 3 0 4 1 0 4 1 1 0 4 1 3 0 4 3 3 1 4 4 3 3 1 1 3 0 4 3 3 1 4 0 0 4 2 0 2 2 4 0 0 4
0 8 3 3 1 3 3 1 1 0
0 20 0 0 2 3 2 0 0 1 2 3 2 0 0 0 3 3 1 1 0 4
0 55 3 3 1 4 0 0 0 0 4 0 4 4 0 0 0 0 1 4 0 0 0 2 4 0 0 0 0 4 0 4 0 1 4 0 0 0 0 0 0 0 0 2 2 0 4 2 0 4 1 0 4 3 3 1 3
0 7 1 1 1 1 4 2 4
0 30 1 0 4 1 0 4 0 2 2 0 4 2 0 4 2 0 4 2 0 4 2 0 4 1 0 4 1 3 0 4
0 11 4 2 1 1 0 2 0 4 2 0 4
0 8 3 3 1 4 0 0 0 0
0 13 4 1 4 1 1 1 1 1 1 1 4 2 4
0 46 2 3 2 0 0 0 0 0 2 3 2 0 2 3 0 0 0 0 2 3 2 0 0 0 0 0 2 3 0 0 0 3 3 1 1 0 4 3 3 1 3 3 1 1 3 3
0 7 1 0 4 3 3 1 3
0 14 1 0 4 3 3 1 3 3 1 3 3 1 3 3
0 2 4 4
0 27 3 3 1 2 4 3 3 1 2 4 3 3 1 2 4 1 0 4 0 2 0 4 2 0 4 2 0
0 38 3 3 1 2 4 3 3 1 1 3 0 4 1 0 4 3 3 1 3 3 1 3 3 1 4 4 2 1 3 3 1 1 0 4 3 3 1 4
0 31 2 3 0 0 0 0 0 4 4 4 1 2 1 2 2 1 1 4 2 3 0 3 3 1 3 3 1 1 3 0 4
0 65 2 4 2 0 0 1 4 2 3 0 0 0 0 0 1 2 1 4 2 1 1 0 4 3 3 1 3 3 1 3 3 1 3 3 1 0 2 0 4 2 0 4 2 0 4 2 4 1 3 0 4 3 3 1 3 3 1 1 3 0 4 2 4 3 3
0 62 2 3 0 0 2 3 0 0 0 1 4 3 3 1 1 3 0 4 3 3 1 4 3 3 1 3 3 1 3 3 1 2 1 2 0 0 1 0 4 3 3 1 1 0 4 3 3 1 1 3 0 4 2 1 2 4 3 3 1 3 3 1
0 24 2 1 0 4 1 3 0 4 2 4 1 3 0 4 3 3 1 3 3 1 1 0 2 0
0 6 2 4 4 0 0 0
0 57 3 3 1 2 4 4 1 1 4 4 4 2 1 4 2 1 2 1 0 4 1 0 4 3 3 1 1 1 3 0 4 3 3 1 3 3 1 1 3 3 1 3 3 1 3 3 1 3 3 1 4 0 0 0 0 0 4
0 36 1 4 2 3 2 0 1 4 1 0 4 4 0 2 0 4 2 2 2 4 0 1 3 3 1 1 0 4 3 3 1 1 0 4 1 3
0 26 2 1 2 3 2 0 2 3 2 0 0 0 2 3 2 0 0 0 0 3 3 1 2 1 2 4
0 5 4 2 4 1 4
0 13 2 3 0 0 2 3 0 0 0 1 4 3 3
0 7 3 3 1 3 3 1 4
0 20 1 3 0 4 0 2 2 0 4 2 0 4 2 0 4 2 0 4 3 3
0 18 4 4 2 1 1 0 4 1 3 0 4 1 0 4 1 1 0 4
0 7 4 2 4 2 4 2 4
0 6 2 3 4 3 3 1
0 7 4 2 1 1 0 2 0
0 38 1 4 2 3 2 0 1 4 1 0 4 4 0 2 0 4 2 2 2 4 0 1 3 3 1 1 0 4 3 3 1 1 0 4 1 3 0 4
0 19 1 4 2 3 0 0 1 4 2 1 2 0 1 4 0 1 2 0 3
0 4 1 0 4 3
0 10 2 1 0 4 1 3 0 4 2 4
0 11 1 0 4 3 3 1 3 3 1 3 3
0 20 2 1 2 3 2 0 2 3 2 0 0 0 2 3 2 0 0 0 0 3
0 20 3 3 1 2 4 4 1 1 4 4 4 2 1 4 2 1 2 1 0 4
0 9 1 3 0 4 3 3 1 4 0
0 25 4 4 2 1 1 0 4 1 3 0 4 1 0 4 1 1 0 4 1 3 0 4 3 3 1
0 20 4 4 2 1 1 0 4 1 3 0 4 1 0 4 1 1 0 4 1 3
0 65 2 1 2 3 2 0 2 3 2 0 0 0 2 3 2 0 0 0 0 3 3 1 2 1 2 4 0 2 2 0 4 3 3 1 3 3 1 4 0 0 0 0 1 4 0 4 4 0 0 0 0 0 2 4 0 0 4 4 0 2 0 4 0 0 0
0 41 2 3 0 0 2 3 0 0 0 1 4 3 3 1 1 3 0 4 3 3 1 4 3 3 1 3 3 1 3 3 1 2 1 2 0 0 1 0 4 3 3
0 11 3 3 1 2 4 3 3 1 1 3 0
0 41 1 0 4 3 3 1 3 3 1 3 3 1 3 3 1 4 2 1 4 2 2 2 1 2 1 1 3 0 4 3 3 1 1 3 0 4 2 4 3 3 1
0 61 2 3 0 0 2 3 0 0 0 1 4 3 3 1 1 3 0 4 3 3 1 4 3 3 1 3 3 1 3 3 1 2 1 2 0 0 1 0 4 3 3 1 1 0 4 3 3 1 1 3 0 4 2 1 2 4 3 3 1 3 3
0 9 4 2 4 2 4 2 4 2 4
0 22 2 1 0 4 1 3 0 4 2 4 1 3 0 4 3 3 1 3 3 1 1 0
0 11 4 1 1 1 1 1 4 1 4 2 4
0 47 2 1 2 3 2 0 2 3 2 0 0 0 2 3 2 0 0 0 0 3 3 1 2 1 2 4 0 2 2 0 4 3 3 1 3 3 1 4 0 0 0 0 1 4 0 4 4
0 7 4 4 2 1 1 0 4
0 72 4 4 2 1 1 0 4 1 3 0 4 1 0 4 1 1 0 4 1 3 0 4 3 3 1 4 4 3 3 1 1 3 0 4 3 3 1 4 0 0 4 2 0 2 2 4 0 0 4 4 0 0 4 1 4 4 2 4 1 3 0 4 1 0 4 3 3 1 3 3 1 3
0 23 3 3 1 2 4 3 3 1 1 3 0 4 1 0 4 3 3 1 3 3 1 3 3
0 26 1 0 4 3 3 1 1 3 0 4 3 3 1 4 2 1 1 3 0 4 3 3 1 3 3 1
0 23 4 4 2 1 1 0 4 1 3 0 4 1 0 4 1 1 0 4 1 3 0 4 3
0 22 0 0 2 3 2 0 0 1 2 3 2 0 0 0 3 3 1 1 0 4 1 0
0 73 4 4 2 1 1 0 4 1 3 0 4 1 0 4 1 1 0 4 1 3 0 4 3 3 1 4 4 3 3 1 1 3 0 4 3 3 1 4 0 0 4 2 0 2 2 4 0 0 4 4 0 0 4 1 4 4 2 4 1 3 0 4 1 0 4 3 3 1 3 3 1 3 3
0 48 2 3 0 0 0 0 0 4 4 4 1 2 1 2 2 1 1 4 2 3 0 3 3 1 3 3 1 1 3 0 4 1 3 0 4 1 0 4 1 3 0 4 3 3 1 3 3 1
0 13 3 3 1 2 4 3 3 1 2 4 3 3 1
0 35 2 4 2 0 0 1 4 2 3 0 0 0 0 0 1 2 1 4 2 1 1 0 4 3 3 1 3 3 1 3 3 1 3 3 1
0 21 2 3 2 0 0 0 0 2 3 2 0 0 0 1 3 0 4 3 3 1 3
0 25 1 0 4 1 0 4 0 2 2 0 4 2 0 4 2 0 4 2 0 4 2 0 4 1 0
0 9 2 3 0 0 0 0 2 1 0
0 15 2 3 4 3 3 1 3 3 1 1 4 4 3 3 1
0 40 2 1 0 4 1 3 0 4 2 4 1 3 0 4 3 3 1 3 3 1 1 0 2 0 4 2 0 4 2 0 4 3 3 1 4 4 2 4 4 4
0 61 3 3 1 2 4 3 3 1 2 4 3 3 1 2 4 1 0 4 0 2 0 4 2 0 4 2 0 4 2 0 4 2 0 4 3 3 1 0 2 0 4 2 0 4 2 0 4 2 0 4 2 0 4 2 4 1 3 0 4 3 3
0 13 3 3 1 4 0 0 0 0 4 0 4 4 0
0 6 3 3 1 3 3 1
0 7 4 4 2 4 0 0 0
0 77 3 3 1 4 0 0 0 0 4 0 4 4 0 0 0 0 1 4 0 0 0 2 4 0 0 0 0 4 0 4 0 1 4 0 0 0 0 0 0 0 0 2 2 0 4 2 0 4 1 0 4 3 3 1 3 3 1 3 3 1 1 3 3 1 3 3 1 3 3 1 1 0 4 1 0 4 3
0 16 1 3 0 4 3 3 1 4 0 0 0 0 4 4 0 0
0 38 0 0 2 3 2 0 0 1 2 3 2 0 0 0 3 3 1 1 0 4 1 0 4 3 3 1 3 3 1 2 1 2 1 3 3 1 3 3
0 4 3 3 1 3
0 31 3 3 1 4 0 0 0 0 4 0 4 4 0 0 0 0 1 4 0 0 0 2 4 0 0 0 0 4 0 4 0
0 18 2 4 4 0 0 0 2 4 0 0 0 0 4 4 2 3 3 1
0 33 1 4 2 3 2 0 1 4 1 0 4 4 0 2 0 4 2 2 2 4 0 1 3 3 1 1 0 4 3 3 1 1 0
0 11 1 0 4 3 3 1 1 3 0 4 3
0 44 1 0 4 3 3 1 1 3 0 4 3 3 1 4 2 1 1 3 0 4 3 3 1 3 3 1 3 3 1 4 1 2 1 2 4 3 3 1 3 3 1 3 3 1
0 47 1 0 4 3 3 1 1 3 0 4 3 3 1 4 2 1 1 3 0 4 3 3 1 3 3 1 3 3 1 4 1 2 1 2 4 3 3 1 3 3 1 3 3 1 0 2 0
0 39 1 3 0 4 3 3 1 4 0 0 0 0 4 4 0 0 0 2 4 0 0 2 4 0 2 2 1 1 3 3 1 1 3 0 4 1 0 4 3
0 10 3 3 1 2 4 4 1 1 4 4
0 1 0
0 29 1 0 4 1 0 4 0 2 2 0 4 2 0 4 2 0 4 2 0 4 2 0 4 1 0 4 1 3 0
0 6 4 2 1 0 3 3
0 64 3 3 1 4 0 0 0 0 4 0 4 4 0 0 0 0 1 4 0 0 0 2 4 0 0 0 0 4 0 4 0 1 4 0 0 0 0 0 0 0 0 2 2 0 4 2 0 4 1 0 4 3 3 1 3 3 1 3 3 1 1 3 3 1
0 54 2 4 2 0 0 1 4 2 3 0 0 0 0 0 1 2 1 4 2 1 1 0 4 3 3 1 3 3 1 3 3 1 3 3 1 0 2 0 4 2 0 4 2 0 4 2 4 1 3 0 4 3 3 1
0 15 3 3 1 2 4 3 3 1 2 4 3 3 1 2 4
0 39 3 3 1 2 4 4 1 1 4 4 4 2 1 4 2 1 2 1 0 4 1 0 4 3 3 1 1 1 3 0 4 3 3 1 3 3 1 1 3
0 9 4 1 4 1 4 1 4 1 4
0 69 3 3 1 4 0 0 0 0 4 0 4 4 0 0 0 0 1 4 0 0 0 2 4 0 0 0 0 4 0 4 0 1 4 0 0 0 0 0 0 0 0 2 2 0 4 2 0 4 1 0 4 3 3 1 3 3 1 3 3 1 1 3 3 1 3 3 1 3 3
0 54 3 3 1 4 0 0 0 0 4 0 4 4 0 0 0 0 1 4 0 0 0 2 4 0 0 0 0 4 0 4 0 1 4 0 0 0 0 0 0 0 0 2 2 0 4 2 0 4 1 0 4 3 3 1
0 43 4 4 2 4 0 0 0 0 2 4 1 4 0 0 0 0 2 4 1 3 0 4 3 3 1 3 3 1 2 1 2 4 2 4 3 3 1 1 0 4 3 3 1
0 60 3 3 1 2 4 4 1 1 4 4 4 2 1 4 2 1 2 1 0 4 1 0 4 3 3 1 1 1 3 0 4 3 3 1 3 3 1 1 3 3 1 3 3 1 3 3 1 3 3 1 4 0 0 0 0 0 4 4 0 0
0 57 2 1 2 3 2 0 2 3 2 0 0 0 2 3 2 0 0 0 0 3 3 1 2 1 2 4 0 2 2 0 4 3 3 1 3 3 1 4 0 0 0 0 1 4 0 4 4 0 0 0 0 0 2 4 0 0 4
0 27 2 1 2 1 4 2 1 2 3 3 1 3 3 1 1 3 0 4 4 1 3 0 4 2 1 1 0
0 14 1 0 4 3 3 1 1 3 0 4 3 3 1 4
0 38 2 1 2 1 4 2 1 2 3 3 1 3 3 1 1 3 0 4 4 1 3 0 4 2 1 1 0 2 0 4 2 0 4 2 4 3 3 1
0 61 4 4 2 1 1 0 4 1 3 0 4 1 0 4 1 1 0 4 1 3 0 4 3 3 1 4 4 3 3 1 1 3 0 4 3 3 1 4 0 0 4 2 0 2 2 4 0 0 4 4 0 0 4 1 4 4 2 4 1 3 0
0 37 1 0 4 3 3 1 1 3 0 4 3 3 1 4 2 1 1 3 0 4 3 3 1 3 3 1 3 3 1 4 1 2 1 2 4 3 3
0 11 1 1 4 1 4 1 1 1 4 2 4
0 19 0 0 2 3 2 0 0 1 2 3 2 0 0 0 3 3 1 1 0
0 41 1 3 0 4 3 3 1 4 0 0 0 0 4 4 0 0 0 2 4 0 0 2 4 0 2 2 1 1 3 3 1 1 3 0 4 1 0 4 3 3 1
0 48 2 3 0 0 2 3 0 0 0 1 4 3 3 1 1 3 0 4 3 3 1 4 3 3 1 3 3 1 3 3 1 2 1 2 0 0 1 0 4 3 3 1 1 0 4 3 3 1
0 5 4 4 2 4 0
0 12 4 4 2 4 0 0 0 0 2 4 1 4
0 60 3 3 1 2 4 3 3 1 2 4 3 3 1 2 4 1 0 4 0 2 0 4 2 0 4 2 0 4 2 0 4 2 0 4 3 3 1 0 2 0 4 2 0 4 2 0 4 2 0 4 2 0 4 2 4 1 3 0 4 3
0 13 4 1 1 1 1 1 4 1 4 2 4 2 4
0 12 2 3 0 0 2 3 0 0 0 1 4 3
0 75 2 1 2 3 2 0 2 3 2 0 0 0 2 3 2 0 0 0 0 3 3 1 2 1 2 4 0 2 2 0 4 3 3 1 3 3 1 4 0 0 0 0 1 4 0 4 4 0 0 0 0 0 2 4 0 0 4 4 0 2 0 4 0 0 0 0 2 2 0 0 3 3 1 3 3
0 25 0 0 2 3 2 0 0 1 2 3 2 0 0 0 3 3 1 1 0 4 1 0 4 3 3
0 34 2 1 0 4 1 3 0 4 2 4 1 3 0 4 3 3 1 3 3 1 1 0 2 0 4 2 0 4 2 0 4 3 3 1
0 39 2 1 2 3 2 0 2 3 2 0 0 0 2 3 2 0 0 0 0 3 3 1 2 1 2 4 0 2 2 0 4 3 3 1 3 3 1 4 0
0 48 1 0 4 3 3 1 1 3 0 4 3 3 1 4 2 1 1 3 0 4 3 3 1 3 3 1 3 3 1 4 1 2 1 2 4 3 3 1 3 3 1 3 3 1 0 2 0 4
0 14 2 1 0 4 1 3 0 4 2 4 1 3 0 4
0 40 2 3 0 0 0 0 0 4 4 4 1 2 1 2 2 1 1 4 2 3 0 3 3 1 3 3 1 1 3 0 4 1 3 0 4 1 0 4 1 3
0 79 3 3 1 4 0 0 0 0 4 0 4 4 0 0 0 0 1 4 0 0 0 2 4 0 0 0 0 4 0 4 0 1 4 0 0 0 0 0 0 0 0 2 2 0 4 2 0 4 1 0 4 3 3 1 3 3 1 3 3 1 1 3 3 1 3 3 1 3 3 1 1 0 4 1 0 4 3 3 1
0 26 4 4 2 4 0 0 0 0 2 4 1 4 0 0 0 0 2 4 1 3 0 4 3 3 1 3
0 50 2 1 0 4 1 3 0 4 2 4 1 3 0 4 3 3 1 3 3 1 1 0 2 0 4 2 0 4 2 0 4 3 3 1 4 4 2 4 4 4 0 0 4 0 0 0 4 0 0 0
0 39 1 0 2 0 4 2 0 4 2 0 4 4 3 3 1 1 3 3 1 4 1 4 0 0 0 0 0 0 4 0 0 0 4 0 4 4 4 4 0
0 29 2 3 2 0 2 3 2 0 0 0 0 2 3 2 0 0 0 0 0 2 3 2 0 0 0 2 0 4 4
0 27 2 4 2 0 0 1 4 2 3 0 0 0 0 0 1 2 1 4 2 1 1 0 4 3 3 1 3
0 10 4 2 1 1 0 2 0 4 2 0
0 2 1 3
0 64 2 3 0 0 2 3 0 0 0 1 4 3 3 1 1 3 0 4 3 3 1 4 3 3 1 3 3 1 3 3 1 2 1 2 0 0 1 0 4 3 3 1 1 0 4 3 3 1 1 3 0 4 2 1 2 4 3 3 1 3 3 1 1 0
0 31 1 0 2 0 4 2 0 4 2 0 4 4 3 3 1 1 3 3 1 4 1 4 0 0 0 0 0 0 4 0 0
0 19 2 4 4 0 0 0 2 4 0 0 0 0 4 4 2 3 3 1 3
0 24 0 0 2 3 2 0 0 1 2 3 2 0 0 0 3 3 1 1 0 4 1 0 4 3
0 57 2 4 2 0 0 1 4 2 3 0 0 0 0 0 1 2 1 4 2 1 1 0 4 3 3 1 3 3 1 3 3 1 3 3 1 0 2 0 4 2 0 4 2 0 4 2 4 1 3 0 4 3 3 1 3 3 1
0 37 1 4 2 3 2 0 1 4 1 0 4 4 0 2 0 4 2 2 2 4 0 1 3 3 1 1 0 4 3 3 1 1 0 4 1 3 0
0 28 2 2 3 2 0 0 0 2 3 2 0 2 0 1 3 0 4 3 3 1 3 3 1 2 4 3 3 1
0 53 4 4 2 1 1 0 4 1 3 0 4 1 0 4 1 1 0 4 1 3 0 4 3 3 1 4 4 3 3 1 1 3 0 4 3 3 1 4 0 0 4 2 0 2 2 4 0 0 4 4 0 0 4
0 50 3 3 1 2 4 3 3 1 2 4 3 3 1 2 4 1 0 4 0 2 0 4 2 0 4 2 0 4 2 0 4 2 0 4 3 3 1 0 2 0 4 2 0 4 2 0 4 2 0 4
0 6 4 4 2 4 0 0
0 55 3 3 1 2 4 4 1 1 4 4 4 2 1 4 2 1 2 1 0 4 1 0 4 3 3 1 1 1 3 0 4 3 3 1 3 3 1 1 3 3 1 3 3 1 3 3 1 3 3 1 4 0 0 0 0
0 5 1 3 0 4 3
0 24 1 4 2 3 2 0 1 4 1 0 4 4 0 2 0 4 2 2 2 4 0 1 3 3
0 21 1 3 0 4 0 2 2 0 4 2 0 4 2 0 4 2 0 4 3 3 1
0 3 4 2 4
0 6 2 1 0 4 1 3
0 7 1 0 2 0 4 2 0
0 13 4 4 2 1 1 0 4 1 3 0 4 1 0
0 30 4 2 1 1 0 2 0 4 2 0 4 2 0 4 2 4 4 0 1 3 3 1 3 3 1 0 2 2 0 4
0 4 3 3 1 4
0 19 1 0 4 1 0 4 0 2 2 0 4 2 0 4 2 0 4 2 0
0 37 3 3 1 2 4 3 3 1 1 3 0 4 1 0 4 3 3 1 3 3 1 3 3 1 4 4 2 1 3 3 1 1 0 4 3 3 1
0 9 2 3 0 0 0 0 0 4 4
0 11 4 4 2 1 1 0 4 1 3 0 4
0 52 2 1 0 4 1 3 0 4 2 4 1 3 0 4 3 3 1 3 3 1 1 0 2 0 4 2 0 4 2 0 4 3 3 1 4 4 2 4 4 4 0 0 4 0 0 0 4 0 0 0 0 3
0 32 3 3 1 3 3 1 1 0 4 4 0 0 2 4 0 0 4 0 0 1 2 1 1 2 3 2 1 3 3 1 3 3
0 16 2 1 0 4 1 3 0 4 2 4 1 3 0 4 3 3
0 24 3 3 1 2 4 3 3 1 2 4 3 3 1 2 4 1 0 4 0 2 0 4 2 0
0 46 3 3 1 2 4 4 1 1 4 4 4 2 1 4 2 1 2 1 0 4 1 0 4 3 3 1 1 1 3 0 4 3 3 1 3 3 1 1 3 3 1 3 3 1 3 3
0 7 1 0 4 1 0 4 0
0 15 3 3 1 3 3 1 1 0 4 4 0 0 2 4 0
0 14 1 0 2 0 4 2 0 4 2 0 4 4 3 3
0 22 2 1 2 3 2 0 2 3 2 0 0 0 2 3 2 0 0 0 0 3 3 1
0 1 4
0 28 1 0 4 3 3 1 3 3 1 3 3 1 3 3 1 4 2 1 4 2 2 2 1 2 1 1 3 0
0 41 1 0 4 3 3 1 1 3 0 4 3 3 1 4 2 1 1 3 0 4 3 3 1 3 3 1 3 3 1 4 1 2 1 2 4 3 3 1 3 3 1
0 6 1 0 4 3 3 1
0 19 2 1 0 4 1 3 0 4 2 4 1 3 0 4 3 3 1 3 3
0 26 2 3 0 0 0 0 0 4 4 4 1 2 1 2 2 1 1 4 2 3 0 3 3 1 3 3
0 54 2 1 2 3 2 0 2 3 2 0 0 0 2 3 2 0 0 0 0 3 3 1 2 1 2 4 0 2 2 0 4 3 3 1 3 3 1 4 0 0 0 0 1 4 0 4 4 0 0 0 0 0 2 4
0 12 2 4 4 0 0 0 2 4 0 0 0 0
0 8 2 3 4 3 3 1 3 3
0 30 4 4 2 1 1 0 4 1 3 0 4 1 0 4 1 1 0 4 1 3 0 4 3 3 1 4 4 3 3 1
0 7 0 0 2 3 3 3 1
0 50 2 4 2 0 0 1 4 2 3 0 0 0 0 0 1 2 1 4 2 1 1 0 4 3 3 1 3 3 1 3 3 1 3 3 1 0 2 0 4 2 0 4 2 0 4 2 4 1 3 0
0 22 3 3 1 2 4 3 3 1 1 3 0 4 1 0 4 3 3 1 3 3 1 3
0 23 3 3 1 4 0 0 0 0 4 0 4 4 0 0 0 0 1 4 0 0 0 2 4
0 18 3 3 1 2 4 3 3 1 2 4 3 3 1 2 4 1 0 4
0 19 3 3 1 2 4 3 3 1 2 4 3 3 1 2 4 1 0 4 0
0 37 0 0 2 3 2 0 0 1 2 3 2 0 0 0 3 3 1 1 0 4 1 0 4 3 3 1 3 3 1 2 1 2 1 3 3 1 3
0 42 2 3 0 0 0 0 0 4 4 4 1 2 1 2 2 1 1 4 2 3 0 3 3 1 3 3 1 1 3 0 4 1 3 0 4 1 0 4 1 3 0 4
0 6 2 1 1 0 4 4
0 16 4 4 2 4 0 0 0 0 2 4 1 4 0 0 0 0
0 19 1 0 4 3 3 1 1 3 0 4 3 3 1 4 2 1 1 3 0
0 11 1 0 4 1 0 4 0 2 2 0 4
0 12 3 3 1 2 4 3 3 1 1 3 0 4
0 14 2 3 0 0 2 3 0 0 0 1 4 3 3 1
0 37 3 3 1 4 0 0 0 0 4 0 4 4 0 0 0 0 1 4 0 0 0 2 4 0 0 0 0 4 0 4 0 1 4 0 0 0 0
0 45 1 0 4 3 3 1 1 3 0 4 3 3 1 4 2 1 1 3 0 4 3 3 1 3 3 1 3 3 1 4 1 2 1 2 4 3 3 1 3 3 1 3 3 1 0
0 48 3 3 1 2 4 4 1 1 4 4 4 2 1 4 2 1 2 1 0 4 1 0 4 3 3 1 1 1 3 0 4 3 3 1 3 3 1 1 3 3 1 3 3 1 3 3 1 3
0 57 1 0 4 1 0 4 0 2 2 0 4 2 0 4 2 0 4 2 0 4 2 0 4 1 0 4 1 3 0 4 3 3 1 2 1 1 0 2 2 0 4 2 0 4 2 0 4 2 0 4 3 3 1 1 0 4 4
0 34 4 4 2 1 1 0 4 1 3 0 4 1 0 4 1 1 0 4 1 3 0 4 3 3 1 4 4 3 3 1 1 3 0 4
0 41 2 1 2 3 2 0 2 3 2 0 0 0 2 3 2 0 0 0 0 3 3 1 2 1 2 4 0 2 2 0 4 3 3 1 3 3 1 4 0 0 0
0 7 4 1 1 1 4 2 4
0 22 1 0 2 0 4 2 0 4 2 0 4 4 3 3 1 1 3 3 1 4 1 4
0 34 2 1 2 3 2 0 2 3 2 0 0 0 2 3 2 0 0 0 0 3 3 1 2 1 2 4 0 2 2 0 4 3 3 1
0 33 3 3 1 2 4 3 3 1 2 4 3 3 1 2 4 1 0 4 0 2 0 4 2 0 4 2 0 4 2 0 4 2 0
0 65 2 3 0 0 2 3 0 0 0 1 4 3 3 1 1 3 0 4 3 3 1 4 3 3 1 3 3 1 3 3 1 2 1 2 0 0 1 0 4 3 3 1 1 0 4 3 3 1 1 3 0 4 2 1 2 4 3 3 1 3 3 1 1 0 4
0 23 1 4 2 3 0 0 1 4 2 1 2 0 1 4 0 1 2 0 3 3 1 4 0
0 15 1 0 2 0 4 2 0 4 2 0 4 4 3 3 1
0 52 3 3 1 4 0 0 0 0 4 0 4 4 0 0 0 0 1 4 0 0 0 2 4 0 0 0 0 4 0 4 0 1 4 0 0 0 0 0 0 0 0 2 2 0 4 2 0 4 1 0 4 3
0 50 2 1 2 3 2 0 2 3 2 0 0 0 2 3 2 0 0 0 0 3 3 1 2 1 2 4 0 2 2 0 4 3 3 1 3 3 1 4 0 0 0 0 1 4 0 4 4 0 0 0
0 15 0 0 2 3 2 0 0 1 2 3 2 0 0 0 3
0 19 4 1 4 1 1 1 1 1 1 1 4 2 4 2 4 1 4 1 4
0 22 2 3 0 0 2 3 0 0 0 1 4 3 3 1 1 3 0 4 3 3 1 4
0 32 2 1 2 3 2 0 2 3 2 0 0 0 2 3 2 0 0 0 0 3 3 1 2 1 2 4 0 2 2 0 4 3
0 15 2 3 2 0 0 0 0 2 3 2 0 0 0 1 3
0 21 1 3 0 4 3 3 1 4 0 0 0 0 4 4 0 0 0 2 4 0 0
0 16 3 3 1 2 4 3 3 1 1 3 0 4 1 0 4 3
0 14 4 4 2 4 0 0 0 0 2 4 1 4 0 0
0 25 1 0 4 3 3 1 1 3 0 4 3 3 1 4 2 1 1 3 0 4 3 3 1 3 3
0 21 2 2 3 2 0 0 0 2 3 2 0 2 0 1 3 0 4 3 3 1 3
0 29 1 0 4 3 3 1 3 3 1 3 3 1 3 3 1 4 2 1 4 2 2 2 1 2 1 1 3 0 4
0 21 4 2 1 1 0 2 0 4 2 0 4 2 0 4 2 4 4 0 1 3 3
0 45 2 3 0 0 0 0 0 4 4 4 1 2 1 2 2 1 1 4 2 3 0 3 3 1 3 3 1 1 3 0 4 1 3 0 4 1 0 4 1 3 0 4 3 3 1
0 59 3 3 1 4 0 0 0 0 4 0 4 4 0 0 0 0 1 4 0 0 0 2 4 0 0 0 0 4 0 4 0 1 4 0 0 0 0 0 0 0 0 2 2 0 4 2 0 4 1 0 4 3 3 1 3 3 1 3 3
0 41 2 1 2 1 4 2 1 2 3 3 1 3 3 1 1 3 0 4 4 1 3 0 4 2 1 1 0 2 0 4 2 0 4 2 4 3 3 1 3 3 1
0 59 2 1 0 4 1 3 0 4 2 4 1 3 0 4 3 3 1 3 3 1 1 0 2 0 4 2 0 4 2 0 4 3 3 1 4 4 2 4 4 4 0 0 4 0 0 0 4 0 0 0 0 3 3 1 1 1 3 0 4
0 5 1 0 4 3 3
0 35 3 3 1 4 0 0 0 0 4 0 4 4 0 0 0 0 1 4 0 0 0 2 4 0 0 0 0 4 0 4 0 1 4 0 0
0 35 1 0 4 3 3 1 1 3 0 4 3 3 1 4 2 1 1 3 0 4 3 3 1 3 3 1 3 3 1 4 1 2 1 2 4
0 21 3 3 1 4 0 0 0 0 4 0 4 4 0 0 0 0 1 4 0 0 0
0 38 2 3 2 0 0 0 0 0 2 3 2 0 2 3 0 0 0 0 2 3 2 0 0 0 0 0 2 3 0 0 0 3 3 1 1 0 4 3
0 16 1 0 4 3 3 1 3 3 1 3 3 1 3 3 1 4
0 40 2 3 2 0 0 0 0 0 2 3 2 0 2 3 0 0 0 0 2 3 2 0 0 0 0 0 2 3 0 0 0 3 3 1 1 0 4 3 3 1
0 40 1 0 2 0 4 2 0 4 2 0 4 4 3 3 1 1 3 3 1 4 1 4 0 0 0 0 0 0 4 0 0 0 4 0 4 4 4 4 0 0
0 10 3 3 1 2 4 3 3 1 1 3
0 10 3 3 1 3 3 1 1 0 4 4
0 49 2 4 2 0 0 1 4 2 3 0 0 0 0 0 1 2 1 4 2 1 1 0 4 3 3 1 3 3 1 3 3 1 3 3 1 0 2 0 4 2 0 4 2 0 4 2 4 1 3
0 41 3 3 1 4 0 0 0 0 4 0 4 4 0 0 0 0 1 4 0 0 0 2 4 0 0 0 0 4 0 4 0 1 4 0 0 0 0 0 0 0 0
0 60 3 3 1 4 0 0 0 0 4 0 4 4 0 0 0 0 1 4 0 0 0 2 4 0 0 0 0 4 0 4 0 1 4 0 0 0 0 0 0 0 0 2 2 0 4 2 0 4 1 0 4 3 3 1 3 3 1 3 3 1
0 16 2 3 0 0 2 3 0 0 0 1 4 3 3 1 1 3
0 23 2 2 3 2 0 0 0 2 3 2 0 2 0 1 3 0 4 3 3 1 3 3 1
0 36 2 1 2 1 4 2 1 2 3 3 1 3 3 1 1 3 0 4 4 1 3 0 4 2 1 1 0 2 0 4 2 0 4 2 4 3
0 9 4 4 4 3 3 1 1 3 0
0 20 4 4 2 4 0 0 0 0 2 4 1 4 0 0 0 0 2 4 1 3
0 20 2 1 1 0 4 4 2 1 2 2 4 1 3 0 4 1 3 0 4 4
0 23 4 2 1 1 0 2 0 4 2 0 4 2 0 4 2 4 4 0 1 3 3 1 3
0 36 2 1 2 3 2 0 2 3 2 0 0 0 2 3 2 0 0 0 0 3 3 1 2 1 2 4 0 2 2 0 4 3 3 1 3 3
0 49 2 1 2 3 2 0 2 3 2 0 0 0 2 3 2 0 0 0 0 3 3 1 2 1 2 4 0 2 2 0 4 3 3 1 3 3 1 4 0 0 0 0 1 4 0 4 4 0 0
0 10 1 0 4 3 3 1 3 3 1 3
0 31 3 3 1 2 4 3 3 1 2 4 3 3 1 2 4 1 0 4 0 2 0 4 2 0 4 2 0 4 2 0 4
0 56 2 1 2 3 2 0 2 3 2 0 0 0 2 3 2 0 0 0 0 3 3 1 2 1 2 4 0 2 2 0 4 3 3 1 3 3 1 4 0 0 0 0 1 4 0 4 4 0 0 0 0 0 2 4 0 0
0 30 1 4 2 3 2 0 1 4 1 0 4 4 0 2 0 4 2 2 2 4 0 1 3 3 1 1 0 4 3 3
0 20 1 0 2 0 4 2 0 4 2 0 4 4 3 3 1 1 3 3 1 4
0 53 2 3 2 0 0 0 0 0 2 3 2 0 2 3 0 0 0 0 2 3 2 0 0 0 0 0 2 3 0 0 0 3 3 1 1 0 4 3 3 1 3 3 1 1 3 3 1 3 3 1 1 0 4
0 19 1 0 2 0 4 2 0 4 2 0 4 4 3 3 1 1 3 3 1
0 59 2 3 0 0 2 3 0 0 0 1 4 3 3 1 1 3 0 4 3 3 1 4 3 3 1 3 3 1 3 3 1 2 1 2 0 0 1 0 4 3 3 1 1 0 4 3 3 1 1 3 0 4 2 1 2 4 3 3 1
0 11 0 1 0 0 2 1 2 3 1 4 4
0 33 1 0 2 0 4 2 0 4 2 0 4 4 3 3 1 1 3 3 1 4 1 4 0 0 0 0 0 0 4 0 0 0 4
0 15 4 2 4 2 4 1 1 1 4 1 1 1 4 2 4
0 17 4 2 1 1 0 2 0 4 2 0 4 2 0 4 2 4 4
0 15 1 3 0 4 0 2 2 0 4 2 0 4 2 0 4
0 5 1 3 0 4 0
0 4 4 1 0 4
0 44 1 0 4 1 0 4 0 2 2 0 4 2 0 4 2 0 4 2 0 4 2 0 4 1 0 4 1 3 0 4 3 3 1 2 1 1 0 2 2 0 4 2 0 4
0 20 1 0 4 3 3 1 1 3 0 4 3 3 1 4 2 1 1 3 0 4
0 39 2 4 2 0 0 1 4 2 3 0 0 0 0 0 1 2 1 4 2 1 1 0 4 3 3 1 3 3 1 3 3 1 3 3 1 0 2 0 4
0 12 3 3 1 3 3 1 1 0 4 4 0 0
0 22 3 3 1 2 4 3 3 1 2 4 3 3 1 2 4 1 0 4 0 2 0 4
0 30 2 1 2 1 4 2 1 2 3 3 1 3 3 1 1 3 0 4 4 1 3 0 4 2 1 1 0 2 0 4
0 30 3 3 1 2 4 4 1 1 4 4 4 2 1 4 2 1 2 1 0 4 1 0 4 3 3 1 1 1 3 0
0 43 3 3 1 2 4 4 1 1 4 4 4 2 1 4 2 1 2 1 0 4 1 0 4 3 3 1 1 1 3 0 4 3 3 1 3 3 1 1 3 3 1 3 3
0 18 1 3 0 4 0 2 2 0 4 2 0 4 2 0 4 2 0 4
0 47 3 3 1 2 4 4 1 1 4 4 4 2 1 4 2 1 2 1 0 4 1 0 4 3 3 1 1 1 3 0 4 3 3 1 3 3 1 1 3 3 1 3 3 1 3 3 1
0 56 1 0 4 1 0 4 0 2 2 0 4 2 0 4 2 0 4 2 0 4 2 0 4 1 0 4 1 3 0 4 3 3 1 2 1 1 0 2 2 0 4 2 0 4 2 0 4 2 0 4 3 3 1 1 0 4
0 13 1 3 0 4 3 3 1 4 0 0 0 0 4
0 20 3 3 1 4 0 0 0 0 4 0 4 4 0 0 0 0 1 4 0 0
0 32 2 4 2 0 0 1 4 2 3 0 0 0 0 0 1 2 1 4 2 1 1 0 4 3 3 1 3 3 1 3 3 1
0 21 1 4 2 3 2 0 1 4 1 0 4 4 0 2 0 4 2 2 2 4 0
0 55 1 0 4 1 0 4 0 2 2 0 4 2 0 4 2 0 4 2 0 4 2 0 4 1 0 4 1 3 0 4 3 3 1 2 1 1 0 2 2 0 4 2 0 4 2 0 4 2 0 4 3 3 1 1 0
0 9 1 0 4 3 3 1 1 3 0
0 11 1 4 2 3 2 0 1 4 1 0 4
0 14 2 4 4 0 0 0 2 4 0 0 0 0 4 4
0 38 1 3 0 4 3 3 1 4 0 0 0 0 4 4 0 0 0 2 4 0 0 2 4 0 2 2 1 1 3 3 1 1 3 0 4 1 0 4
0 23 2 1 2 1 4 2 1 2 3 3 1 3 3 1 1 3 0 4 4 1 3 0 4
0 38 3 3 1 4 0 0 0 0 4 0 4 4 0 0 0 0 1 4 0 0 0 2 4 0 0 0 0 4 0 4 0 1 4 0 0 0 0 0
0 5 2 3 2 1 0
0 31 2 3 0 0 2 3 0 0 0 1 4 3 3 1 1 3 0 4 3 3 1 4 3 3 1 3 3 1 3 3 1
0 50 2 3 0 0 2 3 0 0 0 1 4 3 3 1 1 3 0 4 3 3 1 4 3 3 1 3 3 1 3 3 1 2 1 2 0 0 1 0 4 3 3 1 1 0 4 3 3 1 1 3
0 51 2 3 0 0 2 3 0 0 0 1 4 3 3 1 1 3 0 4 3 3 1 4 3 3 1 3 3 1 3 3 1 2 1 2 0 0 1 0 4 3 3 1 1 0 4 3 3 1 1 3 0
0 44 2 1 0 4 1 3 0 4 2 4 1 3 0 4 3 3 1 3 3 1 1 0 2 0 4 2 0 4 2 0 4 3 3 1 4 4 2 4 4 4 0 0 4 0
0 52 3 3 1 2 4 3 3 1 2 4 3 3 1 2 4 1 0 4 0 2 0 4 2 0 4 2 0 4 2 0 4 2 0 4 3 3 1 0 2 0 4 2 0 4 2 0 4 2 0 4 2 0
0 50 1 0 4 1 0 4 0 2 2 0 4 2 0 4 2 0 4 2 0 4 2 0 4 1 0 4 1 3 0 4 3 3 1 2 1 1 0 2 2 0 4 2 0 4 2 0 4 2 0 4
0 8 1 0 2 0 4 2 0 4
0 41 2 3 2 0 0 0 0 0 2 3 2 0 2 3 0 0 0 0 2 3 2 0 0 0 0 0 2 3 0 0 0 3 3 1 1 0 4 3 3 1 3
0 14 2 1 2 1 4 2 1 2 3 3 1 3 3 1
0 18 3 3 1 4 0 0 0 0 4 0 4 4 0 0 0 0 1 4
0 26 0 0 2 3 2 0 0 1 2 3 2 0 0 0 3 3 1 1 0 4 1 0 4 3 3 1
0 17 4 2 1 0 3 3 1 3 3 1 1 0 4 2 4 1 3
0 16 2 4 4 0 0 0 2 4 0 0 0 0 4 4 2 3
0 29 3 3 1 2 4 3 3 1 1 3 0 4 1 0 4 3 3 1 3 3 1 3 3 1 4 4 2 1 3
0 76 2 1 2 3 2 0 2 3 2 0 0 0 2 3 2 0 0 0 0 3 3 1 2 1 2 4 0 2 2 0 4 3 3 1 3 3 1 4 0 0 0 0 1 4 0 4 4 0 0 0 0 0 2 4 0 0 4 4 0 2 0 4 0 0 0 0 2 2 0 0 3 3 1 3 3 1
0 7 2 3 4 3 3 1 3
0 30 2 2 3 2 0 0 0 2 3 2 0 2 0 1 3 0 4 3 3 1 3 3 1 2 4 3 3 1 1 0
0 33 2 1 0 4 1 3 0 4 2 4 1 3 0 4 3 3 1 3 3 1 1 0 2 0 4 2 0 4 2 0 4 3 3
0 70 3 3 1 2 4 4 1 1 4 4 4 2 1 4 2 1 2 1 0 4 1 0 4 3 3 1 1 1 3 0 4 3 3 1 3 3 1 1 3 3 1 3 3 1 3 3 1 3 3 1 4 0 0 0 0 0 4 4 0 0 0 4 0 0 0 0 2 4 2 4
0 14 3 3 1 3 3 1 1 0 4 4 0 0 2 4
0 36 4 2 1 1 0 2 0 4 2 0 4 2 0 4 2 4 4 0 1 3 3 1 3 3 1 0 2 2 0 4 2 0 4 2 0 4
0 28 2 3 2 0 2 3 2 0 0 0 0 2 3 2 0 0 0 0 0 2 3 2 0 0 0 2 0 4
0 70 4 4 2 1 1 0 4 1 3 0 4 1 0 4 1 1 0 4 1 3 0 4 3 3 1 4 4 3 3 1 1 3 0 4 3 3 1 4 0 0 4 2 0 2 2 4 0 0 4 4 0 0 4 1 4 4 2 4 1 3 0 4 1 0 4 3 3 1 3 3
0 66 3 3 1 2 4 4 1 1 4 4 4 2 1 4 2 1 2 1 0 4 1 0 4 3 3 1 1 1 3 0 4 3 3 1 3 3 1 1 3 3 1 3 3 1 3 3 1 3 3 1 4 0 0 0 0 0 4 4 0 0 0 4 0 0 0 0
0 52 1 0 4 1 0 4 0 2 2 0 4 2 0 4 2 0 4 2 0 4 2 0 4 1 0 4 1 3 0 4 3 3 1 2 1 1 0 2 2 0 4 2 0 4 2 0 4 2 0 4 3 3
0 20 1 4 2 3 2 0 1 4 1 0 4 4 0 2 0 4 2 2 2 4
0 10 3 3 1 3 3 1 4 3 3 1
0 21 2 3 0 0 2 3 0 0 0 1 4 3 3 1 1 3 0 4 3 3 1
0 34 1 0 4 3 3 1 3 3 1 3 3 1 3 3 1 4 2 1 4 2 2 2 1 2 1 1 3 0 4 3 3 1 1 3
0 40 2 3 0 0 2 3 0 0 0 1 4 3 3 1 1 3 0 4 3 3 1 4 3 3 1 3 3 1 3 3 1 2 1 2 0 0 1 0 4 3
0 43 3 3 1 2 4 3 3 1 2 4 3 3 1 2 4 1 0 4 0 2 0 4 2 0 4 2 0 4 2 0 4 2 0 4 3 3 1 0 2 0 4 2 0
0 13 4 2 4 2 4 2 4 2 4 1 4 1 4
0 34 3 3 1 4 0 0 0 0 4 0 4 4 0 0 0 0 1 4 0 0 0 2 4 0 0 0 0 4 0 4 0 1 4 0
0 36 0 0 2 3 2 0 0 1 2 3 2 0 0 0 3 3 1 1 0 4 1 0 4 3 3 1 3 3 1 2 1 2 1 3 3 1
0 37 1 0 4 1 0 4 0 2 2 0 4 2 0 4 2 0 4 2 0 4 2 0 4 1 0 4 1 3 0 4 3 3 1 2 1 1 0
0 10 4 2 1 0 3 3 1 3 3 1
0 26 2 3 0 0 2 3 0 0 0 1 4 3 3 1 1 3 0 4 3 3 1 4 3 3 1 3
0 14 2 3 4 3 3 1 3 3 1 1 4 4 3 3
0 55 3 3 1 2 4 3 3 1 2 4 3 3 1 2 4 1 0 4 0 2 0 4 2 0 4 2 0 4 2 0 4 2 0 4 3 3 1 0 2 0 4 2 0 4 2 0 4 2 0 4 2 0 4 2 4
0 30 3 3 1 4 0 0 0 0 4 0 4 4 0 0 0 0 1 4 0 0 0 2 4 0 0 0 0 4 0 4
0 9 1 1 4 1 4 1 4 2 4
0 25 1 0 2 0 4 2 0 4 2 0 4 4 3 3 1 1 3 3 1 4 1 4 0 0 0
0 53 2 1 0 4 1 3 0 4 2 4 1 3 0 4 3 3 1 3 3 1 1 0 2 0 4 2 0 4 2 0 4 3 3 1 4 4 2 4 4 4 0 0 4 0 0 0 4 0 0 0 0 3 3
0 31 1 4 2 3 2 0 1 4 1 0 4 4 0 2 0 4 2 2 2 4 0 1 3 3 1 1 0 4 3 3 1
0 51 2 1 2 3 2 0 2 3 2 0 0 0 2 3 2 0 0 0 0 3 3 1 2 1 2 4 0 2 2 0 4 3 3 1 3 3 1 4 0 0 0 0 1 4 0 4 4 0 0 0 0
0 14 4 4 2 1 1 0 4 1 3 0 4 1 0 4
0 8 3 3 1 2 4 3 3 1
0 5 4 2 4 2 4
0 41 3 3 1 2 4 3 3 1 2 4 3 3 1 2 4 1 0 4 0 2 0 4 2 0 4 2 0 4 2 0 4 2 0 4 3 3 1 0 2 0 4
0 35 4 4 2 1 1 0 4 1 3 0 4 1 0 4 1 1 0 4 1 3 0 4 3 3 1 4 4 3 3 1 1 3 0 4 3
0 17 4 1 4 1 1 1 1 1 1 1 4 2 4 2 4 1 4
0 22 2 1 2 1 4 2 1 2 3 3 1 3 3 1 1 3 0 4 4 1 3 0
0 6 1 3 0 4 3 3
0 19 2 1 1 0 4 4 2 1 2 2 4 1 3 0 4 1 3 0 4
0 5 2 1 1 0 4
0 34 0 0 2 3 2 0 0 1 2 3 2 0 0 0 3 3 1 1 0 4 1 0 4 3 3 1 3 3 1 2 1 2 1 3
0 6 3 3 1 2 4 4
0 45 2 4 2 0 0 1 4 2 3 0 0 0 0 0 1 2 1 4 2 1 1 0 4 3 3 1 3 3 1 3 3 1 3 3 1 0 2 0 4 2 0 4 2 0 4
0 18 2 3 0 0 2 3 0 0 0 1 4 3 3 1 1 3 0 4
0 6 1 0 4 1 0 4
0 44 2 3 0 0 0 0 0 4 4 4 1 2 1 2 2 1 1 4 2 3 0 3 3 1 3 3 1 1 3 0 4 1 3 0 4 1 0 4 1 3 0 4 3 3
0 55 4 4 2 1 1 0 4 1 3 0 4 1 0 4 1 1 0 4 1 3 0 4 3 3 1 4 4 3 3 1 1 3 0 4 3 3 1 4 0 0 4 2 0 2 2 4 0 0 4 4 0 0 4 1 4
0 19 1 3 0 4 3 3 1 4 0 0 0 0 4 4 0 0 0 2 4
0 18 2 2 3 2 0 0 0 2 3 2 0 2 0 1 3 0 4 3
0 28 2 4 2 0 0 1 4 2 3 0 0 0 0 0 1 2 1 4 2 1 1 0 4 3 3 1 3 3
0 16 3 3 1 4 0 0 0 0 4 0 4 4 0 0 0 0
0 52 4 4 2 1 1 0 4 1 3 0 4 1 0 4 1 1 0 4 1 3 0 4 3 3 1 4 4 3 3 1 1 3 0 4 3 3 1 4 0 0 4 2 0 2 2 4 0 0 4 4 0 0
0 23 4 4 2 4 0 0 0 0 2 4 1 4 0 0 0 0 2 4 1 3 0 4 3
0 17 2 1 2 1 4 2 1 2 3 3 1 3 3 1 1 3 0
0 27 2 3 0 0 0 0 0 4 4 4 1 2 1 2 2 1 1 4 2 3 0 3 3 1 3 3 1
0 16 1 4 2 3 2 0 1 4 1 0 4 4 0 2 0 4
0 20 3 3 1 2 4 3 3 1 1 3 0 4 1 0 4 3 3 1 3 3
0 52 3 3 1 2 4 4 1 1 4 4 4 2 1 4 2 1 2 1 0 4 1 0 4 3 3 1 1 1 3 0 4 3 3 1 3 3 1 1 3 3 1 3 3 1 3 3 1 3 3 1 4 0
0 31 2 1 2 3 2 0 2 3 2 0 0 0 2 3 2 0 0 0 0 3 3 1 2 1 2 4 0 2 2 0 4
0 35 2 1 2 1 4 2 1 2 3 3 1 3 3 1 1 3 0 4 4 1 3 0 4 2 1 1 0 2 0 4 2 0 4 2 4
0 63 3 3 1 2 4 4 1 1 4 4 4 2 1 4 2 1 2 1 0 4 1 0 4 3 3 1 1 1 3 0 4 3 3 1 3 3 1 1 3 3 1 3 3 1 3 3 1 3 3 1 4 0 0 0 0 0 4 4 0 0 0 4 0
0 50 2 3 2 0 0 0 0 0 2 3 2 0 2 3 0 0 0 0 2 3 2 0 0 0 0 0 2 3 0 0 0 3 3 1 1 0 4 3 3 1 3 3 1 1 3 3 1 3 3 1
0 28 1 0 4 3 3 1 1 3 0 4 3 3 1 4 2 1 1 3 0 4 3 3 1 3 3 1 3 3
0 27 1 3 0 4 0 2 2 0 4 2 0 4 2 0 4 2 0 4 3 3 1 1 3 0 4 2 4
0 20 2 3 0 0 2 3 0 0 0 1 4 3 3 1 1 3 0 4 3 3
0 1 3
0 24 3 3 1 2 4 4 1 1 4 4 4 2 1 4 2 1 2 1 0 4 1 0 4 3
0 26 3 3 1 4 0 0 0 0 4 0 4 4 0 0 0 0 1 4 0 0 0 2 4 0 0 0
0 40 1 0 4 3 3 1 1 3 0 4 3 3 1 4 2 1 1 3 0 4 3 3 1 3 3 1 3 3 1 4 1 2 1 2 4 3 3 1 3 3
0 25 1 4 2 3 0 0 1 4 2 1 2 0 1 4 0 1 2 0 3 3 1 4 0 0 4
0 24 3 3 1 4 0 0 0 0 4 0 4 4 0 0 0 0 1 4 0 0 0 2 4 0
0 27 1 4 2 3 2 0 1 4 1 0 4 4 0 2 0 4 2 2 2 4 0 1 3 3 1 1 0
0 59 3 3 1 2 4 3 3 1 2 4 3 3 1 2 4 1 0 4 0 2 0 4 2 0 4 2 0 4 2 0 4 2 0 4 3 3 1 0 2 0 4 2 0 4 2 0 4 2 0 4 2 0 4 2 4 1 3 0 4
0 17 2 1 1 0 4 4 2 1 2 2 4 1 3 0 4 1 3
0 58 3 3 1 2 4 4 1 1 4 4 4 2 1 4 2 1 2 1 0 4 1 0 4 3 3 1 1 1 3 0 4 3 3 1 3 3 1 1 3 3 1 3 3 1 3 3 1 3 3 1 4 0 0 0 0 0 4 4
0 25 2 3 0 0 2 3 0 0 0 1 4 3 3 1 1 3 0 4 3 3 1 4 3 3 1
0 10 1 0 4 3 3 1 1 3 0 4
0 41 4 4 2 1 1 0 4 1 3 0 4 1 0 4 1 1 0 4 1 3 0 4 3 3 1 4 4 3 3 1 1 3 0 4 3 3 1 4 0 0 4
0 11 3 3 1 3 3 1 1 0 4 1 3
0 33 2 1 2 1 4 2 1 2 3 3 1 3 3 1 1 3 0 4 4 1 3 0 4 2 1 1 0 2 0 4 2 0 4
0 17 1 3 0 4 3 3 1 4 0 0 0 0 4 4 0 0 0
0 8 1 0 4 3 3 1 3 3
0 43 1 0 4 3 3 1 1 3 0 4 3 3 1 4 2 1 1 3 0 4 3 3 1 3 3 1 3 3 1 4 1 2 1 2 4 3 3 1 3 3 1 3 3
0 33 4 4 2 1 1 0 4 1 3 0 4 1 0 4 1 1 0 4 1 3 0 4 3 3 1 4 4 3 3 1 1 3 0
0 13 0 0 2 3 3 3 1 3 3 1 1 0 4
0 27 1 0 4 3 3 1 3 3 1 3 3 1 3 3 1 4 2 1 4 2 2 2 1 2 1 1 3
0 43 2 1 0 4 1 3 0 4 2 4 1 3 0 4 3 3 1 3 3 1 1 0 2 0 4 2 0 4 2 0 4 3 3 1 4 4 2 4 4 4 0 0 4
0 19 1 3 0 4 0 2 2 0 4 2 0 4 2 0 4 2 0 4 3
0 55 2 4 2 0 0 1 4 2 3 0 0 0 0 0 1 2 1 4 2 1 1 0 4 3 3 1 3 3 1 3 3 1 3 3 1 0 2 0 4 2 0 4 2 0 4 2 4 1 3 0 4 3 3 1 3
0 78 3 3 1 4 0 0 0 0 4 0 4 4 0 0 0 0 1 4 0 0 0 2 4 0 0 0 0 4 0 4 0 1 4 0 0 0 0 0 0 0 0 2 2 0 4 2 0 4 1 0 4 3 3 1 3 3 1 3 3 1 1 3 3 1 3 3 1 3 3 1 1 0 4 1 0 4 3 3
0 10 2 1 2 1 4 2 1 2 3 3
0 38 1 0 4 3 3 1 3 3 1 3 3 1 3 3 1 4 2 1 4 2 2 2 1 2 1 1 3 0 4 3 3 1 1 3 0 4 2 4
0 34 1 3 0 4 3 3 1 4 0 0 0 0 4 4 0 0 0 2 4 0 0 2 4 0 2 2 1 1 3 3 1 1 3 0
0 45 2 3 2 0 0 0 0 0 2 3 2 0 2 3 0 0 0 0 2 3 2 0 0 0 0 0 2 3 0 0 0 3 3 1 1 0 4 3 3 1 3 3 1 1 3
0 69 4 4 2 1 1 0 4 1 3 0 4 1 0 4 1 1 0 4 1 3 0 4 3 3 1 4 4 3 3 1 1 3 0 4 3 3 1 4 0 0 4 2 0 2 2 4 0 0 4 4 0 0 4 1 4 4 2 4 1 3 0 4 1 0 4 3 3 1 3
0 36 3 3 1 2 4 3 3 1 1 3 0 4 1 0 4 3 3 1 3 3 1 3 3 1 4 4 2 1 3 3 1 1 0 4 3 3
0 30 1 0 4 3 3 1 3 3 1 3 3 1 3 3 1 4 2 1 4 2 2 2 1 2 1 1 3 0 4 3
0 46 2 1 0 4 1 3 0 4 2 4 1 3 0 4 3 3 1 3 3 1 1 0 2 0 4 2 0 4 2 0 4 3 3 1 4 4 2 4 4 4 0 0 4 0 0 0
0 34 2 3 2 0 0 0 0 0 2 3 2 0 2 3 0 0 0 0 2 3 2 0 0 0 0 0 2 3 0 0 0 3 3 1
0 32 4 2 1 1 0 2 0 4 2 0 4 2 0 4 2 4 4 0 1 3 3 1 3 3 1 0 2 2 0 4 2 0
0 61 3 3 1 2 4 4 1 1 4 4 4 2 1 4 2 1 2 1 0 4 1 0 4 3 3 1 1 1 3 0 4 3 3 1 3 3 1 1 3 3 1 3 3 1 3 3 1 3 3 1 4 0 0 0 0 0 4 4 0 0 0
0 34 4 4 2 4 0 0 0 0 2 4 1 4 0 0 0 0 2 4 1 3 0 4 3 3 1 3 3 1 2 1 2 4 2 4
0 39 1 0 4 3 3 1 3 3 1 3 3 1 3 3 1 4 2 1 4 2 2 2 1 2 1 1 3 0 4 3 3 1 1 3 0 4 2 4 3
0 44 2 3 0 0 2 3 0 0 0 1 4 3 3 1 1 3 0 4 3 3 1 4 3 3 1 3 3 1 3 3 1 2 1 2 0 0 1 0 4 3 3 1 1 0
0 14 1 3 0 4 0 2 2 0 4 2 0 4 2 0
0 5 2 4 4 0 0
0 15 3 3 1 3 3 1 1 0 4 1 3 0 4 3 3
0 26 4 2 1 1 0 2 0 4 2 0 4 2 0 4 2 4 4 0 1 3 3 1 3 3 1 0
0 23 2 3 2 0 0 0 0 2 3 2 0 0 0 1 3 0 4 3 3 1 3 3 1
0 7 4 2 1 0 3 3 1
0 68 4 4 2 1 1 0 4 1 3 0 4 1 0 4 1 1 0 4 1 3 0 4 3 3 1 4 4 3 3 1 1 3 0 4 3 3 1 4 0 0 4 2 0 2 2 4 0 0 4 4 0 0 4 1 4 4 2 4 1 3 0 4 1 0 4 3 3 1
0 39 4 4 2 4 0 0 0 0 2 4 1 4 0 0 0 0 2 4 1 3 0 4 3 3 1 3 3 1 2 1 2 4 2 4 3 3 1 1 0
0 12 1 0 4 3 3 1 1 3 0 4 3 3
0 30 2 1 0 4 1 3 0 4 2 4 1 3 0 4 3 3 1 3 3 1 1 0 2 0 4 2 0 4 2 0
0 45 2 1 2 3 2 0 2 3 2 0 0 0 2 3 2 0 0 0 0 3 3 1 2 1 2 4 0 2 2 0 4 3 3 1 3 3 1 4 0 0 0 0 1 4 0
0 28 1 0 4 1 0 4 0 2 2 0 4 2 0 4 2 0 4 2 0 4 2 0 4 1 0 4 1 3
0 61 2 1 2 3 2 0 2 3 2 0 0 0 2 3 2 0 0 0 0 3 3 1 2 1 2 4 0 2 2 0 4 3 3 1 3 3 1 4 0 0 0 0 1 4 0 4 4 0 0 0 0 0 2 4 0 0 4 4 0 2 0
0 27 0 1 0 0 2 1 2 3 1 4 4 1 2 3 0 0 0 0 2 3 2 0 0 0 1 4 0
0 17 1 0 2 0 4 2 0 4 2 0 4 4 3 3 1 1 3
0 35 2 1 0 4 1 3 0 4 2 4 1 3 0 4 3 3 1 3 3 1 1 0 2 0 4 2 0 4 2 0 4 3 3 1 4
0 12 3 3 1 3 3 1 1 0 4 1 3 0
0 30 2 3 0 0 0 0 0 4 4 4 1 2 1 2 2 1 1 4 2 3 0 3 3 1 3 3 1 1 3 0
0 22 2 3 2 0 0 0 0 2 3 2 0 0 0 1 3 0 4 3 3 1 3 3
0 25 1 3 0 4 0 2 2 0 4 2 0 4 2 0 4 2 0 4 3 3 1 1 3 0 4
0 44 2 4 2 0 0 1 4 2 3 0 0 0 0 0 1 2 1 4 2 1 1 0 4 3 3 1 3 3 1 3 3 1 3 3 1 0 2 0 4 2 0 4 2 0
0 29 2 4 2 0 0 1 4 2 3 0 0 0 0 0 1 2 1 4 2 1 1 0 4 3 3 1 3 3 1
0 17 3 3 1 2 4 3 3 1 2 4 3 3 1 2 4 1 0
0 39 3 3 1 4 0 0 0 0 4 0 4 4 0 0 0 0 1 4 0 0 0 2 4 0 0 0 0 4 0 4 0 1 4 0 0 0 0 0 0
0 74 2 1 2 3 2 0 2 3 2 0 0 0 2 3 2 0 0 0 0 3 3 1 2 1 2 4 0 2 2 0 4 3 3 1 3 3 1 4 0 0 0 0 1 4 0 4 4 0 0 0 0 0 2 4 0 0 4 4 0 2 0 4 0 0 0 0 2 2 0 0 3 3 1 3
0 65 3 3 1 4 0 0 0 0 4 0 4 4 0 0 0 0 1 4 0 0 0 2 4 0 0 0 0 4 0 4 0 1 4 0 0 0 0 0 0 0 0 2 2 0 4 2 0 4 1 0 4 3 3 1 3 3 1 3 3 1 1 3 3 1 3
0 22 4 2 1 0 3 3 1 3 3 1 1 0 4 2 4 1 3 0 4 1 3 3
0 14 4 2 1 1 0 2 0 4 2 0 4 2 0 4
0 3 3 3 1
0 34 1 0 2 0 4 2 0 4 2 0 4 4 3 3 1 1 3 3 1 4 1 4 0 0 0 0 0 0 4 0 0 0 4 0
0 22 1 4 2 3 0 0 1 4 2 1 2 0 1 4 0 1 2 0 3 3 1 4
0 21 1 4 2 3 0 0 1 4 2 1 2 0 1 4 0 1 2 0 3 3 1
0 10 1 3 0 4 3 3 1 4 0 0
0 11 1 0 2 0 4 2 0 4 2 0 4
0 21 2 1 2 1 4 2 1 2 3 3 1 3 3 1 1 3 0 4 4 1 3
0 31 2 4 2 0 0 1 4 2 3 0 0 0 0 0 1 2 1 4 2 1 1 0 4 3 3 1 3 3 1 3 3
0 21 3 3 1 2 4 3 3 1 1 3 0 4 1 0 4 3 3 1 3 3 1
0 38 1 0 4 3 3 1 1 3 0 4 3 3 1 4 2 1 1 3 0 4 3 3 1 3 3 1 3 3 1 4 1 2 1 2 4 3 3 1
0 11 2 3 4 3 3 1 3 3 1 1 4
0 27 1 0 4 3 3 1 1 3 0 4 3 3 1 4 2 1 1 3 0 4 3 3 1 3 3 1 3
0 15 1 4 2 3 2 0 0 0 0 0 2 4 4 3 3
0 24 2 4 2 0 0 1 4 2 3 0 0 0 0 0 1 2 1 4 2 1 1 0 4 3
0 36 2 1 0 4 1 3 0 4 2 4 1 3 0 4 3 3 1 3 3 1 1 0 2 0 4 2 0 4 2 0 4 3 3 1 4 4
0 28 2 1 0 4 1 3 0 4 2 4 1 3 0 4 3 3 1 3 3 1 1 0 2 0 4 2 0 4
0 21 4 4 2 1 1 0 4 1 3 0 4 1 0 4 1 1 0 4 1 3 0
0 50 4 4 2 1 1 0 4 1 3 0 4 1 0 4 1 1 0 4 1 3 0 4 3 3 1 4 4 3 3 1 1 3 0 4 3 3 1 4 0 0 4 2 0 2 2 4 0 0 4 4
0 68 3 3 1 2 4 4 1 1 4 4 4 2 1 4 2 1 2 1 0 4 1 0 4 3 3 1 1 1 3 0 4 3 3 1 3 3 1 1 3 3 1 3 3 1 3 3 1 3 3 1 4 0 0 0 0 0 4 4 0 0 0 4 0 0 0 0 2 4
0 12 2 1 2 1 4 2 1 2 3 3 1 3
0 5 1 0 4 1 0
0 23 1 4 2 3 2 0 1 4 1 0 4 4 0 2 0 4 2 2 2 4 0 1 3
0 10 0 0 2 3 3 3 1 3 3 1
0 16 3 3 1 3 3 1 1 0 4 4 0 0 2 4 0 0
0 40 3 3 1 4 0 0 0 0 4 0 4 4 0 0 0 0 1 4 0 0 0 2 4 0 0 0 0 4 0 4 0 1 4 0 0 0 0 0 0 0
0 41 2 4 2 0 0 1 4 2 3 0 0 0 0 0 1 2 1 4 2 1 1 0 4 3 3 1 3 3 1 3 3 1 3 3 1 0 2 0 4 2 0
0 11 2 1 2 1 4 2 1 2 3 3 1
0 14 3 3 1 4 0 0 0 0 4 0 4 4 0 0
0 29 3 3 1 4 0 0 0 0 4 0 4 4 0 0 0 0 1 4 0 0 0 2 4 0 0 0 0 4 0
0 12 1 4 2 3 2 0 0 0 0 0 2 4
0 35 1 3 0 4 0 2 2 0 4 2 0 4 2 0 4 2 0 4 3 3 1 1 3 0 4 2 4 4 2 1 2 1 3 3 1
0 23 1 0 4 1 0 4 0 2 2 0 4 2 0 4 2 0 4 2 0 4 2 0 4
0 52 2 3 2 0 0 0 0 0 2 3 2 0 2 3 0 0 0 0 2 3 2 0 0 0 0 0 2 3 0 0 0 3 3 1 1 0 4 3 3 1 3 3 1 1 3 3 1 3 3 1 1 0
0 65 3 3 1 2 4 4 1 1 4 4 4 2 1 4 2 1 2 1 0 4 1 0 4 3 3 1 1 1 3 0 4 3 3 1 3 3 1 1 3 3 1 3 3 1 3 3 1 3 3 1 4 0 0 0 0 0 4 4 0 0 0 4 0 0 0
0 37 2 1 2 3 2 0 2 3 2 0 0 0 2 3 2 0 0 0 0 3 3 1 2 1 2 4 0 2 2 0 4 3 3 1 3 3 1
0 38 2 1 0 4 1 3 0 4 2 4 1 3 0 4 3 3 1 3 3 1 1 0 2 0 4 2 0 4 2 0 4 3 3 1 4 4 2 4
0 4 2 1 1 0
0 24 2 3 0 0 2 3 0 0 0 1 4 3 3 1 1 3 0 4 3 3 1 4 3 3
0 27 4 4 2 1 1 0 4 1 3 0 4 1 0 4 1 1 0 4 1 3 0 4 3 3 1 4 4
0 9 3 3 1 4 0 0 0 0 4
0 25 2 3 0 0 0 0 0 4 4 4 1 2 1 2 2 1 1 4 2 3 0 3 3 1 3
0 35 4 4 2 4 0 0 0 0 2 4 1 4 0 0 0 0 2 4 1 3 0 4 3 3 1 3 3 1 2 1 2 4 2 4 3
0 33 2 4 2 0 0 1 4 2 3 0 0 0 0 0 1 2 1 4 2 1 1 0 4 3 3 1 3 3 1 3 3 1 3
0 28 4 4 2 1 1 0 4 1 3 0 4 1 0 4 1 1 0 4 1 3 0 4 3 3 1 4 4 3
0 14 1 3 0 4 3 3 1 4 0 0 0 0 4 4
0 56 4 4 2 1 1 0 4 1 3 0 4 1 0 4 1 1 0 4 1 3 0 4 3 3 1 4 4 3 3 1 1 3 0 4 3 3 1 4 0 0 4 2 0 2 2 4 0 0 4 4 0 0 4 1 4 4
0 11 3 3 1 4 0 0 0 0 4 0 4
0 37 2 3 0 0 0 0 0 4 4 4 1 2 1 2 2 1 1 4 2 3 0 3 3 1 3 3 1 1 3 0 4 1 3 0 4 1 0
0 59 2 4 2 0 0 1 4 2 3 0 0 0 0 0 1 2 1 4 2 1 1 0 4 3 3 1 3 3 1 3 3 1 3 3 1 0 2 0 4 2 0 4 2 0 4 2 4 1 3 0 4 3 3 1 3 3 1 1 3
0 21 4 2 4 1 1 1 4 1 1 1 1 1 1 1 1 1 1 1 4 2 4
0 19 2 2 3 2 0 0 0 2 3 2 0 2 0 1 3 0 4 3 3
0 41 2 3 0 0 0 0 0 4 4 4 1 2 1 2 2 1 1 4 2 3 0 3 3 1 3 3 1 1 3 0 4 1 3 0 4 1 0 4 1 3 0
0 24 2 4 4 0 0 0 2 4 0 0 0 0 4 4 2 3 3 1 3 3 1 2 1 3
0 15 4 2 1 0 3 3 1 3 3 1 1 0 4 2 4
0 8 3 3 1 3 3 1 4 3
0 27 2 2 3 2 0 0 0 2 3 2 0 2 0 1 3 0 4 3 3 1 3 3 1 2 4 3 3
0 66 2 3 0 0 2 3 0 0 0 1 4 3 3 1 1 3 0 4 3 3 1 4 3 3 1 3 3 1 3 3 1 2 1 2 0 0 1 0 4 3 3 1 1 0 4 3 3 1 1 3 0 4 2 1 2 4 3 3 1 3 3 1 1 0 4 3
0 53 1 0 4 1 0 4 0 2 2 0 4 2 0 4 2 0 4 2 0 4 2 0 4 1 0 4 1 3 0 4 3 3 1 2 1 1 0 2 2 0 4 2 0 4 2 0 4 2 0 4 3 3 1
0 5 4 2 1 1 0
0 48 4 4 2 1 1 0 4 1 3 0 4 1 0 4 1 1 0 4 1 3 0 4 3 3 1 4 4 3 3 1 1 3 0 4 3 3 1 4 0 0 4 2 0 2 2 4 0 0
0 25 2 1 0 4 1 3 0 4 2 4 1 3 0 4 3 3 1 3 3 1 1 0 2 0 4
0 57 2 1 0 4 1 3 0 4 2 4 1 3 0 4 3 3 1 3 3 1 1 0 2 0 4 2 0 4 2 0 4 3 3 1 4 4 2 4 4 4 0 0 4 0 0 0 4 0 0 0 0 3 3 1 1 1 3
0 33 3 3 1 2 4 4 1 1 4 4 4 2 1 4 2 1 2 1 0 4 1 0 4 3 3 1 1 1 3 0 4 3 3
0 29 1 4 2 3 2 0 1 4 1 0 4 4 0 2 0 4 2 2 2 4 0 1 3 3 1 1 0 4 3
0 56 3 3 1 4 0 0 0 0 4 0 4 4 0 0 0 0 1 4 0 0 0 2 4 0 0 0 0 4 0 4 0 1 4 0 0 0 0 0 0 0 0 2 2 0 4 2 0 4 1 0 4 3 3 1 3 3
0 60 2 3 0 0 2 3 0 0 0 1 4 3 3 1 1 3 0 4 3 3 1 4 3 3 1 3 3 1 3 3 1 2 1 2 0 0 1 0 4 3 3 1 1 0 4 3 3 1 1 3 0 4 2 1 2 4 3 3 1 3
0 17 3 3 1 3 3 1 1 0 4 4 0 0 2 4 0 0 4
0 16 2 1 2 1 4 2 1 2 3 3 1 3 3 1 1 3
0 11 2 4 4 0 0 0 2 4 0 0 0
0 3 2 4 4
0 15 4 4 2 4 0 0 0 0 2 4 1 4 0 0 0
0 13 1 0 2 0 4 2 0 4 2 0 4 4 3
0 44 2 1 2 3 2 0 2 3 2 0 0 0 2 3 2 0 0 0 0 3 3 1 2 1 2 4 0 2 2 0 4 3 3 1 3 3 1 4 0 0 0 0 1 4
0 37 4 4 2 4 0 0 0 0 2 4 1 4 0 0 0 0 2 4 1 3 0 4 3 3 1 3 3 1 2 1 2 4 2 4 3 3 1
0 32 2 1 2 1 4 2 1 2 3 3 1 3 3 1 1 3 0 4 4 1 3 0 4 2 1 1 0 2 0 4 2 0
0 19 2 1 2 1 4 2 1 2 3 3 1 3 3 1 1 3 0 4 4
0 5 4 1 4 1 4
0 24 1 0 2 0 4 2 0 4 2 0 4 4 3 3 1 1 3 3 1 4 1 4 0 0
0 7 3 3 1 2 4 3 3
0 20 1 4 2 3 0 0 1 4 2 1 2 0 1 4 0 1 2 0 3 3
0 9 3 3 1 3 3 1 1 0 4
0 42 2 1 0 4 1 3 0 4 2 4 1 3 0 4 3 3 1 3 3 1 1 0 2 0 4 2 0 4 2 0 4 3 3 1 4 4 2 4 4 4 0 0
0 21 2 1 2 3 2 0 2 3 2 0 0 0 2 3 2 0 0 0 0 3 3
0 66 2 4 2 0 0 1 4 2 3 0 0 0 0 0 1 2 1 4 2 1 1 0 4 3 3 1 3 3 1 3 3 1 3 3 1 0 2 0 4 2 0 4 2 0 4 2 4 1 3 0 4 3 3 1 3 3 1 1 3 0 4 2 4 3 3 1
0 18 3 3 1 2 4 3 3 1 1 3 0 4 1 0 4 3 3 1
0 88 3 3 1 2 4 3 3 1 1 3 0 4 1 0 4 3 3 1 3 3 1 3 3 1 4 4 2 1 3 3 1 1 0 4 3 3 1 4 2 2 3 2 0 0 1 4 2 3 0 0 2 3 0 0 2 0 2 3 2 0 0 0 0 0 2 3 2 3 2 0 0 0 0 0 2 3 2 0 0 0 1 2 3 0 0 1 4 4
0 73 2 1 2 3 2 0 2 3 2 0 0 0 2 3 2 0 0 0 0 3 3 1 2 1 2 4 0 2 2 0 4 3 3 1 3 3 1 4 0 0 0 0 1 4 0 4 4 0 0 0 0 0 2 4 0 0 4 4 0 2 0 4 0 0 0 0 2 2 0 0 3 3 1
0 34 3 3 1 2 4 3 3 1 1 3 0 4 1 0 4 3 3 1 3 3 1 3 3 1 4 4 2 1 3 3 1 1 0 4
0 27 2 1 0 4 1 3 0 4 2 4 1 3 0 4 3 3 1 3 3 1 1 0 2 0 4 2 0
0 51 2 1 0 4 1 3 0 4 2 4 1 3 0 4 3 3 1 3 3 1 1 0 2 0 4 2 0 4 2 0 4 3 3 1 4 4 2 4 4 4 0 0 4 0 0 0 4 0 0 0 0
0 6 3 3 1 4 0 0
0 35 1 0 2 0 4 2 0 4 2 0 4 4 3 3 1 1 3 3 1 4 1 4 0 0 0 0 0 0 4 0 0 0 4 0 4
0 40 3 3 1 2 4 4 1 1 4 4 4 2 1 4 2 1 2 1 0 4 1 0 4 3 3 1 1 1 3 0 4 3 3 1 3 3 1 1 3 3
0 68 3 3 1 4 0 0 0 0 4 0 4 4 0 0 0 0 1 4 0 0 0 2 4 0 0 0 0 4 0 4 0 1 4 0 0 0 0 0 0 0 0 2 2 0 4 2 0 4 1 0 4 3 3 1 3 3 1 3 3 1 1 3 3 1 3 3 1 3
0 10 1 0 2 0 4 2 0 4 2 0
0 65 4 4 2 1 1 0 4 1 3 0 4 1 0 4 1 1 0 4 1 3 0 4 3 3 1 4 4 3 3 1 1 3 0 4 3 3 1 4 0 0 4 2 0 2 2 4 0 0 4 4 0 0 4 1 4 4 2 4 1 3 0 4 1 0 4
0 27 4 4 2 4 0 0 0 0 2 4 1 4 0 0 0 0 2 4 1 3 0 4 3 3 1 3 3
0 54 3 3 1 2 4 4 1 1 4 4 4 2 1 4 2 1 2 1 0 4 1 0 4 3 3 1 1 1 3 0 4 3 3 1 3 3 1 1 3 3 1 3 3 1 3 3 1 3 3 1 4 0 0 0
0 31 2 1 0 4 1 3 0 4 2 4 1 3 0 4 3 3 1 3 3 1 1 0 2 0 4 2 0 4 2 0 4
0 24 4 4 2 1 1 0 4 1 3 0 4 1 0 4 1 1 0 4 1 3 0 4 3 3
0 60 4 4 2 1 1 0 4 1 3 0 4 1 0 4 1 1 0 4 1 3 0 4 3 3 1 4 4 3 3 1 1 3 0 4 3 3 1 4 0 0 4 2 0 2 2 4 0 0 4 4 0 0 4 1 4 4 2 4 1 3
0 37 2 3 2 0 0 0 0 0 2 3 2 0 2 3 0 0 0 0 2 3 2 0 0 0 0 0 2 3 0 0 0 3 3 1 1 0 4
0 42 3 3 1 2 4 4 1 1 4 4 4 2 1 4 2 1 2 1 0 4 1 0 4 3 3 1 1 1 3 0 4 3 3 1 3 3 1 1 3 3 1 3
0 4 1 0 2 0
0 40 2 1 2 1 4 2 1 2 3 3 1 3 3 1 1 3 0 4 4 1 3 0 4 2 1 1 0 2 0 4 2 0 4 2 4 3 3 1 3 3
0 28 1 0 2 0 4 2 0 4 2 0 4 4 3 3 1 1 3 3 1 4 1 4 0 0 0 0 0 0
0 12 0 0 2 3 3 3 1 3 3 1 1 0
0 52 2 1 2 3 2 0 2 3 2 0 0 0 2 3 2 0 0 0 0 3 3 1 2 1 2 4 0 2 2 0 4 3 3 1 3 3 1 4 0 0 0 0 1 4 0 4 4 0 0 0 0 0
0 23 3 3 1 2 4 4 1 1 4 4 4 2 1 4 2 1 2 1 0 4 1 0 4
0 51 2 4 2 0 0 1 4 2 3 0 0 0 0 0 1 2 1 4 2 1 1 0 4 3 3 1 3 3 1 3 3 1 3 3 1 0 2 0 4 2 0 4 2 0 4 2 4 1 3 0 4
0 17 2 3 2 0 0 0 0 2 3 2 0 0 0 1 3 0 4
0 31 3 3 1 3 3 1 1 0 4 4 0 0 2 4 0 0 4 0 0 1 2 1 1 2 3 2 1 3 3 1 3
0 22 4 4 2 4 0 0 0 0 2 4 1 4 0 0 0 0 2 4 1 3 0 4
0 47 1 0 4 1 0 4 0 2 2 0 4 2 0 4 2 0 4 2 0 4 2 0 4 1 0 4 1 3 0 4 3 3 1 2 1 1 0 2 2 0 4 2 0 4 2 0 4
0 13 2 1 1 0 4 4 2 1 2 2 4 1 3
0 42 1 0 2 0 4 2 0 4 2 0 4 4 3 3 1 1 3 3 1 4 1 4 0 0 0 0 0 0 4 0 0 0 4 0 4 4 4 4 0 0 0 0
0 29 0 0 2 3 2 0 0 1 2 3 2 0 0 0 3 3 1 1 0 4 1 0 4 3 3 1 3 3 1
0 12 1 0 4 3 3 1 3 3 1 3 3 1
0 12 3 3 1 4 0 0 0 0 4 0 4 4
0 18 4 2 1 1 0 2 0 4 2 0 4 2 0 4 2 4 4 0
0 22 2 1 1 0 4 4 2 1 2 2 4 1 3 0 4 1 3 0 4 4 3 3
0 35 4 2 1 1 0 2 0 4 2 0 4 2 0 4 2 4 4 0 1 3 3 1 3 3 1 0 2 2 0 4 2 0 4 2 0
0 45 3 3 1 4 0 0 0 0 4 0 4 4 0 0 0 0 1 4 0 0 0 2 4 0 0 0 0 4 0 4 0 1 4 0 0 0 0 0 0 0 0 2 2 0 4
0 53 3 3 1 2 4 4 1 1 4 4 4 2 1 4 2 1 2 1 0 4 1 0 4 3 3 1 1 1 3 0 4 3 3 1 3 3 1 1 3 3 1 3 3 1 3 3 1 3 3 1 4 0 0
0 5 1 0 2 0 4
0 9 4 2 4 1 4 1 4 1 4
0 13 3 3 1 3 3 1 1 0 4 1 3 0 4
0 30 1 0 4 3 3 1 1 3 0 4 3 3 1 4 2 1 1 3 0 4 3 3 1 3 3 1 3 3 1 4
0 51 1 0 4 1 0 4 0 2 2 0 4 2 0 4 2 0 4 2 0 4 2 0 4 1 0 4 1 3 0 4 3 3 1 2 1 1 0 2 2 0 4 2 0 4 2 0 4 2 0 4 3
0 26 2 4 4 0 0 0 2 4 0 0 0 0 4 4 2 3 3 1 3 3 1 2 1 3 3 1
0 18 2 3 2 0 0 0 0 2 3 2 0 0 0 1 3 0 4 3
0 39 0 0 2 3 2 0 0 1 2 3 2 0 0 0 3 3 1 1 0 4 1 0 4 3 3 1 3 3 1 2 1 2 1 3 3 1 3 3 1
0 3 1 0 4
0 25 3 3 1 2 4 4 1 1 4 4 4 2 1 4 2 1 2 1 0 4 1 0 4 3 3
0 23 1 3 0 4 0 2 2 0 4 2 0 4 2 0 4 2 0 4 3 3 1 1 3
0 59 3 3 1 2 4 4 1 1 4 4 4 2 1 4 2 1 2 1 0 4 1 0 4 3 3 1 1 1 3 0 4 3 3 1 3 3 1 1 3 3 1 3 3 1 3 3 1 3 3 1 4 0 0 0 0 0 4 4 0
0 49 3 3 1 2 4 4 1 1 4 4 4 2 1 4 2 1 2 1 0 4 1 0 4 3 3 1 1 1 3 0 4 3 3 1 3 3 1 1 3 3 1 3 3 1 3 3 1 3 3
0 24 4 2 1 1 0 2 0 4 2 0 4 2 0 4 2 4 4 0 1 3 3 1 3 3
0 10 4 4 2 4 0 0 0 0 2 4
0 62 2 1 2 3 2 0 2 3 2 0 0 0 2 3 2 0 0 0 0 3 3 1 2 1 2 4 0 2 2 0 4 3 3 1 3 3 1 4 0 0 0 0 1 4 0 4 4 0 0 0 0 0 2 4 0 0 4 4 0 2 0 4
0 33 3 3 1 4 0 0 0 0 4 0 4 4 0 0 0 0 1 4 0 0 0 2 4 0 0 0 0 4 0 4 0 1 4
0 26 3 3 1 2 4 4 1 1 4 4 4 2 1 4 2 1 2 1 0 4 1 0 4 3 3 1
0 34 2 3 0 0 0 0 0 4 4 4 1 2 1 2 2 1 1 4 2 3 0 3 3 1 3 3 1 1 3 0 4 1 3 0
0 80 3 3 1 4 0 0 0 0 4 0 4 4 0 0 0 0 1 4 0 0 0 2 4 0 0 0 0 4 0 4 0 1 4 0 0 0 0 0 0 0 0 2 2 0 4 2 0 4 1 0 4 3 3 1 3 3 1 3 3 1 1 3 3 1 3 3 1 3 3 1 1 0 4 1 0 4 3 3 1 4
0 38 1 0 2 0 4 2 0 4 2 0 4 4 3 3 1 1 3 3 1 4 1 4 0 0 0 0 0 0 4 0 0 0 4 0 4 4 4 4
0 3 4 1 0
0 39 1 0 4 3 3 1 1 3 0 4 3 3 1 4 2 1 1 3 0 4 3 3 1 3 3 1 3 3 1 4 1 2 1 2 4 3 3 1 3
0 36 3 3 1 2 4 4 1 1 4 4 4 2 1 4 2 1 2 1 0 4 1 0 4 3 3 1 1 1 3 0 4 3 3 1 3 3
0 3 2 1 0
0 9 0 0 2 3 3 3 1 3 3
0 37 3 3 1 2 4 4 1 1 4 4 4 2 1 4 2 1 2 1 0 4 1 0 4 3 3 1 1 1 3 0 4 3 3 1 3 3 1
0 26 2 4 2 0 0 1 4 2 3 0 0 0 0 0 1 2 1 4 2 1 1 0 4 3 3 1
0 20 1 3 0 4 3 3 1 4 0 0 0 0 4 4 0 0 0 2 4 0
0 35 2 3 2 0 0 0 0 2 3 2 0 1 2 3 2 0 0 0 0 0 1 2 0 2 3 0 0 0 0 1 4 2 1 4 4
0 19 1 1 1 1 1 1 4 2 1 1 4 1 1 1 1 1 4 2 4
0 8 2 4 4 0 0 0 2 4
0 3 0 1 0
0 67 3 3 1 4 0 0 0 0 4 0 4 4 0 0 0 0 1 4 0 0 0 2 4 0 0 0 0 4 0 4 0 1 4 0 0 0 0 0 0 0 0 2 2 0 4 2 0 4 1 0 4 3 3 1 3 3 1 3 3 1 1 3 3 1 3 3 1
0 13 2 1 0 4 1 3 0 4 2 4 1 3 0
0 18 3 3 1 3 3 1 1 0 4 4 0 0 2 4 0 0 4 0
0 22 1 0 4 3 3 1 1 3 0 4 3 3 1 4 2 1 1 3 0 4 3 3
0 33 4 2 1 1 0 2 0 4 2 0 4 2 0 4 2 4 4 0 1 3 3 1 3 3 1 0 2 2 0 4 2 0 4
0 30 3 3 1 2 4 3 3 1 1 3 0 4 1 0 4 3 3 1 3 3 1 3 3 1 4 4 2 1 3 3
0 19 2 3 0 0 2 3 0 0 0 1 4 3 3 1 1 3 0 4 3
0 46 2 1 2 3 2 0 2 3 2 0 0 0 2 3 2 0 0 0 0 3 3 1 2 1 2 4 0 2 2 0 4 3 3 1 3 3 1 4 0 0 0 0 1 4 0 4
0 66 3 3 1 4 0 0 0 0 4 0 4 4 0 0 0 0 1 4 0 0 0 2 4 0 0 0 0 4 0 4 0 1 4 0 0 0 0 0 0 0 0 2 2 0 4 2 0 4 1 0 4 3 3 1 3 3 1 3 3 1 1 3 3 1 3 3
0 16 4 2 1 1 0 2 0 4 2 0 4 2 0 4 2 4
0 7 3 3 1 4 0 0 0
0 39 2 1 0 4 1 3 0 4 2 4 1 3 0 4 3 3 1 3 3 1 1 0 2 0 4 2 0 4 2 0 4 3 3 1 4 4 2 4 4
0 75 3 3 1 4 0 0 0 0 4 0 4 4 0 0 0 0 1 4 0 0 0 2 4 0 0 0 0 4 0 4 0 1 4 0 0 0 0 0 0 0 0 2 2 0 4 2 0 4 1 0 4 3 3 1 3 3 1 3 3 1 1 3 3 1 3 3 1 3 3 1 1 0 4 1 0
0 47 2 3 0 0 2 3 0 0 0 1 4 3 3 1 1 3 0 4 3 3 1 4 3 3 1 3 3 1 3 3 1 2 1 2 0 0 1 0 4 3 3 1 1 0 4 3 3
0 8 4 4 4 3 3 1 1 3
0 19 4 2 1 0 3 3 1 3 3 1 1 0 4 2 4 1 3 0 4
0 29 1 3 0 4 3 3 1 4 0 0 0 0 4 4 0 0 0 2 4 0 0 2 4 0 2 2 1 1 3
0 9 2 4 4 0 0 0 2 4 0
0 49 2 1 0 4 1 3 0 4 2 4 1 3 0 4 3 3 1 3 3 1 1 0 2 0 4 2 0 4 2 0 4 3 3 1 4 4 2 4 4 4 0 0 4 0 0 0 4 0 0
0 3 1 3 0
0 14 3 3 1 3 3 1 1 0 4 1 3 0 4 3
0 38 2 3 0 0 0 0 0 4 4 4 1 2 1 2 2 1 1 4 2 3 0 3 3 1 3 3 1 1 3 0 4 1 3 0 4 1 0 4
0 39 2 3 2 0 0 0 0 0 2 3 2 0 2 3 0 0 0 0 2 3 2 0 0 0 0 0 2 3 0 0 0 3 3 1 1 0 4 3 3
0 10 4 4 2 1 1 0 4 1 3 0
0 34 1 3 0 4 0 2 2 0 4 2 0 4 2 0 4 2 0 4 3 3 1 1 3 0 4 2 4 4 2 1 2 1 3 3
0 42 2 3 0 0 2 3 0 0 0 1 4 3 3 1 1 3 0 4 3 3 1 4 3 3 1 3 3 1 3 3 1 2 1 2 0 0 1 0 4 3 3 1
0 22 2 3 0 0 0 0 0 4 4 4 1 2 1 2 2 1 1 4 2 3 0 3
0 4 2 4 2 0
0 12 1 3 0 4 0 2 2 0 4 2 0 4
0 6 3 3 1 2 4 3
0 46 3 3 1 2 4 3 3 1 2 4 3 3 1 2 4 1 0 4 0 2 0 4 2 0 4 2 0 4 2 0 4 2 0 4 3 3 1 0 2 0 4 2 0 4 2 0
0 35 0 0 2 3 2 0 0 1 2 3 2 0 0 0 3 3 1 1 0 4 1 0 4 3 3 1 3 3 1 2 1 2 1 3 3
0 7 4 2 4 1 4 1 4
0 34 1 4 2 3 2 0 1 4 1 0 4 4 0 2 0 4 2 2 2 4 0 1 3 3 1 1 0 4 3 3 1 1 0 4
0 13 1 0 4 1 0 4 0 2 2 0 4 2 0
0 38 2 3 0 0 2 3 0 0 0 1 4 3 3 1 1 3 0 4 3 3 1 4 3 3 1 3 3 1 3 3 1 2 1 2 0 0 1 0
0 4 2 4 4 0
0 25 2 2 3 2 0 0 0 2 3 2 0 2 0 1 3 0 4 3 3 1 3 3 1 2 4
0 29 2 3 0 0 2 3 0 0 0 1 4 3 3 1 1 3 0 4 3 3 1 4 3 3 1 3 3 1 3
0 31 2 2 3 2 0 0 0 2 3 2 0 2 0 1 3 0 4 3 3 1 3 3 1 2 4 3 3 1 1 0 4
0 32 1 0 4 1 0 4 0 2 2 0 4 2 0 4 2 0 4 2 0 4 2 0 4 1 0 4 1 3 0 4 3 3
0 24 1 3 0 4 3 3 1 4 0 0 0 0 4 4 0 0 0 2 4 0 0 2 4 0
0 49 3 3 1 2 4 3 3 1 2 4 3 3 1 2 4 1 0 4 0 2 0 4 2 0 4 2 0 4 2 0 4 2 0 4 3 3 1 0 2 0 4 2 0 4 2 0 4 2 0
0 19 3 3 1 4 0 0 0 0 4 0 4 4 0 0 0 0 1 4 0
0 25 4 2 1 1 0 2 0 4 2 0 4 2 0 4 2 4 4 0 1 3 3 1 3 3 1
0 67 2 3 0 0 2 3 0 0 0 1 4 3 3 1 1 3 0 4 3 3 1 4 3 3 1 3 3 1 3 3 1 2 1 2 0 0 1 0 4 3 3 1 1 0 4 3 3 1 1 3 0 4 2 1 2 4 3 3 1 3 3 1 1 0 4 3 3
0 47 2 1 0 4 1 3 0 4 2 4 1 3 0 4 3 3 1 3 3 1 1 0 2 0 4 2 0 4 2 0 4 3 3 1 4 4 2 4 4 4 0 0 4 0 0 0 4
0 54 2 1 0 4 1 3 0 4 2 4 1 3 0 4 3 3 1 3 3 1 1 0 2 0 4 2 0 4 2 0 4 3 3 1 4 4 2 4 4 4 0 0 4 0 0 0 4 0 0 0 0 3 3 1
0 29 3 3 1 3 3 1 1 0 4 4 0 0 2 4 0 0 4 0 0 1 2 1 1 2 3 2 1 3 3
0 13 1 4 2 3 2 0 0 0 0 0 2 4 4
0 8 4 2 1 1 0 2 0 4
0 36 2 3 2 0 0 0 0 0 2 3 2 0 2 3 0 0 0 0 2 3 2 0 0 0 0 0 2 3 0 0 0 3 3 1 1 0
0 5 4 4 4 3 3
0 55 2 1 2 3 2 0 2 3 2 0 0 0 2 3 2 0 0 0 0 3 3 1 2 1 2 4 0 2 2 0 4 3 3 1 3 3 1 4 0 0 0 0 1 4 0 4 4 0 0 0 0 0 2 4 0
0 15 1 4 2 3 0 0 1 4 2 1 2 0 1 4 0
0 5 3 3 1 4 0
0 20 4 2 1 1 0 2 0 4 2 0 4 2 0 4 2 4 4 0 1 3
0 13 4 2 1 0 3 3 1 3 3 1 1 0 4
0 61 2 4 2 0 0 1 4 2 3 0 0 0 0 0 1 2 1 4 2 1 1 0 4 3 3 1 3 3 1 3 3 1 3 3 1 0 2 0 4 2 0 4 2 0 4 2 4 1 3 0 4 3 3 1 3 3 1 1 3 0 4
0 48 2 1 2 3 2 0 2 3 2 0 0 0 2 3 2 0 0 0 0 3 3 1 2 1 2 4 0 2 2 0 4 3 3 1 3 3 1 4 0 0 0 0 1 4 0 4 4 0
0 13 4 2 1 1 0 2 0 4 2 0 4 2 0
0 33 1 3 0 4 3 3 1 4 0 0 0 0 4 4 0 0 0 2 4 0 0 2 4 0 2 2 1 1 3 3 1 1 3
0 4 2 1 0 4
0 29 3 3 1 2 4 4 1 1 4 4 4 2 1 4 2 1 2 1 0 4 1 0 4 3 3 1 1 1 3
0 58 3 3 1 2 4 3 3 1 2 4 3 3 1 2 4 1 0 4 0 2 0 4 2 0 4 2 0 4 2 0 4 2 0 4 3 3 1 0 2 0 4 2 0 4 2 0 4 2 0 4 2 0 4 2 4 1 3 0
0 36 2 4 2 0 0 1 4 2 3 0 0 0 0 0 1 2 1 4 2 1 1 0 4 3 3 1 3 3 1 3 3 1 3 3 1 0
0 37 2 1 2 1 4 2 1 2 3 3 1 3 3 1 1 3 0 4 4 1 3 0 4 2 1 1 0 2 0 4 2 0 4 2 4 3 3
0 18 2 1 0 4 1 3 0 4 2 4 1 3 0 4 3 3 1 3
0 76 3 3 1 4 0 0 0 0 4 0 4 4 0 0 0 0 1 4 0 0 0 2 4 0 0 0 0 4 0 4 0 1 4 0 0 0 0 0 0 0 0 2 2 0 4 2 0 4 1 0 4 3 3 1 3 3 1 3 3 1 1 3 3 1 3 3 1 3 3 1 1 0 4 1 0 4
0 24 4 4 2 4 0 0 0 0 2 4 1 4 0 0 0 0 2 4 1 3 0 4 3 3
0 15 1 4 2 3 2 0 1 4 1 0 4 4 0 2 0
0 53 3 3 1 2 4 3 3 1 2 4 3 3 1 2 4 1 0 4 0 2 0 4 2 0 4 2 0 4 2 0 4 2 0 4 3 3 1 0 2 0 4 2 0 4 2 0 4 2 0 4 2 0 4
0 11 1 3 0 4 0 2 2 0 4 2 0
0 6 4 4 4 3 3 1
0 8 2 1 0 4 1 3 0 4
0 41 1 0 4 1 0 4 0 2 2 0 4 2 0 4 2 0 4 2 0 4 2 0 4 1 0 4 1 3 0 4 3 3 1 2 1 1 0 2 2 0 4
0 19 1 1 1 1 4 1 1 1 4 1 1 1 1 1 1 1 4 2 4
0 12 1 0 2 0 4 2 0 4 2 0 4 4
0 41 0 0 2 3 2 0 0 1 2 3 2 0 0 0 3 3 1 1 0 4 1 0 4 3 3 1 3 3 1 2 1 2 1 3 3 1 3 3 1 1 4
0 47 2 3 2 0 0 0 0 0 2 3 2 0 2 3 0 0 0 0 2 3 2 0 0 0 0 0 2 3 0 0 0 3 3 1 1 0 4 3 3 1 3 3 1 1 3 3 1
0 15 3 3 1 4 0 0 0 0 4 0 4 4 0 0 0
0 35 3 3 1 2 4 3 3 1 2 4 3 3 1 2 4 1 0 4 0 2 0 4 2 0 4 2 0 4 2 0 4 2 0 4 3
0 20 2 3 2 0 0 0 0 2 3 2 0 0 0 1 3 0 4 3 3 1
0 23 1 3 0 4 3 3 1 4 0 0 0 0 4 4 0 0 0 2 4 0 0 2 4
0 49 1 0 4 1 0 4 0 2 2 0 4 2 0 4 2 0 4 2 0 4 2 0 4 1 0 4 1 3 0 4 3 3 1 2 1 1 0 2 2 0 4 2 0 4 2 0 4 2 0
0 47 3 3 1 4 0 0 0 0 4 0 4 4 0 0 0 0 1 4 0 0 0 2 4 0 0 0 0 4 0 4 0 1 4 0 0 0 0 0 0 0 0 2 2 0 4 2 0
0 47 2 4 2 0 0 1 4 2 3 0 0 0 0 0 1 2 1 4 2 1 1 0 4 3 3 1 3 3 1 3 3 1 3 3 1 0 2 0 4 2 0 4 2 0 4 2 4
0 27 2 1 2 3 2 0 2 3 2 0 0 0 2 3 2 0 0 0 0 3 3 1 2 1 2 4 0
0 21 2 4 4 0 0 0 2 4 0 0 0 0 4 4 2 3 3 1 3 3 1
0 10 1 4 2 3 2 0 1 4 1 0
0 46 2 3 0 0 2 3 0 0 0 1 4 3 3 1 1 3 0 4 3 3 1 4 3 3 1 3 3 1 3 3 1 2 1 2 0 0 1 0 4 3 3 1 1 0 4 3
0 23 2 3 0 0 2 3 0 0 0 1 4 3 3 1 1 3 0 4 3 3 1 4 3
0 23 2 3 0 0 0 0 0 4 4 4 1 2 1 2 2 1 1 4 2 3 0 3 3
0 30 2 4 2 0 0 1 4 2 3 0 0 0 0 0 1 2 1 4 2 1 1 0 4 3 3 1 3 3 1 3
0 51 3 3 1 2 4 4 1 1 4 4 4 2 1 4 2 1 2 1 0 4 1 0 4 3 3 1 1 1 3 0 4 3 3 1 3 3 1 1 3 3 1 3 3 1 3 3 1 3 3 1 4
0 28 2 3 0 0 2 3 0 0 0 1 4 3 3 1 1 3 0 4 3 3 1 4 3 3 1 3 3 1
0 37 4 4 2 1 1 0 4 1 3 0 4 1 0 4 1 1 0 4 1 3 0 4 3 3 1 4 4 3 3 1 1 3 0 4 3 3 1
0 13 1 0 4 3 3 1 3 3 1 3 3 1 3
0 56 2 4 2 0 0 1 4 2 3 0 0 0 0 0 1 2 1 4 2 1 1 0 4 3 3 1 3 3 1 3 3 1 3 3 1 0 2 0 4 2 0 4 2 0 4 2 4 1 3 0 4 3 3 1 3 3
0 25 4 4 2 4 0 0 0 0 2 4 1 4 0 0 0 0 2 4 1 3 0 4 3 3 1
0 28 0 0 2 3 2 0 0 1 2 3 2 0 0 0 3 3 1 1 0 4 1 0 4 3 3 1 3 3
0 20 1 0 4 1 0 4 0 2 2 0 4 2 0 4 2 0 4 2 0 4
0 7 1 3 0 4 3 3 1
0 62 4 4 2 1 1 0 4 1 3 0 4 1 0 4 1 1 0 4 1 3 0 4 3 3 1 4 4 3 3 1 1 3 0 4 3 3 1 4 0 0 4 2 0 2 2 4 0 0 4 4 0 0 4 1 4 4 2 4 1 3 0 4
0 57 2 3 0 0 2 3 0 0 0 1 4 3 3 1 1 3 0 4 3 3 1 4 3 3 1 3 3 1 3 3 1 2 1 2 0 0 1 0 4 3 3 1 1 0 4 3 3 1 1 3 0 4 2 1 2 4 3
0 40 4 4 2 1 1 0 4 1 3 0 4 1 0 4 1 1 0 4 1 3 0 4 3 3 1 4 4 3 3 1 1 3 0 4 3 3 1 4 0 0
0 40 1 3 0 4 3 3 1 4 0 0 0 0 4 4 0 0 0 2 4 0 0 2 4 0 2 2 1 1 3 3 1 1 3 0 4 1 0 4 3 3
0 9 4 1 1 1 4 1 4 2 4
0 43 2 3 2 0 0 0 0 0 2 3 2 0 2 3 0 0 0 0 2 3 2 0 0 0 0 0 2 3 0 0 0 3 3 1 1 0 4 3 3 1 3 3 1
0 47 4 4 2 1 1 0 4 1 3 0 4 1 0 4 1 1 0 4 1 3 0 4 3 3 1 4 4 3 3 1 1 3 0 4 3 3 1 4 0 0 4 2 0 2 2 4 0
0 24 1 3 0 4 0 2 2 0 4 2 0 4 2 0 4 2 0 4 3 3 1 1 3 0
0 20 2 1 0 4 1 3 0 4 2 4 1 3 0 4 3 3 1 3 3 1
0 41 3 3 1 2 4 4 1 1 4 4 4 2 1 4 2 1 2 1 0 4 1 0 4 3 3 1 1 1 3 0 4 3 3 1 3 3 1 1 3 3 1
0 35 3 3 1 2 4 3 3 1 1 3 0 4 1 0 4 3 3 1 3 3 1 3 3 1 4 4 2 1 3 3 1 1 0 4 3
0 51 3 3 1 4 0 0 0 0 4 0 4 4 0 0 0 0 1 4 0 0 0 2 4 0 0 0 0 4 0 4 0 1 4 0 0 0 0 0 0 0 0 2 2 0 4 2 0 4 1 0 4
0 32 1 0 2 0 4 2 0 4 2 0 4 4 3 3 1 1 3 3 1 4 1 4 0 0 0 0 0 0 4 0 0 0
0 11 4 2 4 1 4 1 4 1 4 2 4
0 17 1 3 0 4 0 2 2 0 4 2 0 4 2 0 4 2 0
0 17 2 1 0 4 1 3 0 4 2 4 1 3 0 4 3 3 1
0 36 4 4 2 1 1 0 4 1 3 0 4 1 0 4 1 1 0 4 1 3 0 4 3 3 1 4 4 3 3 1 1 3 0 4 3 3
0 47 2 3 0 0 0 0 0 4 4 4 1 2 1 2 2 1 1 4 2 3 0 3 3 1 3 3 1 1 3 0 4 1 3 0 4 1 0 4 1 3 0 4 3 3 1 3 3
0 64 2 1 2 3 2 0 2 3 2 0 0 0 2 3 2 0 0 0 0 3 3 1 2 1 2 4 0 2 2 0 4 3 3 1 3 3 1 4 0 0 0 0 1 4 0 4 4 0 0 0 0 0 2 4 0 0 4 4 0 2 0 4 0 0
0 42 4 4 2 4 0 0 0 0 2 4 1 4 0 0 0 0 2 4 1 3 0 4 3 3 1 3 3 1 2 1 2 4 2 4 3 3 1 1 0 4 3 3
0 36 4 4 2 4 0 0 0 0 2 4 1 4 0 0 0 0 2 4 1 3 0 4 3 3 1 3 3 1 2 1 2 4 2 4 3 3
0 5 3 3 1 3 3
0 38 2 1 2 3 2 0 2 3 2 0 0 0 2 3 2 0 0 0 0 3 3 1 2 1 2 4 0 2 2 0 4 3 3 1 3 3 1 4
0 23 2 4 2 0 0 1 4 2 3 0 0 0 0 0 1 2 1 4 2 1 1 0 4
0 52 2 3 0 0 2 3 0 0 0 1 4 3 3 1 1 3 0 4 3 3 1 4 3 3 1 3 3 1 3 3 1 2 1 2 0 0 1 0 4 3 3 1 1 0 4 3 3 1 1 3 0 4
0 4 1 3 0 4
0 9 3 3 1 3 3 1 4 3 3
0 13 2 3 4 3 3 1 3 3 1 1 4 4 3
0 48 2 3 2 0 0 0 0 0 2 3 2 0 2 3 0 0 0 0 2 3 2 0 0 0 0 0 2 3 0 0 0 3 3 1 1 0 4 3 3 1 3 3 1 1 3 3 1 3
0 32 2 3 2 0 0 0 0 0 2 3 2 0 2 3 0 0 0 0 2 3 2 0 0 0 0 0 2 3 0 0 0 3
0 2 3 3
0 64 2 4 2 0 0 1 4 2 3 0 0 0 0 0 1 2 1 4 2 1 1 0 4 3 3 1 3 3 1 3 3 1 3 3 1 0 2 0 4 2 0 4 2 0 4 2 4 1 3 0 4 3 3 1 3 3 1 1 3 0 4 2 4 3
0 73 3 3 1 4 0 0 0 0 4 0 4 4 0 0 0 0 1 4 0 0 0 2 4 0 0 0 0 4 0 4 0 1 4 0 0 0 0 0 0 0 0 2 2 0 4 2 0 4 1 0 4 3 3 1 3 3 1 3 3 1 1 3 3 1 3 3 1 3 3 1 1 0 4
0 41 2 1 0 4 1 3 0 4 2 4 1 3 0 4 3 3 1 3 3 1 1 0 2 0 4 2 0 4 2 0 4 3 3 1 4 4 2 4 4 4 0
0 67 4 4 2 1 1 0 4 1 3 0 4 1 0 4 1 1 0 4 1 3 0 4 3 3 1 4 4 3 3 1 1 3 0 4 3 3 1 4 0 0 4 2 0 2 2 4 0 0 4 4 0 0 4 1 4 4 2 4 1 3 0 4 1 0 4 3 3
0 31 1 0 4 3 3 1 3 3 1 3 3 1 3 3 1 4 2 1 4 2 2 2 1 2 1 1 3 0 4 3 3
0 25 1 4 2 3 2 0 1 4 1 0 4 4 0 2 0 4 2 2 2 4 0 1 3 3 1
0 24 3 3 1 2 4 3 3 1 1 3 0 4 1 0 4 3 3 1 3 3 1 3 3 1
