813 5
1 23 3 0 1 1 1 1 0 3 3 3 3 3 3 3 3 2 2 2 0 2 2 2 2
1 20 1 1 1 1 0 3 3 3 3 3 3 3 3 3 3 2 2 0 2 1
1 12 1 0 1 1 0 3 3 3 3 4 4 4
1 27 1 1 3 1 1 1 1 1 0 3 2 2 2 2 0 2 0 0 0 0 1 3 3 3 2 0 0
1 14 1 1 1 1 0 3 4 4 4 4 4 0 2 2
1 14 1 1 1 1 1 1 0 1 2 4 4 4 4 4
1 27 0 0 1 2 2 0 2 2 2 2 2 0 2 2 2 2 2 1 1 1 1 1 1 2 0 2 2
1 34 1 1 1 1 1 1 1 1 0 1 2 4 4 0 2 2 2 2 0 0 0 0 2 0 0 0 0 0 0 2 2 2 2 2
1 25 1 1 1 1 1 1 0 3 3 3 3 3 3 4 4 2 0 0 0 2 0 0 0 0 0
1 105 3 4 0 1 4 1 3 0 1 1 0 1 2 4 4 4 4 4 0 2 2 2 2 2 0 2 2 2 2 2 4 0 4 0 4 0 4 0 3 4 0 4 0 4 0 4 0 4 0 4 0 4 0 4 0 4 0 4 0 4 0 4 0 4 0 4 0 4 0 0 2 2 2 0 0 2 0 2 0 2 2 0 0 2 2 0 2 0 0 2 0 0 3 1 3 3 1 1 1 1 1 1 1 1 1
1 55 3 1 1 3 0 0 3 2 2 0 0 2 0 0 2 0 2 0 2 2 0 0 2 0 4 0 0 0 0 0 3 3 3 4 0 4 0 3 4 0 4 0 4 0 3 3 4 0 4 0 1 1 1 1 1
1 21 1 1 1 1 1 0 1 4 4 0 2 2 2 2 2 0 2 2 2 2 2
1 41 1 1 0 1 4 0 1 0 1 4 0 4 0 1 4 2 2 4 0 1 4 1 4 0 1 4 2 2 3 1 1 0 1 0 1 2 4 4 4 0 2
1 14 1 0 3 3 3 3 3 3 3 3 3 3 2 2
1 12 3 1 3 1 0 1 4 4 2 0 0 2
1 12 0 0 1 2 4 4 4 0 2 2 2 2
1 19 1 1 1 0 1 1 1 1 0 2 4 4 4 4 4 0 2 3 0
1 37 3 3 1 1 1 0 1 1 1 1 0 3 3 3 3 3 3 4 4 2 2 0 0 1 3 1 0 2 0 2 2 2 2 0 2 2 2
1 14 1 1 1 1 1 1 0 3 3 3 3 2 4 4
1 49 1 3 1 3 1 1 1 1 1 1 0 3 2 4 4 4 4 4 0 2 2 2 2 2 0 2 2 2 2 2 0 2 0 2 2 2 0 0 0 2 0 2 0 2 0 0 0 0 0
1 34 1 4 0 1 4 1 4 0 1 4 0 1 0 1 4 2 2 1 0 1 4 2 4 0 1 4 0 0 0 1 2 4 4 3
1 59 3 4 0 1 4 0 4 0 1 4 2 2 2 2 2 2 1 0 1 4 1 1 0 1 4 2 2 2 2 1 0 1 4 0 4 0 1 4 0 1 0 1 4 1 4 0 1 4 2 2 0 0 3 2 4 4 4 4 4
1 32 3 4 0 1 4 0 4 0 1 4 2 2 2 4 0 1 4 2 2 1 1 1 0 1 1 1 1 0 1 4 4 2
1 9 1 1 1 1 1 0 1 2 2
1 27 1 1 1 3 1 1 1 1 1 0 1 2 2 2 0 2 2 0 2 2 2 0 2 2 2 2 2
1 28 4 0 1 4 2 2 2 2 3 1 3 1 1 1 1 1 1 0 3 3 3 3 2 2 3 0 2 2
1 14 1 1 1 1 1 1 0 1 2 2 0 2 2 3
1 49 3 1 3 1 1 1 1 1 1 0 3 3 4 4 4 4 0 2 2 2 2 0 2 2 2 0 0 2 0 0 2 0 2 2 0 0 2 0 0 2 0 0 0 0 2 2 2 2 2
1 65 3 1 1 1 0 1 4 2 2 2 2 4 0 1 4 2 2 2 1 0 1 4 2 2 2 2 2 4 0 1 4 2 2 2 2 2 1 0 0 3 3 3 3 3 3 3 3 3 3 4 4 2 0 2 2 0 2 2 2 2 2 0 2 2 3
1 18 1 1 1 1 1 1 0 1 2 2 2 3 2 0 2 2 2 2
1 49 4 0 1 4 2 2 2 2 2 4 0 1 4 2 1 0 1 4 2 2 2 4 0 1 4 0 1 0 1 4 0 1 1 1 1 1 1 0 3 3 3 3 3 3 2 2 0 0 2
1 17 1 1 0 1 1 1 1 0 3 2 2 0 2 0 2 2 2
1 64 1 1 3 1 4 0 1 4 0 4 0 1 4 2 2 2 2 2 4 0 1 4 1 4 0 1 4 0 4 0 1 4 2 2 1 1 1 1 0 3 3 3 3 3 3 4 4 4 0 4 0 4 0 4 0 4 0 4 0 4 0 4 0 3
1 13 3 1 0 1 1 1 1 1 0 1 4 4 2
1 11 3 1 1 0 3 3 3 3 2 4 4
1 65 1 3 3 0 1 1 1 1 1 0 3 3 3 3 3 3 3 3 2 4 4 4 2 2 2 2 0 0 2 2 0 0 2 0 0 0 2 0 0 0 0 2 2 2 2 2 3 0 2 2 2 2 2 0 2 2 0 2 0 0 0 0 0 0 0
1 24 0 1 1 1 1 1 0 1 2 4 4 4 4 4 0 2 2 2 2 2 0 2 2 2
1 54 1 1 1 3 1 1 1 1 1 1 1 0 1 2 2 1 1 4 0 4 0 4 0 4 0 3 3 1 0 2 0 0 2 2 2 0 4 0 0 0 3 1 1 3 3 0 2 2 2 2 0 2 2 2
1 111 1 0 1 4 2 2 4 0 1 4 2 4 0 1 4 0 4 0 1 4 2 2 2 2 2 4 0 1 4 2 4 0 1 4 0 1 0 1 4 0 4 0 1 4 2 2 2 2 2 2 1 0 3 3 3 3 3 3 3 3 4 4 4 4 0 0 0 0 2 0 4 0 3 3 1 1 3 3 4 0 4 0 4 0 4 0 3 3 3 1 1 1 1 1 3 4 0 4 0 1 1 1 1 1 1 1 1 1 0 2 2
1 26 1 3 1 1 1 1 1 0 3 3 3 3 3 3 3 3 3 3 4 4 4 4 4 4 3 1
1 72 4 0 1 4 2 2 2 2 2 2 4 0 1 4 0 4 0 1 4 0 4 0 1 4 2 4 0 1 4 2 2 2 2 2 2 1 0 1 1 0 3 3 3 3 3 3 2 2 3 0 0 2 2 0 0 2 2 2 2 0 4 0 0 0 3 1 3 1 3 0 2 0
1 35 4 0 1 4 0 4 0 1 4 0 3 1 0 1 0 3 3 4 4 0 2 2 2 2 2 0 2 2 2 0 2 2 2 2 2
1 9 1 0 1 1 0 1 2 0 2
1 25 0 1 1 1 1 0 3 2 2 0 2 2 2 2 3 4 0 4 0 3 4 0 4 0 3
1 41 1 1 3 1 1 1 1 0 1 4 4 4 4 4 1 1 0 2 2 0 0 0 0 2 0 2 0 0 0 0 0 0 0 0 2 2 1 1 1 1 1
1 120 1 4 0 1 4 0 4 0 1 4 0 1 0 1 4 2 2 2 2 4 0 1 4 0 1 0 1 4 0 4 0 1 4 2 2 4 0 1 4 0 1 0 1 4 0 1 1 1 1 1 1 0 3 2 4 4 4 0 0 2 0 0 0 0 0 2 0 2 2 2 0 0 0 2 0 2 0 2 2 0 0 2 0 4 0 0 1 1 3 3 0 0 0 0 0 0 2 0 0 0 0 2 2 0 2 0 0 0 4 0 0 0 0 0 0 3 1 0 0 2
1 58 0 1 1 1 0 1 4 4 4 4 0 0 0 0 0 0 0 0 0 4 0 0 0 0 3 1 3 3 1 0 2 0 2 2 2 3 1 1 1 1 4 0 4 0 4 0 4 0 4 0 3 1 1 1 1 1 1 1
1 48 1 0 3 3 3 3 3 3 3 3 4 4 4 4 4 4 0 2 2 4 0 0 0 0 0 0 3 1 3 1 1 3 4 0 4 0 3 1 1 1 1 1 3 0 2 2 2 2
1 11 1 1 1 1 1 0 1 4 4 2 3
1 11 1 0 1 1 0 1 4 4 2 1 1
1 27 3 1 1 1 1 1 1 0 3 2 4 4 0 2 2 2 2 0 2 2 2 0 2 2 2 2 2
1 31 1 0 1 4 2 0 1 0 1 2 2 2 4 0 4 0 4 0 0 0 0 4 0 0 0 0 0 1 1 3 3
1 47 1 1 3 1 1 1 0 1 2 2 2 0 0 2 0 0 2 2 0 2 0 0 0 0 0 2 0 0 0 2 2 2 0 2 0 0 0 1 1 1 1 1 1 1 1 1 1
1 61 0 1 1 1 1 0 3 4 4 2 2 0 0 0 0 3 3 4 0 4 0 4 0 4 0 3 3 3 4 0 3 4 0 3 3 4 0 4 0 4 0 4 0 4 0 4 0 4 0 4 0 4 0 4 0 3 0 1 1 1 1
1 72 1 0 1 4 2 2 2 2 2 1 0 1 4 2 2 4 0 1 4 0 1 0 1 4 0 0 1 0 1 2 2 0 2 0 0 0 0 2 0 0 0 0 0 3 1 1 1 1 0 2 2 2 1 1 1 0 2 0 2 0 0 0 0 0 2 0 0 3 1 3 1 3
1 20 3 3 3 1 3 0 1 1 0 1 2 4 0 2 2 2 3 0 2 2
1 53 0 1 1 0 1 4 4 2 3 0 2 0 2 0 1 1 4 0 4 0 4 0 4 0 3 4 0 4 0 4 0 4 0 4 0 4 0 4 0 4 0 4 0 1 1 1 1 1 1 1 1 1 1
1 27 1 1 1 1 1 1 1 1 1 0 3 3 3 3 3 3 3 3 4 4 2 0 2 2 2 2 2
1 19 1 1 1 1 1 1 1 1 0 3 4 4 2 0 2 2 2 0 2
1 68 4 0 1 4 0 4 0 1 4 1 4 0 1 4 2 2 2 2 2 1 0 1 4 2 2 4 0 1 4 1 1 1 1 1 1 1 0 1 2 4 4 4 4 4 0 2 0 0 2 0 0 2 0 0 0 3 1 3 1 0 2 2 0 2 2 2 0 2
0 18 1 3 3 4 0 1 4 2 2 2 2 2 2 4 0 1 4 0
0 8 1 1 1 3 0 1 1 1
0 19 4 0 1 4 2 2 2 2 1 0 1 4 1 1 3 1 1 1 0
0 21 4 0 1 4 2 2 2 2 2 1 1 0 1 4 2 2 2 2 2 2 4
0 19 4 0 1 4 2 2 2 2 2 1 1 0 1 4 2 2 2 2 2
0 10 1 0 1 4 0 4 0 1 4 2
0 15 1 1 1 1 1 1 0 1 2 2 3 4 0 1 4
0 9 4 0 1 4 2 1 0 1 4
0 27 1 0 1 4 2 2 2 1 0 1 4 2 2 2 2 2 2 4 0 1 4 2 2 2 2 2 2
0 3 3 0 0
0 12 1 1 1 0 3 3 3 3 3 3 3 3
0 8 1 1 1 3 1 1 1 1
0 21 4 0 1 4 1 1 0 1 4 2 1 0 1 4 2 2 2 2 4 0 1
0 25 4 0 1 4 0 4 0 1 4 2 1 0 1 4 2 2 1 0 1 4 0 4 0 1 4
0 19 4 0 1 4 1 1 0 1 4 2 1 0 1 4 2 2 2 2 4
0 7 4 0 1 4 2 2 2
0 4 1 1 1 0
0 20 4 0 1 4 2 2 2 4 0 1 4 2 2 2 2 2 2 1 1 1
0 14 1 0 1 4 2 2 4 0 1 4 2 2 2 2
0 22 1 4 0 1 4 2 2 2 4 0 1 4 2 2 2 2 2 1 0 1 4 2
0 16 4 0 1 4 2 2 2 2 1 0 1 4 1 1 3 1
0 24 3 4 0 1 4 2 1 0 1 4 1 4 0 1 4 2 2 2 2 4 0 1 4 2
0 38 1 1 4 0 1 4 2 2 2 4 0 1 4 0 4 0 1 4 2 2 1 0 1 4 0 4 0 1 4 0 1 0 1 4 2 2 2 2
0 11 1 0 1 4 2 2 2 1 0 1 4
0 20 3 4 0 1 4 2 1 0 1 4 1 4 0 1 4 2 2 2 2 4
0 5 4 0 1 4 2
0 3 1 4 0
0 33 1 0 1 4 0 4 0 1 4 2 2 2 2 4 0 1 4 0 1 0 1 4 2 2 2 2 2 2 4 0 1 4 2
0 22 4 0 1 4 2 2 2 4 0 1 4 2 2 2 2 2 2 1 1 1 1 1
0 3 1 1 4
0 12 1 1 1 3 1 1 1 1 1 1 0 3
0 31 4 0 1 4 1 1 0 1 4 2 1 0 1 4 2 2 2 2 4 0 1 4 2 2 3 1 3 3 1 0 3
0 37 1 0 1 4 2 2 2 1 0 1 4 2 2 2 2 2 2 4 0 1 4 2 2 2 2 2 2 4 0 1 4 2 1 3 0 0 3
0 26 1 4 0 1 4 2 2 2 4 0 1 4 2 2 2 2 2 1 0 1 4 2 2 1 0 1
0 8 1 0 1 4 2 2 4 0
0 18 1 1 0 1 4 0 1 0 1 4 2 2 1 0 1 4 0 4
0 22 4 0 1 4 2 2 2 2 2 1 1 0 1 4 2 2 2 2 2 2 4 0
0 18 4 0 1 4 2 2 2 4 0 1 4 2 2 2 2 2 2 1
0 50 3 4 0 1 4 2 1 0 1 4 1 4 0 1 4 2 2 2 2 4 0 1 4 2 2 2 2 4 0 1 4 1 1 0 1 4 2 2 2 2 2 2 1 0 1 4 2 2 2 2
0 36 3 4 0 1 4 2 1 0 1 4 1 4 0 1 4 2 2 2 2 4 0 1 4 2 2 2 2 4 0 1 4 1 1 0 1 4
0 27 1 0 1 4 0 4 0 1 4 2 2 2 2 4 0 1 4 0 1 0 1 4 2 2 2 2 2
0 17 4 0 1 4 2 1 0 1 4 1 0 1 1 1 1 0 3
0 22 4 0 1 4 0 4 0 1 4 2 1 0 1 4 2 2 1 0 1 4 0 4
0 5 1 1 1 0 0
0 6 3 4 0 1 4 2
0 23 1 1 4 0 1 4 2 2 2 4 0 1 4 0 4 0 1 4 2 2 1 0 1
0 6 1 1 1 0 1 4
0 3 1 1 0
0 31 1 4 0 1 4 2 2 2 4 0 1 4 2 2 2 2 2 1 0 1 4 2 2 1 0 1 4 2 1 0 1
0 38 1 4 0 1 4 2 2 2 4 0 1 4 2 2 2 2 2 1 0 1 4 2 2 1 0 1 4 2 1 0 1 1 1 1 1 0 1 4
0 4 0 0 3 3
0 28 3 4 0 1 4 2 1 0 1 4 1 4 0 1 4 2 2 2 2 4 0 1 4 2 2 2 2 4
0 7 4 0 1 4 0 4 0
0 32 1 1 4 0 1 4 2 2 2 4 0 1 4 0 4 0 1 4 2 2 1 0 1 4 0 4 0 1 4 0 1 0
0 23 1 0 1 4 2 2 4 0 1 4 2 2 2 2 1 0 1 1 1 1 1 0 1
0 7 1 0 1 1 1 1 1
0 4 0 1 1 0
0 32 3 4 0 1 4 2 1 0 1 4 1 4 0 1 4 2 2 2 2 4 0 1 4 2 2 2 2 4 0 1 4 1
0 7 4 0 1 4 1 1 0
0 32 1 0 1 4 0 4 0 1 4 2 2 2 2 4 0 1 4 0 1 0 1 4 2 2 2 2 2 2 4 0 1 4
0 12 1 0 1 4 2 2 4 0 1 4 2 2
0 8 4 0 1 4 2 1 0 1
0 4 1 4 0 1
0 11 4 0 1 4 2 1 0 1 4 1 0
0 48 3 4 0 1 4 2 1 0 1 4 1 4 0 1 4 2 2 2 2 4 0 1 4 2 2 2 2 4 0 1 4 1 1 0 1 4 2 2 2 2 2 2 1 0 1 4 2 2
0 6 1 3 3 4 0 1
0 5 1 1 3 0 1
0 6 1 3 3 0 1 1
0 9 1 1 3 1 1 1 1 1 1
0 4 1 3 1 0
0 23 1 0 1 4 0 4 0 1 4 2 2 2 2 4 0 1 4 0 1 0 1 4 2
0 16 3 4 0 1 4 2 1 0 1 4 1 4 0 1 4 2
0 17 1 1 0 1 4 0 1 0 1 4 2 2 1 0 1 4 0
0 9 1 1 1 0 3 3 3 3 3
0 21 1 0 1 4 0 4 0 1 4 2 2 2 2 4 0 1 4 0 1 0 1
0 58 1 1 3 0 1 0 3 4 4 4 4 4 4 4 3 3 4 0 4 0 4 0 4 0 4 0 4 0 4 0 4 0 3 3 4 0 4 0 4 0 4 0 3 4 0 4 0 4 0 4 0 4 0 4 0 4 0 4
0 65 1 0 1 4 2 2 2 1 0 1 4 2 2 2 2 2 2 4 0 1 4 2 2 2 2 2 2 4 0 1 4 2 1 3 0 0 3 3 3 3 3 3 4 4 2 2 0 0 0 0 2 2 0 0 0 2 2 0 0 2 0 0 2 0 4
0 9 4 0 1 4 2 2 2 4 0
0 15 1 0 1 4 2 2 2 1 0 1 4 2 2 2 2
0 6 1 1 1 3 1 1
0 8 1 1 1 1 1 0 3 3
0 10 0 1 1 0 3 3 3 3 3 3
0 39 1 1 4 0 1 4 2 2 2 4 0 1 4 0 4 0 1 4 2 2 1 0 1 4 0 4 0 1 4 0 1 0 1 4 2 2 2 2 1
0 8 0 1 0 3 3 2 2 4
0 6 1 1 1 3 0 1
0 41 1 0 1 4 2 2 2 1 0 1 4 2 2 2 2 2 2 4 0 1 4 2 2 2 2 2 2 4 0 1 4 2 1 3 0 0 3 3 3 3 3
0 14 0 1 0 3 3 2 2 4 0 4 0 4 0 4
0 21 1 3 3 4 0 1 4 2 2 2 2 2 2 4 0 1 4 0 4 0 1
0 11 1 1 1 3 0 1 1 1 0 1 4
0 36 1 0 1 4 2 2 2 1 0 1 4 2 2 2 2 2 2 4 0 1 4 2 2 2 2 2 2 4 0 1 4 2 1 3 0 0
0 8 1 1 1 1 1 1 0 1
0 3 1 0 1
0 44 1 1 1 0 0 1 4 4 2 3 2 2 2 2 0 0 2 2 0 0 0 0 2 2 0 0 0 0 4 0 0 0 0 1 1 1 4 0 4 0 3 3 1 4
0 9 1 0 1 4 2 2 2 1 0
0 8 0 1 1 0 3 3 3 3
0 9 1 0 1 4 0 4 0 1 4
0 6 1 1 1 3 3 1
0 7 0 1 1 0 3 3 3
0 20 1 4 0 1 4 2 2 2 4 0 1 4 2 2 2 2 2 1 0 1
0 28 1 0 1 4 2 2 2 1 0 1 4 2 2 2 2 2 2 4 0 1 4 2 2 2 2 2 2 4
0 9 1 3 1 1 1 1 1 0 4
0 23 4 0 1 4 2 2 2 4 0 1 4 2 2 2 2 2 2 1 1 1 1 1 0
0 25 1 0 1 4 2 2 2 1 0 1 4 2 2 2 2 2 2 4 0 1 4 2 2 2 2
0 8 0 0 3 3 3 3 3 3
0 13 4 0 1 4 2 2 2 2 1 0 1 4 1
0 12 4 0 1 4 1 4 0 1 4 2 2 2
0 15 1 0 1 4 2 2 4 0 1 4 2 2 2 2 1
0 21 1 4 0 1 4 2 2 2 4 0 1 4 2 2 2 2 2 1 0 1 4
0 19 1 1 3 0 1 0 3 4 4 4 4 4 4 4 3 3 4 0 4
0 7 1 3 3 0 1 1 0
0 4 1 1 3 1
0 45 3 4 0 1 4 2 1 0 1 4 1 4 0 1 4 2 2 2 2 4 0 1 4 2 2 2 2 4 0 1 4 1 1 0 1 4 2 2 2 2 2 2 1 0 1
0 2 1 0
0 54 1 1 3 0 1 0 3 4 4 4 4 4 4 4 3 3 4 0 4 0 4 0 4 0 4 0 4 0 4 0 4 0 3 3 4 0 4 0 4 0 4 0 3 4 0 4 0 4 0 4 0 4 0 4
0 17 1 3 3 4 0 1 4 2 2 2 2 2 2 4 0 1 4
0 24 1 0 1 4 2 2 2 1 0 1 4 2 2 2 2 2 2 4 0 1 4 2 2 2
0 11 4 0 1 4 0 4 0 1 4 2 1
0 25 4 0 1 4 1 1 0 1 4 2 1 0 1 4 2 2 2 2 4 0 1 4 2 2 3
0 8 4 0 1 4 1 1 0 1
0 13 4 0 1 4 2 2 2 2 1 0 1 4 2
0 10 3 3 1 3 1 1 1 1 1 1
0 11 4 0 1 4 2 2 2 2 2 1 1
0 44 1 0 1 4 0 4 0 1 4 2 2 2 2 4 0 1 4 0 1 0 1 4 2 2 2 2 2 2 4 0 1 4 2 4 0 1 4 2 2 3 1 1 1 1
0 22 4 0 1 4 2 2 2 2 1 0 1 4 1 1 3 1 1 1 0 3 3 3
0 21 3 4 0 1 4 2 1 0 1 4 1 4 0 1 4 2 2 2 2 4 0
0 6 1 0 3 3 3 3
0 28 1 0 1 4 0 4 0 1 4 2 2 2 2 4 0 1 4 0 1 0 1 4 2 2 2 2 2 2
0 11 1 1 4 0 1 4 2 2 2 4 0
0 28 1 3 3 4 0 1 4 2 2 2 2 2 2 4 0 1 4 0 4 0 1 4 2 1 0 1 4 2
0 26 3 4 0 1 4 2 1 0 1 4 1 4 0 1 4 2 2 2 2 4 0 1 4 2 2 2
0 6 1 1 1 1 0 3
0 5 1 1 1 3 0
0 36 4 0 1 4 2 2 2 2 1 0 1 4 2 2 4 0 1 4 2 2 2 2 2 1 0 1 4 1 1 1 1 3 0 1 1 1
0 9 4 0 1 4 1 4 0 1 4
0 11 1 1 1 1 1 0 3 3 3 3 3
0 8 4 0 1 4 2 2 2 4
0 24 1 3 3 4 0 1 4 2 2 2 2 2 2 4 0 1 4 0 4 0 1 4 2 1
0 4 1 3 3 0
0 40 1 3 3 4 0 1 4 2 2 2 2 2 2 4 0 1 4 0 4 0 1 4 2 1 0 1 4 2 2 2 2 2 2 4 0 1 4 2 1 1
0 29 4 0 1 4 2 2 2 2 1 0 1 4 1 1 3 1 1 1 0 3 3 3 3 3 3 3 3 3 3
0 6 1 1 1 1 0 0
0 20 4 0 1 4 0 4 0 1 4 2 1 0 1 4 2 2 1 0 1 4
0 9 3 1 3 3 0 1 1 1 1
0 27 4 0 1 4 2 2 2 2 1 0 1 4 2 2 4 0 1 4 2 2 2 2 2 1 0 1 4
0 10 4 0 1 4 2 2 2 2 1 0
0 2 1 4
0 5 3 1 1 1 0
0 25 3 4 0 1 4 2 1 0 1 4 1 4 0 1 4 2 2 2 2 4 0 1 4 2 2
0 18 4 0 1 4 0 4 0 1 4 2 1 0 1 4 2 2 1 0
0 5 4 0 1 4 1
0 54 3 4 0 1 4 2 1 0 1 4 1 4 0 1 4 2 2 2 2 4 0 1 4 2 2 2 2 4 0 1 4 1 1 0 1 4 2 2 2 2 2 2 1 0 1 4 2 2 2 2 2 2 3 0
0 4 3 0 0 1
0 11 0 0 3 3 3 3 3 3 3 3 4
0 14 4 0 1 4 2 2 2 2 1 0 1 4 1 1
0 25 1 1 3 0 1 0 3 4 4 4 4 4 4 4 3 3 4 0 4 0 4 0 4 0 4
0 24 1 4 0 1 4 2 2 2 4 0 1 4 2 2 2 2 2 1 0 1 4 2 2 1
0 9 1 1 1 1 1 0 3 3 3
0 10 0 1 0 3 3 2 2 4 0 4
0 7 1 1 1 0 3 3 3
0 39 1 0 1 4 0 4 0 1 4 2 2 2 2 4 0 1 4 0 1 0 1 4 2 2 2 2 2 2 4 0 1 4 2 4 0 1 4 2 2
0 6 1 0 1 4 0 4
0 14 3 4 0 1 4 2 1 0 1 4 1 4 0 1
0 7 1 1 1 0 0 1 4
0 12 4 0 1 4 2 2 2 4 0 1 4 2
0 8 3 1 1 1 0 3 3 4
0 33 1 4 0 1 4 2 2 2 4 0 1 4 2 2 2 2 2 1 0 1 4 2 2 1 0 1 4 2 1 0 1 1 1
0 45 1 0 1 4 0 4 0 1 4 2 2 2 2 4 0 1 4 0 1 0 1 4 2 2 2 2 2 2 4 0 1 4 2 4 0 1 4 2 2 3 1 1 1 1 1
0 16 4 0 1 4 1 1 0 1 4 2 1 0 1 4 2 2
0 9 1 3 1 1 0 1 1 1 0
0 13 1 1 1 3 1 1 1 1 1 1 0 3 4
0 5 1 1 3 1 1
0 7 4 0 1 4 2 1 0
0 17 4 0 1 4 2 2 2 2 1 0 1 4 2 2 4 0 1
0 29 1 0 1 4 2 2 2 1 0 1 4 2 2 2 2 2 2 4 0 1 4 2 2 2 2 2 2 4 0
0 7 3 0 1 1 0 1 4
0 8 1 3 3 4 0 1 4 2
0 6 1 0 1 1 0 1
0 6 1 1 3 0 1 0
0 30 1 4 0 1 4 2 2 2 4 0 1 4 2 2 2 2 2 1 0 1 4 2 2 1 0 1 4 2 1 0
0 18 4 0 1 4 2 2 2 2 1 0 1 4 1 1 3 1 1 1
0 42 3 4 0 1 4 2 1 0 1 4 1 4 0 1 4 2 2 2 2 4 0 1 4 2 2 2 2 4 0 1 4 1 1 0 1 4 2 2 2 2 2 2
0 8 1 0 1 4 2 2 2 1
0 7 1 1 1 1 0 0 1
0 5 1 1 1 1 1
0 12 1 3 3 4 0 1 4 2 2 2 2 2
0 8 3 4 0 1 4 2 1 0
0 6 1 3 1 1 0 1
0 14 4 0 1 4 2 2 2 2 2 1 1 0 1 4
0 13 1 0 1 4 2 2 2 1 0 1 4 2 2
0 34 1 0 1 4 2 2 2 1 0 1 4 2 2 2 2 2 2 4 0 1 4 2 2 2 2 2 2 4 0 1 4 2 1 3
0 26 1 1 1 0 1 4 4 2 0 2 0 2 2 2 2 3 1 1 1 1 1 1 1 1 1 4
0 8 0 1 1 1 1 0 3 4
0 7 1 4 0 1 4 2 2
0 15 3 4 0 1 4 2 1 0 1 4 1 4 0 1 4
0 29 1 1 3 0 1 0 3 4 4 4 4 4 4 4 3 3 4 0 4 0 4 0 4 0 4 0 4 0 4
0 13 1 1 0 1 4 0 1 0 1 4 2 2 1
0 34 1 1 4 0 1 4 2 2 2 4 0 1 4 0 4 0 1 4 2 2 1 0 1 4 0 4 0 1 4 0 1 0 1 4
0 35 4 0 1 4 2 2 2 2 1 0 1 4 2 2 4 0 1 4 2 2 2 2 2 1 0 1 4 1 1 1 1 3 0 1 1
0 4 1 0 1 4
0 15 1 0 1 4 0 4 0 1 4 2 2 2 2 4 0
0 16 1 1 1 1 1 0 3 3 3 3 3 3 3 3 3 3
0 27 4 0 1 4 1 1 0 1 4 2 1 0 1 4 2 2 2 2 4 0 1 4 2 2 3 1 3
0 52 3 4 0 1 4 2 1 0 1 4 1 4 0 1 4 2 2 2 2 4 0 1 4 2 2 2 2 4 0 1 4 1 1 0 1 4 2 2 2 2 2 2 1 0 1 4 2 2 2 2 2 2
0 31 1 0 1 4 0 4 0 1 4 2 2 2 2 4 0 1 4 0 1 0 1 4 2 2 2 2 2 2 4 0 1
0 14 4 0 1 4 2 2 2 4 0 1 4 2 2 2
0 8 4 0 1 4 0 4 0 1
0 35 1 0 1 4 2 2 2 1 0 1 4 2 2 2 2 2 2 4 0 1 4 2 2 2 2 2 2 4 0 1 4 2 1 3 0
0 26 4 0 1 4 2 2 2 2 1 0 1 4 1 1 3 1 1 1 0 3 3 3 3 3 3 3
0 31 1 0 1 4 2 2 2 1 0 1 4 2 2 2 2 2 2 4 0 1 4 2 2 2 2 2 2 4 0 1 4
0 4 3 3 1 3
0 7 1 3 1 0 1 1 1
0 9 4 0 1 4 2 2 2 2 1
0 6 0 0 3 3 3 3
0 33 1 3 3 4 0 1 4 2 2 2 2 2 2 4 0 1 4 0 4 0 1 4 2 1 0 1 4 2 2 2 2 2 2
0 16 1 3 3 4 0 1 4 2 2 2 2 2 2 4 0 1
0 5 1 4 0 1 4
0 18 1 0 1 4 0 4 0 1 4 2 2 2 2 4 0 1 4 0
0 10 1 0 1 1 1 1 1 0 3 4
0 22 1 0 1 4 2 2 2 1 0 1 4 2 2 2 2 2 2 4 0 1 4 2
0 4 1 1 1 3
0 1 0
0 5 1 1 1 0 3
0 45 1 1 4 0 1 4 2 2 2 4 0 1 4 0 4 0 1 4 2 2 1 0 1 4 0 4 0 1 4 0 1 0 1 4 2 2 2 2 1 0 1 1 1 1 0
0 12 1 1 4 0 1 4 2 2 2 4 0 1
0 14 1 0 1 4 2 2 2 1 0 1 4 2 2 2
0 3 0 1 1
0 8 1 3 1 1 1 1 1 0
0 16 1 0 1 4 2 2 2 1 0 1 4 2 2 2 2 2
0 6 4 0 1 4 2 2
0 5 0 1 0 3 3
0 41 3 4 0 1 4 2 1 0 1 4 1 4 0 1 4 2 2 2 2 4 0 1 4 2 2 2 2 4 0 1 4 1 1 0 1 4 2 2 2 2 2
0 28 4 0 1 4 0 4 0 1 4 2 1 0 1 4 2 2 1 0 1 4 0 4 0 1 4 1 1 1
0 5 1 0 1 4 0
0 7 3 1 3 3 0 1 1
0 20 4 0 1 4 1 1 0 1 4 2 1 0 1 4 2 2 2 2 4 0
0 5 3 0 1 1 0
0 8 1 1 4 0 1 4 2 2
0 9 1 4 0 1 4 2 2 2 4
0 6 3 1 1 1 0 3
0 8 3 3 1 3 1 1 1 1
0 15 1 1 1 1 1 0 3 3 3 3 3 3 3 3 3
0 19 1 3 3 4 0 1 4 2 2 2 2 2 2 4 0 1 4 0 4
0 7 1 1 1 1 0 1 4
0 21 4 0 1 4 2 2 2 2 1 0 1 4 2 2 4 0 1 4 2 2 2
0 31 1 1 3 0 1 0 3 4 4 4 4 4 4 4 3 3 4 0 4 0 4 0 4 0 4 0 4 0 4 0 4
0 7 1 3 1 1 0 1 1
0 46 1 1 4 0 1 4 2 2 2 4 0 1 4 0 4 0 1 4 2 2 1 0 1 4 0 4 0 1 4 0 1 0 1 4 2 2 2 2 1 0 1 1 1 1 0 1
0 10 1 1 1 3 1 1 1 1 1 1
0 3 3 4 0
0 5 1 3 3 3 0
0 62 1 4 0 1 4 2 2 2 4 0 1 4 2 2 2 2 2 1 0 1 4 2 2 1 0 1 4 2 1 0 1 1 1 1 1 0 1 4 4 4 4 0 2 2 2 0 2 0 0 2 0 0 0 0 2 0 0 0 2 0 0 4
0 33 3 4 0 1 4 2 1 0 1 4 1 4 0 1 4 2 2 2 2 4 0 1 4 2 2 2 2 4 0 1 4 1 1
0 15 4 0 1 4 1 4 0 1 4 2 2 2 2 2 1
0 4 0 1 0 3
0 26 1 3 3 4 0 1 4 2 2 2 2 2 2 4 0 1 4 0 4 0 1 4 2 1 0 1
0 31 1 3 3 4 0 1 4 2 2 2 2 2 2 4 0 1 4 0 4 0 1 4 2 1 0 1 4 2 2 2 2
0 7 1 3 3 4 0 1 4
0 12 4 0 1 4 2 2 2 2 1 0 1 4
0 2 1 3
0 16 1 0 1 4 2 2 4 0 1 4 2 2 2 2 1 0
0 14 1 3 3 4 0 1 4 2 2 2 2 2 2 4
0 13 1 1 4 0 1 4 2 2 2 4 0 1 4
0 48 1 1 1 0 0 1 4 4 2 3 2 2 2 2 0 0 2 2 0 0 0 0 2 2 0 0 0 0 4 0 0 0 0 1 1 1 4 0 4 0 3 3 1 4 0 4 0 4
0 5 3 3 1 3 1
0 58 3 4 0 1 4 2 1 0 1 4 1 4 0 1 4 2 2 2 2 4 0 1 4 2 2 2 2 4 0 1 4 1 1 0 1 4 2 2 2 2 2 2 1 0 1 4 2 2 2 2 2 2 3 0 1 1 0 3
0 27 1 3 3 4 0 1 4 2 2 2 2 2 2 4 0 1 4 0 4 0 1 4 2 1 0 1 4
0 39 1 1 1 0 0 1 4 4 2 3 2 2 2 2 0 0 2 2 0 0 0 0 2 2 0 0 0 0 4 0 0 0 0 1 1 1 4 0 4
0 5 1 0 1 4 2
0 20 1 1 4 0 1 4 2 2 2 4 0 1 4 0 4 0 1 4 2 2
0 9 1 3 1 1 1 1 1 0 1
0 8 1 0 1 4 0 4 0 1
0 9 1 1 1 3 3 1 1 1 1
0 21 1 0 1 4 2 2 2 1 0 1 4 2 2 2 2 2 2 4 0 1 4
0 7 1 3 1 1 1 1 1
0 32 4 0 1 4 2 2 2 2 1 0 1 4 2 2 4 0 1 4 2 2 2 2 2 1 0 1 4 1 1 1 1 3
0 6 1 1 1 1 1 1
0 1 4
0 17 4 0 1 4 1 1 0 1 4 2 1 0 1 4 2 2 2
0 19 1 0 1 4 2 2 2 1 0 1 4 2 2 2 2 2 2 4 0
0 17 4 0 1 4 2 2 2 2 2 1 1 0 1 4 2 2 2
0 26 1 1 1 0 2 4 4 4 4 4 0 2 2 2 0 2 2 2 2 2 0 0 0 2 0 4
0 24 4 0 1 4 2 2 2 2 2 1 1 0 1 4 2 2 2 2 2 2 4 0 1 4
0 12 0 1 0 3 3 2 2 4 0 4 0 4
0 9 3 4 0 1 4 2 1 0 1
0 4 3 4 0 1
0 7 1 1 1 1 1 0 3
0 29 1 1 1 0 0 1 4 4 2 3 2 2 2 2 0 0 2 2 0 0 0 0 2 2 0 0 0 0 4
0 3 4 0 1
0 10 1 3 3 4 0 1 4 2 2 2
0 18 4 0 1 4 1 4 0 1 4 2 2 2 2 2 1 0 1 1
0 8 1 1 1 1 0 0 1 4
0 18 1 0 1 4 2 2 4 0 1 4 2 2 2 2 1 0 1 1
0 27 1 4 0 1 4 2 2 2 4 0 1 4 2 2 2 2 2 1 0 1 4 2 2 1 0 1 4
0 6 1 3 1 0 1 1
0 28 1 4 0 1 4 2 2 2 4 0 1 4 2 2 2 2 2 1 0 1 4 2 2 1 0 1 4 2
0 15 4 0 1 4 2 2 2 2 1 0 1 4 1 1 3
0 55 3 4 0 1 4 2 1 0 1 4 1 4 0 1 4 2 2 2 2 4 0 1 4 2 2 2 2 4 0 1 4 1 1 0 1 4 2 2 2 2 2 2 1 0 1 4 2 2 2 2 2 2 3 0 1
0 14 4 0 1 4 1 1 0 1 4 2 1 0 1 4
0 4 1 3 3 3
0 38 1 0 1 4 0 4 0 1 4 2 2 2 2 4 0 1 4 0 1 0 1 4 2 2 2 2 2 2 4 0 1 4 2 4 0 1 4 2
0 6 1 0 1 1 1 1
0 16 4 0 1 4 2 2 2 4 0 1 4 2 2 2 2 2
0 33 1 0 1 4 2 2 2 1 0 1 4 2 2 2 2 2 2 4 0 1 4 2 2 2 2 2 2 4 0 1 4 2 1
0 10 4 0 1 4 0 4 0 1 4 2
0 17 1 1 4 0 1 4 2 2 2 4 0 1 4 0 4 0 1
0 10 1 1 4 0 1 4 2 2 2 4
0 57 3 4 0 1 4 2 1 0 1 4 1 4 0 1 4 2 2 2 2 4 0 1 4 2 2 2 2 4 0 1 4 1 1 0 1 4 2 2 2 2 2 2 1 0 1 4 2 2 2 2 2 2 3 0 1 1 0
0 11 1 3 3 4 0 1 4 2 2 2 2
0 37 4 0 1 4 2 2 2 2 1 0 1 4 2 2 4 0 1 4 2 2 2 2 2 1 0 1 4 1 1 1 1 3 0 1 1 1 0
0 7 1 0 1 4 2 2 2
0 26 4 0 1 4 1 1 0 1 4 2 1 0 1 4 2 2 2 2 4 0 1 4 2 2 3 1
0 19 1 4 0 1 4 2 2 2 4 0 1 4 2 2 2 2 2 1 0
0 39 1 1 3 0 1 0 3 4 4 4 4 4 4 4 3 3 4 0 4 0 4 0 4 0 4 0 4 0 4 0 4 0 3 3 4 0 4 0 4
0 7 1 1 1 3 1 1 1
0 20 1 0 1 4 0 4 0 1 4 2 2 2 2 4 0 1 4 0 1 0
0 8 1 4 0 1 4 2 2 2
0 21 4 0 1 4 2 2 2 2 1 0 1 4 1 1 3 1 1 1 0 3 3
0 50 1 1 3 0 1 0 3 4 4 4 4 4 4 4 3 3 4 0 4 0 4 0 4 0 4 0 4 0 4 0 4 0 3 3 4 0 4 0 4 0 4 0 3 4 0 4 0 4 0 4
0 7 3 1 1 1 0 3 3
0 6 0 1 1 0 3 3
0 14 4 0 1 4 2 1 0 1 4 1 0 1 1 1
0 10 1 3 1 0 1 1 1 0 3 4
0 13 1 0 1 4 2 2 4 0 1 4 2 2 2
0 2 0 0
0 7 1 1 3 1 1 1 1
0 7 1 0 1 4 2 2 4
0 17 1 0 1 4 2 2 4 0 1 4 2 2 2 2 1 0 1
0 19 4 0 1 4 0 4 0 1 4 2 1 0 1 4 2 2 1 0 1
0 5 1 3 3 0 1
0 11 4 0 1 4 1 4 0 1 4 2 2
0 10 1 4 0 1 4 2 2 2 4 0
0 12 1 0 1 4 0 4 0 1 4 2 2 2
0 24 4 0 1 4 2 2 2 2 1 0 1 4 1 1 3 1 1 1 0 3 3 3 3 3
0 6 1 3 1 1 1 0
0 4 3 1 1 1
0 23 4 0 1 4 2 2 2 2 2 1 1 0 1 4 2 2 2 2 2 2 4 0 1
0 7 1 1 0 1 4 0 1
0 30 4 0 1 4 1 1 0 1 4 2 1 0 1 4 2 2 2 2 4 0 1 4 2 2 3 1 3 3 1 0
0 46 1 1 3 0 1 0 3 4 4 4 4 4 4 4 3 3 4 0 4 0 4 0 4 0 4 0 4 0 4 0 4 0 3 3 4 0 4 0 4 0 4 0 3 4 0 4
0 31 1 1 4 0 1 4 2 2 2 4 0 1 4 0 4 0 1 4 2 2 1 0 1 4 0 4 0 1 4 0 1
0 15 4 0 1 4 2 1 0 1 4 1 0 1 1 1 1
0 6 1 1 1 0 0 1
0 27 1 1 4 0 1 4 2 2 2 4 0 1 4 0 4 0 1 4 2 2 1 0 1 4 0 4 0
0 20 4 0 1 4 2 2 2 2 1 0 1 4 2 2 4 0 1 4 2 2
0 38 1 0 1 4 2 2 2 1 0 1 4 2 2 2 2 2 2 4 0 1 4 2 2 2 2 2 2 4 0 1 4 2 1 3 0 0 3 3
0 17 4 0 1 4 2 2 2 2 1 0 1 4 1 1 3 1 1
0 19 4 0 1 4 2 2 2 4 0 1 4 2 2 2 2 2 2 1 1
0 11 3 1 3 3 0 1 1 1 1 0 4
0 5 1 1 0 1 4
0 4 1 0 1 0
0 2 4 0
0 13 1 1 3 1 1 1 1 1 1 1 0 3 4
0 35 1 1 3 0 1 0 3 4 4 4 4 4 4 4 3 3 4 0 4 0 4 0 4 0 4 0 4 0 4 0 4 0 3 3 4
0 6 0 1 1 0 3 4
0 31 1 1 1 1 1 1 0 1 2 2 3 4 0 1 4 0 2 3 4 0 4 0 4 0 4 0 4 0 4 0 4
0 13 0 1 1 0 3 3 3 3 3 3 3 3 4
0 32 1 0 1 4 2 2 2 1 0 1 4 2 2 2 2 2 2 4 0 1 4 2 2 2 2 2 2 4 0 1 4 2
0 11 4 0 1 4 2 2 2 2 1 0 1
0 46 1 0 1 4 0 4 0 1 4 2 2 2 2 4 0 1 4 0 1 0 1 4 2 2 2 2 2 2 4 0 1 4 2 4 0 1 4 2 2 3 1 1 1 1 1 0
0 22 3 4 0 1 4 2 1 0 1 4 1 4 0 1 4 2 2 2 2 4 0 1
0 14 4 0 1 4 0 4 0 1 4 2 1 0 1 4
0 6 3 0 1 1 0 1
0 12 0 1 1 0 3 3 3 3 3 3 3 3
0 23 1 1 1 1 1 1 0 1 2 2 3 4 0 1 4 0 2 3 4 0 4 0 4
0 5 1 1 4 0 1
0 25 4 0 1 4 2 2 2 2 2 1 1 0 1 4 2 2 2 2 2 2 4 0 1 4 2
0 6 4 0 1 4 1 4
0 11 1 1 1 3 1 1 1 1 1 1 0
0 26 4 0 1 4 2 2 2 2 1 0 1 4 2 2 4 0 1 4 2 2 2 2 2 1 0 1
0 31 4 0 1 4 2 2 2 2 1 0 1 4 2 2 4 0 1 4 2 2 2 2 2 1 0 1 4 1 1 1 1
0 5 0 1 1 1 0
0 38 1 3 3 4 0 1 4 2 2 2 2 2 2 4 0 1 4 0 4 0 1 4 2 1 0 1 4 2 2 2 2 2 2 4 0 1 4 2
0 18 3 4 0 1 4 2 1 0 1 4 1 4 0 1 4 2 2 2
0 43 1 0 1 4 0 4 0 1 4 2 2 2 2 4 0 1 4 0 1 0 1 4 2 2 2 2 2 2 4 0 1 4 2 4 0 1 4 2 2 3 1 1 1
0 35 1 3 3 4 0 1 4 2 2 2 2 2 2 4 0 1 4 0 4 0 1 4 2 1 0 1 4 2 2 2 2 2 2 4 0
0 12 1 1 1 1 1 0 3 3 3 3 3 3
0 10 1 3 1 1 0 1 1 1 0 1
0 9 4 0 1 4 0 4 0 1 4
0 47 1 0 1 4 0 4 0 1 4 2 2 2 2 4 0 1 4 0 1 0 1 4 2 2 2 2 2 2 4 0 1 4 2 4 0 1 4 2 2 3 1 1 1 1 1 0 3
0 4 0 1 1 1
0 13 4 0 1 4 1 4 0 1 4 2 2 2 2
0 9 4 0 1 4 1 1 0 1 4
0 7 1 1 1 3 0 1 1
0 43 3 4 0 1 4 2 1 0 1 4 1 4 0 1 4 2 2 2 2 4 0 1 4 2 2 2 2 4 0 1 4 1 1 0 1 4 2 2 2 2 2 2 1
0 10 1 1 1 3 0 1 1 1 0 1
0 44 1 1 3 0 1 0 3 4 4 4 4 4 4 4 3 3 4 0 4 0 4 0 4 0 4 0 4 0 4 0 4 0 3 3 4 0 4 0 4 0 4 0 3 4
0 30 3 4 0 1 4 2 1 0 1 4 1 4 0 1 4 2 2 2 2 4 0 1 4 2 2 2 2 4 0 1
0 21 1 1 3 0 1 0 3 4 4 4 4 4 4 4 3 3 4 0 4 0 4
0 22 1 3 3 4 0 1 4 2 2 2 2 2 2 4 0 1 4 0 4 0 1 4
0 18 1 4 0 1 4 2 2 2 4 0 1 4 2 2 2 2 2 1
0 27 4 0 1 4 0 4 0 1 4 2 1 0 1 4 2 2 1 0 1 4 0 4 0 1 4 1 1
0 10 4 0 1 4 2 1 0 1 4 1
0 17 1 1 3 0 1 0 3 4 4 4 4 4 4 4 3 3 4
0 24 1 1 4 0 1 4 2 2 2 4 0 1 4 0 4 0 1 4 2 2 1 0 1 4
0 16 1 0 1 4 0 4 0 1 4 2 2 2 2 4 0 1
0 2 1 1
0 8 1 3 3 0 1 1 0 1
0 21 1 0 1 4 2 2 4 0 1 4 2 2 2 2 1 0 1 1 1 1 1
0 13 3 3 1 3 1 1 1 1 1 1 0 1 4
0 13 1 1 1 0 3 3 3 3 3 3 3 3 4
0 15 1 1 0 1 4 0 1 0 1 4 2 2 1 0 1
0 5 1 3 3 4 0
0 6 1 1 0 1 4 0
0 29 4 0 1 4 0 4 0 1 4 2 1 0 1 4 2 2 1 0 1 4 0 4 0 1 4 1 1 1 0
0 20 1 3 3 4 0 1 4 2 2 2 2 2 2 4 0 1 4 0 4 0
0 12 3 4 0 1 4 2 1 0 1 4 1 4
0 7 1 0 3 3 3 3 3
0 22 4 0 1 4 1 1 0 1 4 2 1 0 1 4 2 2 2 2 4 0 1 4
0 43 1 3 3 4 0 1 4 2 2 2 2 2 2 4 0 1 4 0 4 0 1 4 2 1 0 1 4 2 2 2 2 2 2 4 0 1 4 2 1 1 1 1 1
0 30 4 0 1 4 2 2 2 2 1 0 1 4 2 2 4 0 1 4 2 2 2 2 2 1 0 1 4 1 1 1
0 11 1 3 1 1 0 1 1 1 0 1 4
0 5 0 0 3 3 3
0 12 1 1 0 1 4 0 1 0 1 4 2 2
0 20 1 1 0 1 4 0 1 0 1 4 2 2 1 0 1 4 0 4 0 1
0 12 3 3 1 3 1 1 1 1 1 1 0 1
0 36 1 0 1 4 0 4 0 1 4 2 2 2 2 4 0 1 4 0 1 0 1 4 2 2 2 2 2 2 4 0 1 4 2 4 0 1
0 23 1 1 0 1 4 0 1 0 1 4 2 2 1 0 1 4 0 4 0 1 4 0 0
0 21 1 1 1 1 1 1 0 1 2 2 3 4 0 1 4 0 2 3 4 0 4
0 29 3 4 0 1 4 2 1 0 1 4 1 4 0 1 4 2 2 2 2 4 0 1 4 2 2 2 2 4 0
0 6 1 1 1 0 3 3
0 10 4 0 1 4 1 1 0 1 4 2
0 19 4 0 1 4 2 2 2 2 1 0 1 4 2 2 4 0 1 4 2
0 59 3 4 0 1 4 2 1 0 1 4 1 4 0 1 4 2 2 2 2 4 0 1 4 2 2 2 2 4 0 1 4 1 1 0 1 4 2 2 2 2 2 2 1 0 1 4 2 2 2 2 2 2 3 0 1 1 0 3 4
0 10 1 1 1 3 3 1 1 1 1 0
0 9 0 0 3 3 3 3 3 3 3
0 9 1 0 1 1 1 1 1 0 3
0 41 1 3 3 4 0 1 4 2 2 2 2 2 2 4 0 1 4 0 4 0 1 4 2 1 0 1 4 2 2 2 2 2 2 4 0 1 4 2 1 1 1
0 7 1 0 1 4 0 4 0
0 6 3 1 3 3 0 1
0 5 1 0 1 0 3
0 16 1 1 0 1 4 0 1 0 1 4 2 2 1 0 1 4
0 1 3
0 4 1 3 3 4
0 7 3 3 1 3 1 1 1
0 24 4 0 1 4 2 2 2 4 0 1 4 2 2 2 2 2 2 1 1 1 1 1 0 4
0 3 3 0 1
0 18 4 0 1 4 2 2 2 2 2 1 1 0 1 4 2 2 2 2
0 6 1 0 1 0 3 4
0 8 4 0 1 4 2 2 2 2
0 13 4 0 1 4 0 4 0 1 4 2 1 0 1
0 22 1 0 1 4 0 4 0 1 4 2 2 2 2 4 0 1 4 0 1 0 1 4
0 5 3 4 0 1 4
0 49 3 4 0 1 4 2 1 0 1 4 1 4 0 1 4 2 2 2 2 4 0 1 4 2 2 2 2 4 0 1 4 1 1 0 1 4 2 2 2 2 2 2 1 0 1 4 2 2 2
0 28 4 0 1 4 1 1 0 1 4 2 1 0 1 4 2 2 2 2 4 0 1 4 2 2 3 1 3 3
0 31 4 0 1 4 2 2 2 2 2 1 1 0 1 4 2 2 2 2 2 2 4 0 1 4 2 2 1 0 1 0 1
0 40 1 0 1 4 0 4 0 1 4 2 2 2 2 4 0 1 4 0 1 0 1 4 2 2 2 2 2 2 4 0 1 4 2 4 0 1 4 2 2 3
0 53 3 4 0 1 4 2 1 0 1 4 1 4 0 1 4 2 2 2 2 4 0 1 4 2 2 2 2 4 0 1 4 1 1 0 1 4 2 2 2 2 2 2 1 0 1 4 2 2 2 2 2 2 3
0 6 4 0 1 4 0 4
0 8 4 0 1 4 1 4 0 1
0 6 1 3 1 1 1 1
0 25 1 3 3 4 0 1 4 2 2 2 2 2 2 4 0 1 4 0 4 0 1 4 2 1 0
0 37 1 1 1 0 0 1 4 4 2 3 2 2 2 2 0 0 2 2 0 0 0 0 2 2 0 0 0 0 4 0 0 0 0 1 1 1 4
0 6 3 3 1 3 1 1
0 29 1 1 1 1 1 1 0 1 2 2 3 4 0 1 4 0 2 3 4 0 4 0 4 0 4 0 4 0 4
0 13 4 0 1 4 2 2 2 2 2 1 1 0 1
0 66 1 1 1 0 0 1 4 4 2 3 2 2 2 2 0 0 2 2 0 0 0 0 2 2 0 0 0 0 4 0 0 0 0 1 1 1 4 0 4 0 3 3 1 4 0 4 0 4 0 3 0 2 2 0 2 0 2 2 0 2 0 0 2 2 0 4
0 11 1 1 0 1 4 0 1 0 1 4 2
0 35 1 0 1 4 0 4 0 1 4 2 2 2 2 4 0 1 4 0 1 0 1 4 2 2 2 2 2 2 4 0 1 4 2 4 0
0 12 1 0 1 4 2 2 2 1 0 1 4 2
0 14 4 0 1 4 2 2 2 2 1 0 1 4 2 2
0 37 1 1 4 0 1 4 2 2 2 4 0 1 4 0 4 0 1 4 2 2 1 0 1 4 0 4 0 1 4 0 1 0 1 4 2 2 2
0 16 1 1 4 0 1 4 2 2 2 4 0 1 4 0 4 0
0 3 1 0 3
0 34 1 3 3 4 0 1 4 2 2 2 2 2 2 4 0 1 4 0 4 0 1 4 2 1 0 1 4 2 2 2 2 2 2 4
0 10 1 0 1 4 2 2 4 0 1 4
0 9 1 0 1 1 1 1 1 0 1
0 34 1 0 1 4 0 4 0 1 4 2 2 2 2 4 0 1 4 0 1 0 1 4 2 2 2 2 2 2 4 0 1 4 2 4
0 3 0 0 3
0 6 1 4 0 1 4 2
0 33 1 1 4 0 1 4 2 2 2 4 0 1 4 0 4 0 1 4 2 2 1 0 1 4 0 4 0 1 4 0 1 0 1
0 19 1 1 0 1 4 0 1 0 1 4 2 2 1 0 1 4 0 4 0
0 10 1 1 1 0 3 3 3 3 3 3
0 38 3 4 0 1 4 2 1 0 1 4 1 4 0 1 4 2 2 2 2 4 0 1 4 2 2 2 2 4 0 1 4 1 1 0 1 4 2 2
0 10 1 0 1 4 2 2 2 1 0 1
0 14 1 4 0 1 4 2 2 2 4 0 1 4 2 2
0 5 1 1 1 3 3
0 18 4 0 1 4 2 2 2 2 1 0 1 4 2 2 4 0 1 4
0 44 1 1 4 0 1 4 2 2 2 4 0 1 4 0 4 0 1 4 2 2 1 0 1 4 0 4 0 1 4 0 1 0 1 4 2 2 2 2 1 0 1 1 1 1
0 39 3 4 0 1 4 2 1 0 1 4 1 4 0 1 4 2 2 2 2 4 0 1 4 2 2 2 2 4 0 1 4 1 1 0 1 4 2 2 2
0 8 1 1 0 1 4 0 1 0
0 19 1 0 1 4 0 4 0 1 4 2 2 2 2 4 0 1 4 0 1
0 7 1 0 1 1 1 1 0
0 30 4 0 1 4 0 4 0 1 4 2 1 0 1 4 2 2 1 0 1 4 0 4 0 1 4 1 1 1 0 1
0 2 0 1
0 23 1 3 3 4 0 1 4 2 2 2 2 2 2 4 0 1 4 0 4 0 1 4 2
0 17 4 0 1 4 0 4 0 1 4 2 1 0 1 4 2 2 1
0 8 1 1 1 3 1 1 0 3
0 1 1
0 18 1 1 4 0 1 4 2 2 2 4 0 1 4 0 4 0 1 4
0 12 1 1 1 1 1 1 0 1 2 2 3 4
0 8 1 0 3 3 3 3 3 3
0 7 1 3 3 3 0 1 1
0 5 1 1 1 3 1
0 3 3 3 1
0 27 1 1 3 0 1 0 3 4 4 4 4 4 4 4 3 3 4 0 4 0 4 0 4 0 4 0 4
0 37 1 4 0 1 4 2 2 2 4 0 1 4 2 2 2 2 2 1 0 1 4 2 2 1 0 1 4 2 1 0 1 1 1 1 1 0 1
0 28 1 1 4 0 1 4 2 2 2 4 0 1 4 0 4 0 1 4 2 2 1 0 1 4 0 4 0 1
0 11 1 4 0 1 4 2 2 2 4 0 1
0 25 1 4 0 1 4 2 2 2 4 0 1 4 2 2 2 2 2 1 0 1 4 2 2 1 0
0 11 0 1 1 0 3 3 3 3 3 3 3
0 24 4 0 1 4 1 1 0 1 4 2 1 0 1 4 2 2 2 2 4 0 1 4 2 2
0 36 1 4 0 1 4 2 2 2 4 0 1 4 2 2 2 2 2 1 0 1 4 2 2 1 0 1 4 2 1 0 1 1 1 1 1 0
0 37 1 1 3 0 1 0 3 4 4 4 4 4 4 4 3 3 4 0 4 0 4 0 4 0 4 0 4 0 4 0 4 0 3 3 4 0 4
0 33 4 0 1 4 2 2 2 2 1 0 1 4 2 2 4 0 1 4 2 2 2 2 2 1 0 1 4 1 1 1 1 3 0
0 6 1 1 4 0 1 4
0 26 1 1 4 0 1 4 2 2 2 4 0 1 4 0 4 0 1 4 2 2 1 0 1 4 0 4
0 21 1 1 4 0 1 4 2 2 2 4 0 1 4 0 4 0 1 4 2 2 1
0 6 1 3 3 3 0 1
0 4 3 1 3 3
0 27 1 1 1 1 1 1 0 1 2 2 3 4 0 1 4 0 2 3 4 0 4 0 4 0 4 0 4
0 4 1 1 1 1
0 2 3 0
0 9 1 1 1 3 1 1 1 1 1
0 23 4 0 1 4 2 2 2 2 1 0 1 4 2 2 4 0 1 4 2 2 2 2 2
0 24 1 1 0 1 4 0 1 0 1 4 2 2 1 0 1 4 0 4 0 1 4 0 0 0
0 10 0 0 3 3 3 3 3 3 3 3
0 4 1 1 0 1
0 29 1 0 1 4 0 4 0 1 4 2 2 2 2 4 0 1 4 0 1 0 1 4 2 2 2 2 2 2 4
0 17 1 0 1 4 0 4 0 1 4 2 2 2 2 4 0 1 4
0 23 4 0 1 4 2 2 2 2 1 0 1 4 1 1 3 1 1 1 0 3 3 3 3
0 19 4 0 1 4 1 4 0 1 4 2 2 2 2 2 1 0 1 1 0
0 30 1 3 3 4 0 1 4 2 2 2 2 2 2 4 0 1 4 0 4 0 1 4 2 1 0 1 4 2 2 2
0 20 4 0 1 4 2 2 2 2 1 0 1 4 1 1 3 1 1 1 0 3
0 39 1 0 1 4 2 2 2 1 0 1 4 2 2 2 2 2 2 4 0 1 4 2 2 2 2 2 2 4 0 1 4 2 1 3 0 0 3 3 3
0 10 1 1 1 3 1 1 0 3 3 4
0 25 1 0 1 4 0 4 0 1 4 2 2 2 2 4 0 1 4 0 1 0 1 4 2 2 2
0 4 1 0 1 1
0 7 1 3 1 1 1 0 1
0 45 1 3 3 4 0 1 4 2 2 2 2 2 2 4 0 1 4 0 4 0 1 4 2 1 0 1 4 2 2 2 2 2 2 4 0 1 4 2 1 1 1 1 1 0 1
0 5 1 3 1 1 1
0 17 4 0 1 4 1 4 0 1 4 2 2 2 2 2 1 0 1
0 5 1 1 1 0 1
0 9 3 3 1 3 1 1 1 1 1
0 12 4 0 1 4 2 2 2 2 2 1 1 0
0 9 1 1 1 3 0 1 1 1 0
0 29 1 4 0 1 4 2 2 2 4 0 1 4 2 2 2 2 2 1 0 1 4 2 2 1 0 1 4 2 1
0 28 4 0 1 4 2 2 2 2 1 0 1 4 1 1 3 1 1 1 0 3 3 3 3 3 3 3 3 3
0 8 1 3 1 0 1 1 1 0
0 34 1 4 0 1 4 2 2 2 4 0 1 4 2 2 2 2 2 1 0 1 4 2 2 1 0 1 4 2 1 0 1 1 1 1
0 16 4 0 1 4 2 2 2 2 1 0 1 4 2 2 4 0
0 5 0 1 1 0 3
0 8 1 1 1 1 1 0 3 4
0 9 1 0 3 3 3 3 3 3 4
0 3 1 1 1
0 9 1 3 3 4 0 1 4 2 2
0 29 1 3 3 4 0 1 4 2 2 2 2 2 2 4 0 1 4 0 4 0 1 4 2 1 0 1 4 2 2
0 11 4 0 1 4 1 1 0 1 4 2 1
0 4 0 0 1 4
0 25 1 1 0 1 4 0 1 0 1 4 2 2 1 0 1 4 0 4 0 1 4 0 0 0 1
0 35 3 4 0 1 4 2 1 0 1 4 1 4 0 1 4 2 2 2 2 4 0 1 4 2 2 2 2 4 0 1 4 1 1 0 1
0 20 1 0 1 4 2 2 4 0 1 4 2 2 2 2 1 0 1 1 1 1
0 5 4 0 1 4 0
0 5 0 1 1 1 1
0 25 1 1 1 1 1 1 0 1 2 2 3 4 0 1 4 0 2 3 4 0 4 0 4 0 4
0 22 4 0 1 4 2 2 2 2 1 0 1 4 2 2 4 0 1 4 2 2 2 2
0 47 1 1 4 0 1 4 2 2 2 4 0 1 4 0 4 0 1 4 2 2 1 0 1 4 0 4 0 1 4 0 1 0 1 4 2 2 2 2 1 0 1 1 1 1 0 1 4
0 47 3 4 0 1 4 2 1 0 1 4 1 4 0 1 4 2 2 2 2 4 0 1 4 2 2 2 2 4 0 1 4 1 1 0 1 4 2 2 2 2 2 2 1 0 1 4 2
0 28 4 0 1 4 2 2 2 2 2 1 1 0 1 4 2 2 2 2 2 2 4 0 1 4 2 2 1 0
0 7 3 4 0 1 4 2 1
0 28 4 0 1 4 2 2 2 2 1 0 1 4 2 2 4 0 1 4 2 2 2 2 2 1 0 1 4 1
0 11 4 0 1 4 2 2 2 4 0 1 4
0 15 4 0 1 4 0 4 0 1 4 2 1 0 1 4 2
0 13 1 0 1 4 0 4 0 1 4 2 2 2 2
0 16 1 4 0 1 4 2 2 2 4 0 1 4 2 2 2 2
0 7 1 1 4 0 1 4 2
0 24 4 0 1 4 2 2 2 2 1 0 1 4 2 2 4 0 1 4 2 2 2 2 2 1
0 6 1 0 1 4 2 2
0 29 1 1 4 0 1 4 2 2 2 4 0 1 4 0 4 0 1 4 2 2 1 0 1 4 0 4 0 1 4
0 19 1 1 4 0 1 4 2 2 2 4 0 1 4 0 4 0 1 4 2
0 12 4 0 1 4 1 1 0 1 4 2 1 0
0 13 1 4 0 1 4 2 2 2 4 0 1 4 2
0 52 1 1 3 0 1 0 3 4 4 4 4 4 4 4 3 3 4 0 4 0 4 0 4 0 4 0 4 0 4 0 4 0 3 3 4 0 4 0 4 0 4 0 3 4 0 4 0 4 0 4 0 4
0 7 1 1 3 0 1 0 3
0 13 3 4 0 1 4 2 1 0 1 4 1 4 0
0 23 3 4 0 1 4 2 1 0 1 4 1 4 0 1 4 2 2 2 2 4 0 1 4
0 31 4 0 1 4 0 4 0 1 4 2 1 0 1 4 2 2 1 0 1 4 0 4 0 1 4 1 1 1 0 1 4
0 13 4 0 1 4 2 2 2 4 0 1 4 2 2
0 29 4 0 1 4 1 1 0 1 4 2 1 0 1 4 2 2 2 2 4 0 1 4 2 2 3 1 3 3 1
0 34 3 4 0 1 4 2 1 0 1 4 1 4 0 1 4 2 2 2 2 4 0 1 4 2 2 2 2 4 0 1 4 1 1 0
0 10 4 0 1 4 2 2 2 4 0 1
0 21 4 0 1 4 0 4 0 1 4 2 1 0 1 4 2 2 1 0 1 4 0
0 56 1 1 3 0 1 0 3 4 4 4 4 4 4 4 3 3 4 0 4 0 4 0 4 0 4 0 4 0 4 0 4 0 3 3 4 0 4 0 4 0 4 0 3 4 0 4 0 4 0 4 0 4 0 4 0 4
0 11 3 3 1 3 1 1 1 1 1 1 0
0 5 1 0 1 1 0
0 3 3 1 3
0 3 1 3 1
0 9 1 0 1 4 2 2 4 0 1
0 7 1 1 1 3 1 1 0
0 30 1 1 4 0 1 4 2 2 2 4 0 1 4 0 4 0 1 4 2 2 1 0 1 4 0 4 0 1 4 0
0 17 1 4 0 1 4 2 2 2 4 0 1 4 2 2 2 2 2
0 3 1 0 4
0 8 1 0 1 1 1 1 1 0
0 13 4 0 1 4 1 1 0 1 4 2 1 0 1
0 15 1 3 3 4 0 1 4 2 2 2 2 2 2 4 0
0 14 4 0 1 4 1 4 0 1 4 2 2 2 2 2
0 32 4 0 1 4 2 2 2 2 2 1 1 0 1 4 2 2 2 2 2 2 4 0 1 4 2 2 1 0 1 0 1 4
0 43 1 1 4 0 1 4 2 2 2 4 0 1 4 0 4 0 1 4 2 2 1 0 1 4 0 4 0 1 4 0 1 0 1 4 2 2 2 2 1 0 1 1 1
0 15 4 0 1 4 2 2 2 4 0 1 4 2 2 2 2
0 15 4 0 1 4 1 1 0 1 4 2 1 0 1 4 2
0 27 4 0 1 4 2 2 2 2 1 0 1 4 1 1 3 1 1 1 0 3 3 3 3 3 3 3 3
0 14 1 1 1 1 1 0 3 3 3 3 3 3 3 3
0 3 1 1 3
0 7 1 0 1 1 1 0 1
0 20 1 0 1 4 2 2 2 1 0 1 4 2 2 2 2 2 2 4 0 1
0 46 3 4 0 1 4 2 1 0 1 4 1 4 0 1 4 2 2 2 2 4 0 1 4 2 2 2 2 4 0 1 4 1 1 0 1 4 2 2 2 2 2 2 1 0 1 4
0 41 1 0 1 4 0 4 0 1 4 2 2 2 2 4 0 1 4 0 1 0 1 4 2 2 2 2 2 2 4 0 1 4 2 4 0 1 4 2 2 3 1
0 46 1 1 1 0 0 1 4 4 2 3 2 2 2 2 0 0 2 2 0 0 0 0 2 2 0 0 0 0 4 0 0 0 0 1 1 1 4 0 4 0 3 3 1 4 0 4
0 7 1 1 1 1 1 1 0
0 3 0 1 0
0 14 1 0 1 4 0 4 0 1 4 2 2 2 2 4
0 6 4 0 1 4 1 1
0 8 1 3 1 1 0 1 1 1
0 7 0 0 3 3 3 3 3
0 39 1 3 3 4 0 1 4 2 2 2 2 2 2 4 0 1 4 0 4 0 1 4 2 1 0 1 4 2 2 2 2 2 2 4 0 1 4 2 1
0 5 1 0 3 3 3
0 4 1 3 1 1
0 15 4 0 1 4 2 2 2 2 1 0 1 4 2 2 4
0 27 4 0 1 4 2 2 2 2 2 1 1 0 1 4 2 2 2 2 2 2 4 0 1 4 2 2 1
0 23 1 0 1 4 2 2 2 1 0 1 4 2 2 2 2 2 2 4 0 1 4 2 2
0 5 1 0 1 1 1
0 5 1 3 1 1 0
0 10 1 1 3 1 1 1 1 1 1 1
0 3 0 0 1
0 42 1 0 1 4 2 2 2 1 0 1 4 2 2 2 2 2 2 4 0 1 4 2 2 2 2 2 2 4 0 1 4 2 1 3 0 0 3 3 3 3 3 3
0 17 4 0 1 4 2 2 2 4 0 1 4 2 2 2 2 2 2
0 10 4 0 1 4 2 2 2 2 2 1
0 41 1 1 3 0 1 0 3 4 4 4 4 4 4 4 3 3 4 0 4 0 4 0 4 0 4 0 4 0 4 0 4 0 3 3 4 0 4 0 4 0 4
0 11 3 4 0 1 4 2 1 0 1 4 1
0 44 1 3 3 4 0 1 4 2 2 2 2 2 2 4 0 1 4 0 4 0 1 4 2 1 0 1 4 2 2 2 2 2 2 4 0 1 4 2 1 1 1 1 1 0
0 26 1 0 1 4 0 4 0 1 4 2 2 2 2 4 0 1 4 0 1 0 1 4 2 2 2 2
0 26 4 0 1 4 0 4 0 1 4 2 1 0 1 4 2 2 1 0 1 4 0 4 0 1 4 1
0 4 4 0 1 4
0 56 3 4 0 1 4 2 1 0 1 4 1 4 0 1 4 2 2 2 2 4 0 1 4 2 2 2 2 4 0 1 4 1 1 0 1 4 2 2 2 2 2 2 1 0 1 4 2 2 2 2 2 2 3 0 1 1
0 22 1 1 4 0 1 4 2 2 2 4 0 1 4 0 4 0 1 4 2 2 1 0
0 6 0 1 1 1 0 3
0 26 1 0 1 4 2 2 2 1 0 1 4 2 2 2 2 2 2 4 0 1 4 2 2 2 2 2
0 10 4 0 1 4 1 4 0 1 4 2
0 15 4 0 1 4 2 2 2 2 2 1 1 0 1 4 2
0 6 1 0 1 1 1 0
0 10 1 3 3 3 0 1 1 0 1 4
0 16 4 0 1 4 2 1 0 1 4 1 0 1 1 1 1 0
0 17 1 1 1 1 1 0 3 3 3 3 3 3 3 3 3 3 4
0 4 3 0 1 1
0 25 4 0 1 4 2 2 2 2 1 0 1 4 2 2 4 0 1 4 2 2 2 2 2 1 0
0 6 1 1 3 1 1 1
0 8 3 1 3 3 0 1 1 1
0 51 3 4 0 1 4 2 1 0 1 4 1 4 0 1 4 2 2 2 2 4 0 1 4 2 2 2 2 4 0 1 4 1 1 0 1 4 2 2 2 2 2 2 1 0 1 4 2 2 2 2 2
0 31 3 4 0 1 4 2 1 0 1 4 1 4 0 1 4 2 2 2 2 4 0 1 4 2 2 2 2 4 0 1 4
0 24 4 0 1 4 0 4 0 1 4 2 1 0 1 4 2 2 1 0 1 4 0 4 0 1
0 37 1 0 1 4 0 4 0 1 4 2 2 2 2 4 0 1 4 0 1 0 1 4 2 2 2 2 2 2 4 0 1 4 2 4 0 1 4
0 17 3 4 0 1 4 2 1 0 1 4 1 4 0 1 4 2 2
0 5 3 1 3 3 0
0 42 1 3 3 4 0 1 4 2 2 2 2 2 2 4 0 1 4 0 4 0 1 4 2 1 0 1 4 2 2 2 2 2 2 4 0 1 4 2 1 1 1 1
0 42 1 0 1 4 0 4 0 1 4 2 2 2 2 4 0 1 4 0 1 0 1 4 2 2 2 2 2 2 4 0 1 4 2 4 0 1 4 2 2 3 1 1
0 15 1 1 4 0 1 4 2 2 2 4 0 1 4 0 4
0 37 3 4 0 1 4 2 1 0 1 4 1 4 0 1 4 2 2 2 2 4 0 1 4 2 2 2 2 4 0 1 4 1 1 0 1 4 2
0 8 1 1 1 0 3 3 3 3
0 12 1 1 3 1 1 1 1 1 1 1 0 3
0 9 1 1 1 3 1 1 0 3 3
0 12 4 0 1 4 0 4 0 1 4 2 1 0
0 34 4 0 1 4 2 2 2 2 1 0 1 4 2 2 4 0 1 4 2 2 2 2 2 1 0 1 4 1 1 1 1 3 0 1
0 6 4 0 1 4 2 1
0 13 4 0 1 4 2 1 0 1 4 1 0 1 1
0 8 1 0 1 1 1 1 0 1
0 19 3 4 0 1 4 2 1 0 1 4 1 4 0 1 4 2 2 2 2
0 5 1 3 1 0 1
0 4 1 1 4 0
0 40 1 1 4 0 1 4 2 2 2 4 0 1 4 0 4 0 1 4 2 2 1 0 1 4 0 4 0 1 4 0 1 0 1 4 2 2 2 2 1 0
0 11 1 1 1 0 3 3 3 3 3 3 3
0 9 4 0 1 4 2 2 2 2 2
0 12 4 0 1 4 2 1 0 1 4 1 0 1
0 23 4 0 1 4 0 4 0 1 4 2 1 0 1 4 2 2 1 0 1 4 0 4 0
0 35 1 4 0 1 4 2 2 2 4 0 1 4 2 2 2 2 2 1 0 1 4 2 2 1 0 1 4 2 1 0 1 1 1 1 1
0 8 1 3 3 3 0 1 1 0
0 21 4 0 1 4 2 2 2 4 0 1 4 2 2 2 2 2 2 1 1 1 1
0 32 1 4 0 1 4 2 2 2 4 0 1 4 2 2 2 2 2 1 0 1 4 2 2 1 0 1 4 2 1 0 1 1
0 23 1 4 0 1 4 2 2 2 4 0 1 4 2 2 2 2 2 1 0 1 4 2 2
0 19 1 0 1 4 2 2 4 0 1 4 2 2 2 2 1 0 1 1 1
0 28 1 1 1 0 1 4 4 2 0 2 0 2 2 2 2 3 1 1 1 1 1 1 1 1 1 4 0 4
0 35 1 1 4 0 1 4 2 2 2 4 0 1 4 0 4 0 1 4 2 2 1 0 1 4 0 4 0 1 4 0 1 0 1 4 2
0 38 4 0 1 4 2 2 2 2 1 0 1 4 2 2 4 0 1 4 2 2 2 2 2 1 0 1 4 1 1 1 1 3 0 1 1 1 0 3
0 6 1 1 1 1 1 0
0 25 1 1 4 0 1 4 2 2 2 4 0 1 4 0 4 0 1 4 2 2 1 0 1 4 0
0 24 1 0 1 4 0 4 0 1 4 2 2 2 2 4 0 1 4 0 1 0 1 4 2 2
0 18 1 0 1 4 2 2 2 1 0 1 4 2 2 2 2 2 2 4
0 23 4 0 1 4 1 1 0 1 4 2 1 0 1 4 2 2 2 2 4 0 1 4 2
0 9 1 3 3 3 0 1 1 0 1
0 14 1 1 0 1 4 0 1 0 1 4 2 2 1 0
0 8 1 1 1 3 3 1 1 1
0 4 1 0 3 3
0 6 1 1 1 1 0 1
0 3 3 1 1
0 5 1 1 1 1 0
0 30 4 0 1 4 2 2 2 2 2 1 1 0 1 4 2 2 2 2 2 2 4 0 1 4 2 2 1 0 1 0
0 15 1 4 0 1 4 2 2 2 4 0 1 4 2 2 2
0 17 1 0 1 4 2 2 2 1 0 1 4 2 2 2 2 2 2
0 9 1 1 0 1 4 0 1 0 1
0 11 1 0 1 4 0 4 0 1 4 2 2
0 4 1 1 3 0
0 9 1 3 1 0 1 1 1 0 3
0 8 1 1 3 0 1 0 3 4
0 42 1 1 4 0 1 4 2 2 2 4 0 1 4 0 4 0 1 4 2 2 1 0 1 4 0 4 0 1 4 0 1 0 1 4 2 2 2 2 1 0 1 1
0 40 3 4 0 1 4 2 1 0 1 4 1 4 0 1 4 2 2 2 2 4 0 1 4 2 2 2 2 4 0 1 4 1 1 0 1 4 2 2 2 2
0 7 0 1 1 1 1 0 3
0 40 1 0 1 4 2 2 2 1 0 1 4 2 2 2 2 2 2 4 0 1 4 2 2 2 2 2 2 4 0 1 4 2 1 3 0 0 3 3 3 3
0 2 3 1
0 2 3 4
0 22 1 0 1 4 2 2 4 0 1 4 2 2 2 2 1 0 1 1 1 1 1 0
0 29 4 0 1 4 2 2 2 2 1 0 1 4 2 2 4 0 1 4 2 2 2 2 2 1 0 1 4 1 1
0 16 4 0 1 4 0 4 0 1 4 2 1 0 1 4 2 2
0 9 0 1 1 0 3 3 3 3 3
0 19 1 1 1 1 1 1 0 1 2 2 3 4 0 1 4 0 2 3 4
0 37 1 3 3 4 0 1 4 2 2 2 2 2 2 4 0 1 4 0 4 0 1 4 2 1 0 1 4 2 2 2 2 2 2 4 0 1 4
0 26 4 0 1 4 2 2 2 2 2 1 1 0 1 4 2 2 2 2 2 2 4 0 1 4 2 2
0 44 3 4 0 1 4 2 1 0 1 4 1 4 0 1 4 2 2 2 2 4 0 1 4 2 2 2 2 4 0 1 4 1 1 0 1 4 2 2 2 2 2 2 1 0
0 27 3 4 0 1 4 2 1 0 1 4 1 4 0 1 4 2 2 2 2 4 0 1 4 2 2 2 2
0 13 1 3 3 4 0 1 4 2 2 2 2 2 2
0 32 4 0 1 4 1 1 0 1 4 2 1 0 1 4 2 2 2 2 4 0 1 4 2 2 3 1 3 3 1 0 3 4
0 9 1 1 4 0 1 4 2 2 2
0 13 1 1 1 1 1 0 3 3 3 3 3 3 3
0 8 1 1 3 1 1 1 1 1
0 20 4 0 1 4 1 4 0 1 4 2 2 2 2 2 1 0 1 1 0 1
0 10 1 1 1 1 1 0 3 3 3 3
0 7 4 0 1 4 1 4 0
0 16 4 0 1 4 2 2 2 2 2 1 1 0 1 4 2 2
0 30 1 0 1 4 2 2 2 1 0 1 4 2 2 2 2 2 2 4 0 1 4 2 2 2 2 2 2 4 0 1
0 6 0 1 1 1 1 0
0 30 1 0 1 4 0 4 0 1 4 2 2 2 2 4 0 1 4 0 1 0 1 4 2 2 2 2 2 2 4 0
0 3 1 3 3
0 36 1 1 4 0 1 4 2 2 2 4 0 1 4 0 4 0 1 4 2 2 1 0 1 4 0 4 0 1 4 0 1 0 1 4 2 2
0 10 3 1 3 3 0 1 1 1 1 0
0 16 4 0 1 4 1 4 0 1 4 2 2 2 2 2 1 0
0 10 3 4 0 1 4 2 1 0 1 4
0 36 1 3 3 4 0 1 4 2 2 2 2 2 2 4 0 1 4 0 4 0 1 4 2 1 0 1 4 2 2 2 2 2 2 4 0 1
0 14 1 1 4 0 1 4 2 2 2 4 0 1 4 0
0 23 1 1 3 0 1 0 3 4 4 4 4 4 4 4 3 3 4 0 4 0 4 0 4
0 20 4 0 1 4 2 2 2 2 2 1 1 0 1 4 2 2 2 2 2 2
0 22 1 1 0 1 4 0 1 0 1 4 2 2 1 0 1 4 0 4 0 1 4 0
0 32 1 3 3 4 0 1 4 2 2 2 2 2 2 4 0 1 4 0 4 0 1 4 2 1 0 1 4 2 2 2 2 2
0 48 1 1 3 0 1 0 3 4 4 4 4 4 4 4 3 3 4 0 4 0 4 0 4 0 4 0 4 0 4 0 4 0 3 3 4 0 4 0 4 0 4 0 3 4 0 4 0 4
0 21 1 1 0 1 4 0 1 0 1 4 2 2 1 0 1 4 0 4 0 1 4
0 2 3 3
0 29 4 0 1 4 2 2 2 2 2 1 1 0 1 4 2 2 2 2 2 2 4 0 1 4 2 2 1 0 1
0 12 1 4 0 1 4 2 2 2 4 0 1 4
0 10 1 1 0 1 4 0 1 0 1 4
0 18 4 0 1 4 1 1 0 1 4 2 1 0 1 4 2 2 2 2
0 7 1 1 1 3 3 1 1
0 41 1 1 4 0 1 4 2 2 2 4 0 1 4 0 4 0 1 4 2 2 1 0 1 4 0 4 0 1 4 0 1 0 1 4 2 2 2 2 1 0 1
0 25 4 0 1 4 2 2 2 2 1 0 1 4 1 1 3 1 1 1 0 3 3 3 3 3 3
0 7 1 1 1 1 0 3 4
0 11 1 0 1 4 2 2 4 0 1 4 2
0 11 1 1 3 1 1 1 1 1 1 1 0
0 43 1 0 1 4 2 2 2 1 0 1 4 2 2 2 2 2 2 4 0 1 4 2 2 2 2 2 2 4 0 1 4 2 1 3 0 0 3 3 3 3 3 3 4
