180 5
1 0 
1 101 1 3 1 3 2 2 2 2 2 1 0 0 1 1 1 1 1 1 1 1 1 1 0 4 1 2 0 2 3 2 3 2 3 2 3 0 2 0 2 2 0 0 2 0 1 1 1 1 1 1 4 3 3 0 2 0 0 0 0 2 0 2 2 2 0 2 0 0 2 2 3 2 3 2 3 2 3 2 3 3 0 1 1 1 0 0 4 1 0 2 0 4 1 1 1 0 0 0 4 0 4
1 101 0 3 2 4 2 0 2 0 2 0 2 0 1 1 1 2 0 0 2 0 4 4 1 1 1 2 3 2 3 2 3 2 3 2 3 2 3 2 2 0 2 3 2 3 2 3 0 0 1 3 0 3 0 3 0 3 0 3 0 3 4 3 3 4 3 2 3 2 3 2 3 2 3 2 3 2 3 2 3 0 0 2 2 2 2 3 2 3 2 3 2 3 2 2 2 0 1 1 1 1 3
1 185 1 3 2 4 2 0 2 0 0 0 2 0 1 0 0 2 0 0 0 2 3 2 3 2 3 2 3 2 3 0 0 0 2 4 1 4 0 4 0 1 0 1 1 0 2 0 0 2 3 2 3 1 1 1 1 1 1 3 2 2 0 2 0 4 1 4 4 4 4 1 2 2 0 2 2 2 2 0 2 2 0 2 2 3 2 3 2 3 2 3 1 1 4 1 0 1 4 0 4 1 0 0 2 3 2 3 1 4 1 1 1 4 4 2 0 2 2 0 2 0 1 0 1 1 3 3 4 4 3 1 2 3 2 3 2 3 2 3 2 3 1 0 4 4 1 1 4 1 4 4 4 1 1 1 1 2 2 2 0 0 0 0 2 2 0 2 2 4 0 2 2 2 1 1 3 0 3 0 3 0 3 0 3 0 3
1 35 3 3 4 0 3 3 4 0 0 4 0 3 3 4 0 0 0 0 0 0 0 0 0 0 3 3 4 0 0 0 0 0 0 2 0
1 91 1 3 1 3 2 0 1 1 1 1 1 1 2 0 2 4 4 1 1 0 1 1 0 1 2 3 2 3 2 3 2 3 2 3 0 2 3 2 3 2 3 2 3 2 3 4 2 3 2 3 2 3 2 3 2 3 2 3 2 3 2 3 2 3 2 3 2 2 1 4 4 4 0 2 0 2 0 0 0 0 3 0 3 0 3 1 4 0 1 0 4
1 30 3 3 4 0 0 0 0 0 0 2 0 4 2 0 4 2 2 2 3 3 4 0 0 4 2 2 3 3 4 0
1 11 0 3 1 1 1 1 1 1 2 2 3
1 24 3 3 4 0 0 0 0 0 0 2 2 0 4 2 2 0 4 0 0 2 0 0 0 4
1 13 3 3 4 0 0 0 2 0 2 2 0 0 4
1 18 3 3 4 0 3 3 4 0 0 4 2 0 0 4 0 0 2 0
1 6 1 3 1 3 2 0
1 81 3 3 4 0 0 4 0 2 0 2 2 0 0 2 3 3 4 0 0 0 0 0 2 0 0 0 0 0 0 0 0 3 3 4 0 0 4 0 2 2 0 2 0 4 0 2 2 0 0 2 2 0 4 2 2 3 3 4 0 0 4 2 2 2 2 2 0 4 0 2 2 0 0 2 0 2 2 3 3 4 0
1 44 3 3 4 0 0 0 0 2 0 0 0 0 4 0 0 2 0 4 2 0 4 2 0 2 2 0 4 2 2 2 2 3 3 4 0 0 0 0 0 2 0 2 0 4
1 142 1 3 1 1 1 3 2 3 0 2 2 1 4 1 4 0 1 1 4 1 0 2 3 2 3 2 3 2 0 2 0 0 0 2 2 0 2 2 0 1 2 0 0 0 3 4 4 3 3 1 1 1 1 1 1 0 4 2 3 2 3 2 3 2 3 2 3 0 0 0 4 4 1 1 1 1 1 2 0 0 0 0 2 3 2 3 2 3 0 0 1 2 2 0 2 0 1 1 1 1 1 1 4 0 2 0 1 4 1 0 1 2 2 3 2 3 2 3 0 4 1 0 4 1 4 2 2 0 2 0 0 1 1 1 0 3 0 3 0 3 0 3
1 73 3 3 4 0 0 0 2 2 2 2 2 0 0 0 2 2 2 3 3 4 0 0 0 0 0 2 0 4 0 0 0 0 0 4 2 0 2 0 3 3 4 0 3 3 4 0 0 4 2 2 0 0 0 0 0 2 0 0 4 0 0 2 0 0 0 0 0 0 0 0 2 0 0
1 30 3 3 4 0 0 4 0 0 0 0 0 0 2 0 0 2 0 0 0 0 0 2 0 2 0 4 0 0 2 0
1 140 0 3 1 2 2 2 2 3 1 1 0 0 0 0 0 1 0 0 2 3 2 3 2 3 2 0 0 2 2 1 4 1 0 0 0 0 0 4 0 1 1 1 1 4 3 0 1 1 3 3 4 3 0 1 1 0 2 2 4 2 0 0 2 2 4 0 1 1 1 1 1 0 1 2 3 1 1 1 1 1 1 2 3 0 2 1 1 1 0 2 3 2 3 2 3 2 3 2 3 2 3 2 3 2 3 2 3 2 3 2 3 2 3 2 3 2 3 2 3 2 3 0 2 2 2 0 2 0 0 2 0 2 0 4 0 1 1 3 4 3
1 180 1 3 1 1 2 3 0 2 2 2 2 1 4 4 0 0 0 1 1 1 1 1 0 1 1 1 1 1 1 1 1 1 4 1 0 2 2 2 0 2 0 0 0 0 0 4 1 1 0 4 2 0 4 1 1 2 4 4 3 4 3 0 4 0 1 1 1 1 2 0 0 0 2 3 4 2 2 2 2 0 2 0 0 2 0 2 1 2 3 2 3 2 0 2 0 2 2 0 1 1 1 0 4 4 4 4 0 4 0 1 1 1 1 0 2 2 0 0 2 2 2 2 2 1 1 0 0 1 2 3 2 3 2 3 2 3 1 4 4 3 4 3 0 0 1 1 1 1 0 0 2 0 2 2 0 0 2 2 0 0 2 0 0 2 0 0 2 2 0 2 3 2 3 2 3 1 1 3 3 3
1 24 0 3 2 4 2 0 2 0 2 0 2 0 0 3 0 3 0 3 0 3 0 3 1 4
1 52 0 3 2 4 2 0 0 1 1 0 4 0 1 1 2 3 2 3 2 3 2 0 1 4 1 1 2 0 0 0 2 2 2 3 2 3 2 3 2 3 2 3 2 3 2 3 2 3 2 3 0 4
1 4 3 3 4 0
1 30 1 3 2 4 2 3 2 3 2 3 2 3 2 3 0 1 1 1 4 3 1 3 0 3 0 3 0 3 0 3
1 25 3 3 4 0 0 0 0 0 2 0 0 0 0 2 0 2 0 0 0 4 2 2 0 4 0
1 71 0 3 2 4 0 1 1 1 0 1 1 4 1 1 1 1 1 1 2 1 1 1 1 1 1 2 3 2 3 2 3 2 0 2 2 0 0 3 0 3 0 3 0 3 2 3 2 3 2 3 2 3 2 3 2 3 2 3 2 3 0 1 1 1 1 1 3 3 4 3 4
1 70 1 3 1 2 3 3 2 3 2 3 2 3 2 3 0 0 1 4 0 2 0 2 2 1 1 0 4 0 1 0 0 2 1 4 4 4 2 0 3 0 3 0 3 3 0 3 0 3 0 3 2 3 1 1 1 2 3 2 3 2 3 2 3 2 3 2 3 2 3 1
1 52 3 3 4 0 0 4 0 4 2 0 0 0 2 0 2 0 4 2 2 2 0 0 3 3 4 0 0 4 2 0 0 0 0 2 0 0 0 2 0 4 2 0 4 0 0 0 0 2 3 3 4 0
1 55 3 3 4 0 0 4 0 0 0 0 0 2 0 0 4 2 0 2 0 0 0 0 3 3 4 0 0 0 0 0 2 3 3 4 0 0 0 0 2 0 0 0 0 4 0 0 0 2 3 3 4 0 0 4 0
1 10 0 3 2 4 2 0 2 0 2 0
1 83 0 3 2 4 2 0 2 0 2 0 2 0 2 3 2 3 2 3 2 3 2 3 2 3 2 3 2 3 0 2 2 0 4 1 1 1 0 0 2 4 4 4 1 2 3 2 3 2 3 2 3 2 3 1 1 4 1 1 4 2 0 2 0 2 0 2 2 1 1 1 1 1 1 1 1 0 1 1 1 1 3 3 4
1 65 1 3 1 3 2 0 4 1 2 2 0 2 2 2 2 0 2 2 1 1 1 1 1 1 0 1 1 1 1 1 0 4 1 4 0 0 2 0 0 2 2 3 2 3 2 3 2 3 2 3 0 1 1 1 1 1 1 1 0 1 1 1 1 0 4
0 6 0 3 1 1 1 1
0 4 0 3 1 2
0 8 0 3 1 2 2 2 2 2
0 33 3 3 4 0 0 0 0 0 4 3 3 4 0 0 4 2 0 0 3 3 4 0 0 0 2 2 2 0 0 0 0 0 3
0 56 3 3 4 0 3 3 4 0 3 3 4 0 0 0 0 0 2 0 0 0 0 0 0 2 0 0 0 2 2 0 4 2 2 2 3 3 4 0 0 4 2 2 2 0 4 2 0 4 0 2 2 2 0 0 0 3
0 19 3 3 4 0 0 4 2 2 2 2 0 4 2 2 0 2 3 3 4
0 21 3 3 4 0 0 0 2 2 0 0 4 0 0 2 0 2 3 3 4 0 3
0 44 3 3 4 0 0 0 0 0 4 3 3 4 0 0 4 2 0 0 3 3 4 0 0 0 2 2 2 0 0 0 0 0 3 3 4 0 0 4 2 3 3 4 0 0
0 34 3 3 4 0 0 0 0 0 4 3 3 4 0 0 4 2 0 0 3 3 4 0 0 0 2 2 2 0 0 0 0 0 3 3
0 5 0 3 1 1 1
0 5 0 3 1 3 2
0 28 3 3 4 0 0 4 2 2 0 4 2 0 0 0 2 2 0 0 4 2 0 0 3 3 4 0 3 3
0 6 1 3 1 1 1 2
0 5 3 3 4 0 0
0 52 3 3 4 0 0 0 2 0 2 0 4 2 2 2 0 2 0 0 0 2 2 2 0 4 2 2 0 0 0 2 0 0 3 3 4 0 0 4 0 0 2 2 0 0 4 2 0 0 4 0 0 3
0 60 3 3 4 0 0 0 2 2 0 4 2 0 0 2 0 4 0 0 3 3 4 0 0 4 0 0 0 4 0 0 0 0 2 0 3 3 4 0 0 0 2 0 2 0 4 2 0 0 2 0 4 0 4 2 0 2 0 0 3 3
0 3 1 3 1
0 1 0
0 49 3 3 4 0 0 4 2 2 0 4 2 0 0 0 2 2 0 0 4 2 0 0 3 3 4 0 3 3 4 0 0 4 2 2 0 0 0 2 2 0 0 2 0 0 0 0 3 3 4
0 8 0 3 1 1 1 1 1 1
0 25 3 3 4 0 0 4 2 2 0 4 2 0 0 0 2 2 0 0 4 2 0 0 3 3 4
0 39 3 3 4 0 3 3 4 0 3 3 4 0 0 0 0 0 2 0 0 0 0 0 0 2 0 0 0 2 2 0 4 2 2 2 3 3 4 0 0
0 9 1 3 1 1 1 2 1 1 2
0 5 1 3 1 3 2
0 27 3 3 4 0 0 4 2 2 0 4 2 0 0 0 2 2 0 0 4 2 0 0 3 3 4 0 3
0 51 3 3 4 0 0 4 2 2 0 4 2 0 0 0 2 2 0 0 4 2 0 0 3 3 4 0 3 3 4 0 0 4 2 2 0 0 0 2 2 0 0 2 0 0 0 0 3 3 4 0 3
0 3 1 3 2
0 41 3 3 4 0 0 0 0 0 4 3 3 4 0 0 4 2 0 0 3 3 4 0 0 0 2 2 2 0 0 0 0 0 3 3 4 0 0 4 2 3 3
0 62 3 3 4 0 0 0 2 0 2 0 4 2 2 2 0 2 0 0 0 2 2 2 0 4 2 2 0 0 0 2 0 0 3 3 4 0 0 4 0 0 2 2 0 0 4 2 0 0 4 0 0 3 3 4 0 0 4 3 3 4 0 0
0 53 3 3 4 0 0 4 0 0 0 2 0 4 0 0 0 0 0 2 2 3 3 4 0 0 4 2 0 0 0 0 4 2 0 2 2 2 0 4 2 0 2 0 4 0 0 4 2 0 2 0 3 3 4
0 4 1 3 1 1
0 25 3 3 4 0 0 0 2 2 0 0 4 0 0 2 0 2 3 3 4 0 3 3 4 0 0
0 19 3 3 4 0 0 0 2 2 0 0 4 0 0 2 0 2 3 3 4
0 4 0 3 1 3
0 18 3 3 4 0 0 0 2 2 0 0 4 0 0 2 0 2 3 3
0 4 1 3 1 2
0 36 3 3 4 0 0 0 2 2 0 4 2 0 0 2 0 4 0 0 3 3 4 0 0 4 0 0 0 4 0 0 0 0 2 0 3 3
0 54 3 3 4 0 0 4 0 2 2 2 2 0 0 0 2 2 0 4 0 0 0 0 0 0 0 2 0 2 0 4 2 0 0 3 3 4 0 0 0 0 0 2 2 0 0 4 2 0 0 4 0 0 3 3
0 3 0 3 1
0 90 3 3 4 0 0 0 2 2 0 4 2 0 0 2 0 4 0 0 3 3 4 0 0 4 0 0 0 4 0 0 0 0 2 0 3 3 4 0 0 0 2 0 2 0 4 2 0 0 2 0 4 0 4 2 0 2 0 0 3 3 4 0 0 0 0 0 0 4 2 0 0 0 4 2 0 4 2 0 0 0 0 2 2 2 2 3 3 4 0 0
0 1 3
0 59 3 3 4 0 0 0 2 0 2 0 4 2 2 2 0 2 0 0 0 2 2 2 0 4 2 2 0 0 0 2 0 0 3 3 4 0 0 4 0 0 2 2 0 0 4 2 0 0 4 0 0 3 3 4 0 0 4 3 3
0 48 3 3 4 0 0 4 2 2 0 4 2 0 0 0 2 2 0 0 4 2 0 0 3 3 4 0 3 3 4 0 0 4 2 2 0 0 0 2 2 0 0 2 0 0 0 0 3 3
0 9 0 3 1 2 2 2 2 2 2
0 53 3 3 4 0 0 4 2 2 0 4 2 0 0 0 2 2 0 0 4 2 0 0 3 3 4 0 3 3 4 0 0 4 2 2 0 0 0 2 2 0 0 2 0 0 0 0 3 3 4 0 3 3 4
0 18 3 3 4 0 0 4 2 2 2 2 0 4 2 2 0 2 3 3
0 2 1 3
0 13 3 3 4 0 3 3 4 0 3 3 4 0 0
0 60 3 3 4 0 3 3 4 0 3 3 4 0 0 0 0 0 2 0 0 0 0 0 0 2 0 0 0 2 2 0 4 2 2 2 3 3 4 0 0 4 2 2 2 0 4 2 0 4 0 2 2 2 0 0 0 3 3 4 0 0
0 39 3 3 4 0 0 0 2 2 0 4 2 0 0 2 0 4 0 0 3 3 4 0 0 4 0 0 0 4 0 0 0 0 2 0 3 3 4 0 0
0 9 0 3 1 1 1 1 1 1 2
0 58 3 3 4 0 3 3 4 0 3 3 4 0 0 0 0 0 2 0 0 0 0 0 0 2 0 0 0 2 2 0 4 2 2 2 3 3 4 0 0 4 2 2 2 0 4 2 0 4 0 2 2 2 0 0 0 3 3 4
0 6 3 3 4 0 3 3
0 79 3 3 4 0 0 4 0 0 0 2 0 4 0 0 0 0 0 2 2 3 3 4 0 0 4 2 0 0 0 0 4 2 0 2 2 2 0 4 2 0 2 0 4 0 0 4 2 0 2 0 3 3 4 0 0 4 2 0 2 0 0 0 2 0 0 0 0 2 0 2 0 4 2 0 4 2 3 3 4
0 3 3 3 4
0 8 1 3 1 1 1 1 1 1
0 6 1 3 1 1 1 1
0 5 0 3 1 2 2
0 17 3 3 4 0 0 0 2 2 0 0 4 0 0 2 0 2 3
0 22 3 3 4 0 0 4 0 0 0 2 0 4 0 0 0 0 0 2 2 3 3 4
0 86 3 3 4 0 0 0 2 2 0 4 2 0 0 2 0 4 0 0 3 3 4 0 0 4 0 0 0 4 0 0 0 0 2 0 3 3 4 0 0 0 2 0 2 0 4 2 0 0 2 0 4 0 4 2 0 2 0 0 3 3 4 0 0 0 0 0 0 4 2 0 0 0 4 2 0 4 2 0 0 0 0 2 2 2 2 3
0 60 3 3 4 0 0 0 2 0 2 0 4 2 2 2 0 2 0 0 0 2 2 2 0 4 2 2 0 0 0 2 0 0 3 3 4 0 0 4 0 0 2 2 0 0 4 2 0 0 4 0 0 3 3 4 0 0 4 3 3 4
0 35 3 3 4 0 0 0 2 2 0 4 2 0 0 2 0 4 0 0 3 3 4 0 0 4 0 0 0 4 0 0 0 0 2 0 3
0 53 3 3 4 0 0 4 0 2 2 2 2 0 0 0 2 2 0 4 0 0 0 0 0 0 0 2 0 2 0 4 2 0 0 3 3 4 0 0 0 0 0 2 2 0 0 4 2 0 0 4 0 0 3
0 63 3 3 4 0 0 0 2 2 0 4 2 0 0 2 0 4 0 0 3 3 4 0 0 4 0 0 0 4 0 0 0 0 2 0 3 3 4 0 0 0 2 0 2 0 4 2 0 0 2 0 4 0 4 2 0 2 0 0 3 3 4 0 0
0 9 1 3 1 1 1 1 1 1 2
0 24 3 3 4 0 0 4 2 2 0 4 2 0 0 0 2 2 0 0 4 2 0 0 3 3
0 35 3 3 4 0 0 0 2 0 2 0 4 2 2 2 0 2 0 0 0 2 2 2 0 4 2 2 0 0 0 2 0 0 3 3 4
0 20 3 3 4 0 0 0 2 2 0 4 2 0 0 2 0 4 0 0 3 3
0 34 3 3 4 0 0 4 0 2 2 2 2 0 0 0 2 2 0 4 0 0 0 0 0 0 0 2 0 2 0 4 2 0 0 3
0 7 1 3 1 1 1 1 1
0 7 3 3 4 0 3 3 4
0 4 0 3 1 1
0 21 3 3 4 0 0 4 2 2 2 2 0 4 2 2 0 2 3 3 4 0 0
0 57 3 3 4 0 0 4 0 2 2 2 2 0 0 0 2 2 0 4 0 0 0 0 0 0 0 2 0 2 0 4 2 0 0 3 3 4 0 0 0 0 0 2 2 0 0 4 2 0 0 4 0 0 3 3 4 0 0
0 9 3 3 4 0 3 3 4 0 3
0 12 3 3 4 0 0 0 0 0 4 3 3 4
0 37 3 3 4 0 3 3 4 0 3 3 4 0 0 0 0 0 2 0 0 0 0 0 0 2 0 0 0 2 2 0 4 2 2 2 3 3 4
0 23 3 3 4 0 0 0 2 2 0 4 2 0 0 2 0 4 0 0 3 3 4 0 0
0 55 3 3 4 0 0 4 2 2 0 4 2 0 0 0 2 2 0 0 4 2 0 0 3 3 4 0 3 3 4 0 0 4 2 2 0 0 0 2 2 0 0 2 0 0 0 0 3 3 4 0 3 3 4 0 0
0 57 3 3 4 0 3 3 4 0 3 3 4 0 0 0 0 0 2 0 0 0 0 0 0 2 0 0 0 2 2 0 4 2 2 2 3 3 4 0 0 4 2 2 2 0 4 2 0 4 0 2 2 2 0 0 0 3 3
0 10 3 3 4 0 0 0 0 0 4 3
0 23 3 3 4 0 0 4 2 2 0 4 2 0 0 0 2 2 0 0 4 2 0 0 3
0 31 3 3 4 0 0 4 2 2 0 4 2 0 0 0 2 2 0 0 4 2 0 0 3 3 4 0 3 3 4 0 0
0 1 1
0 78 3 3 4 0 0 4 0 0 0 2 0 4 0 0 0 0 0 2 2 3 3 4 0 0 4 2 0 0 0 0 4 2 0 2 2 2 0 4 2 0 2 0 4 0 0 4 2 0 2 0 3 3 4 0 0 4 2 0 2 0 0 0 2 0 0 0 0 2 0 2 0 4 2 0 4 2 3 3
0 12 0 3 1 2 2 2 2 2 2 2 2 2
0 3 0 3 2
0 53 3 3 4 0 0 0 2 0 2 0 4 2 2 2 0 2 0 0 0 2 2 2 0 4 2 2 0 0 0 2 0 0 3 3 4 0 0 4 0 0 2 2 0 0 4 2 0 0 4 0 0 3 3
0 37 3 3 4 0 0 0 2 0 2 0 4 2 2 2 0 2 0 0 0 2 2 2 0 4 2 2 0 0 0 2 0 0 3 3 4 0 0
0 11 3 3 4 0 0 0 0 0 4 3 3
0 87 3 3 4 0 0 0 2 2 0 4 2 0 0 2 0 4 0 0 3 3 4 0 0 4 0 0 0 4 0 0 0 0 2 0 3 3 4 0 0 0 2 0 2 0 4 2 0 0 2 0 4 0 4 2 0 2 0 0 3 3 4 0 0 0 0 0 0 4 2 0 0 0 4 2 0 4 2 0 0 0 0 2 2 2 2 3 3
0 40 3 3 4 0 0 0 0 0 4 3 3 4 0 0 4 2 0 0 3 3 4 0 0 0 2 2 2 0 0 0 0 0 3 3 4 0 0 4 2 3
0 7 0 3 1 1 1 1 1
0 55 3 3 4 0 0 4 0 2 2 2 2 0 0 0 2 2 0 4 0 0 0 0 0 0 0 2 0 2 0 4 2 0 0 3 3 4 0 0 0 0 0 2 2 0 0 4 2 0 0 4 0 0 3 3 4
0 35 3 3 4 0 3 3 4 0 3 3 4 0 0 0 0 0 2 0 0 0 0 0 0 2 0 0 0 2 2 0 4 2 2 2 3
0 14 3 3 4 0 0 0 0 0 4 3 3 4 0 0
0 52 3 3 4 0 0 4 0 0 0 2 0 4 0 0 0 0 0 2 2 3 3 4 0 0 4 2 0 0 0 0 4 2 0 2 2 2 0 4 2 0 2 0 4 0 0 4 2 0 2 0 3 3
0 17 3 3 4 0 0 4 2 2 2 2 0 4 2 2 0 2 3
0 19 3 3 4 0 0 0 0 0 4 3 3 4 0 0 4 2 0 0 3
0 37 3 3 4 0 0 0 0 0 4 3 3 4 0 0 4 2 0 0 3 3 4 0 0 0 2 2 2 0 0 0 0 0 3 3 4 0 0
0 56 3 3 4 0 0 0 2 0 2 0 4 2 2 2 0 2 0 0 0 2 2 2 0 4 2 2 0 0 0 2 0 0 3 3 4 0 0 4 0 0 2 2 0 0 4 2 0 0 4 0 0 3 3 4 0 0
0 54 3 3 4 0 0 0 2 0 2 0 4 2 2 2 0 2 0 0 0 2 2 2 0 4 2 2 0 0 0 2 0 0 3 3 4 0 0 4 0 0 2 2 0 0 4 2 0 0 4 0 0 3 3 4
0 10 0 3 1 2 2 2 2 2 2 2
0 21 3 3 4 0 0 4 0 0 0 2 0 4 0 0 0 0 0 2 2 3 3
0 10 3 3 4 0 3 3 4 0 3 3
0 47 3 3 4 0 0 4 2 2 0 4 2 0 0 0 2 2 0 0 4 2 0 0 3 3 4 0 3 3 4 0 0 4 2 2 0 0 0 2 2 0 0 2 0 0 0 0 3
0 4 1 3 1 3
0 10 1 3 1 1 1 1 1 1 2 2
0 7 0 3 1 2 2 2 2
0 35 3 3 4 0 0 4 0 2 2 2 2 0 0 0 2 2 0 4 0 0 0 0 0 0 0 2 0 2 0 4 2 0 0 3 3
0 55 3 3 4 0 0 4 0 0 0 2 0 4 0 0 0 0 0 2 2 3 3 4 0 0 4 2 0 0 0 0 4 2 0 2 2 2 0 4 2 0 2 0 4 0 0 4 2 0 2 0 3 3 4 0 0
0 59 3 3 4 0 0 0 2 2 0 4 2 0 0 2 0 4 0 0 3 3 4 0 0 4 0 0 0 4 0 0 0 0 2 0 3 3 4 0 0 0 2 0 2 0 4 2 0 0 2 0 4 0 4 2 0 2 0 0 3
0 36 3 3 4 0 0 4 0 2 2 2 2 0 0 0 2 2 0 4 0 0 0 0 0 0 0 2 0 2 0 4 2 0 0 3 3 4
0 22 3 3 4 0 0 0 2 2 0 0 4 0 0 2 0 2 3 3 4 0 3 3
0 61 3 3 4 0 0 0 2 2 0 4 2 0 0 2 0 4 0 0 3 3 4 0 0 4 0 0 0 4 0 0 0 0 2 0 3 3 4 0 0 0 2 0 2 0 4 2 0 0 2 0 4 0 4 2 0 2 0 0 3 3 4
0 19 3 3 4 0 0 0 2 2 0 4 2 0 0 2 0 4 0 0 3
0 29 3 3 4 0 0 4 2 2 0 4 2 0 0 0 2 2 0 0 4 2 0 0 3 3 4 0 3 3 4
0 21 3 3 4 0 0 0 0 0 4 3 3 4 0 0 4 2 0 0 3 3 4
0 5 1 3 1 2 2
0 38 3 3 4 0 0 4 0 2 2 2 2 0 0 0 2 2 0 4 0 0 0 0 0 0 0 2 0 2 0 4 2 0 0 3 3 4 0 0
0 81 3 3 4 0 0 4 0 0 0 2 0 4 0 0 0 0 0 2 2 3 3 4 0 0 4 2 0 0 0 0 4 2 0 2 2 2 0 4 2 0 2 0 4 0 0 4 2 0 2 0 3 3 4 0 0 4 2 0 2 0 0 0 2 0 0 0 0 2 0 2 0 4 2 0 4 2 3 3 4 0 0
0 5 3 3 4 0 3
0 5 1 3 1 1 1
0 34 3 3 4 0 0 0 2 0 2 0 4 2 2 2 0 2 0 0 0 2 2 2 0 4 2 2 0 0 0 2 0 0 3 3
0 58 3 3 4 0 0 0 2 0 2 0 4 2 2 2 0 2 0 0 0 2 2 2 0 4 2 2 0 0 0 2 0 0 3 3 4 0 0 4 0 0 2 2 0 0 4 2 0 0 4 0 0 3 3 4 0 0 4 3
0 24 3 3 4 0 0 4 0 0 0 2 0 4 0 0 0 0 0 2 2 3 3 4 0 0
0 11 0 3 1 2 2 2 2 2 2 2 2
0 6 0 3 1 2 2 2
0 35 3 3 4 0 0 0 0 0 4 3 3 4 0 0 4 2 0 0 3 3 4 0 0 0 2 2 2 0 0 0 0 0 3 3 4
0 8 1 3 1 1 1 2 1 1
0 33 3 3 4 0 0 0 2 0 2 0 4 2 2 2 0 2 0 0 0 2 2 2 0 4 2 2 0 0 0 2 0 0 3
0 9 3 3 4 0 3 3 4 0 0
0 20 3 3 4 0 0 4 0 0 0 2 0 4 0 0 0 0 0 2 2 3
0 52 3 3 4 0 0 4 2 2 0 4 2 0 0 0 2 2 0 0 4 2 0 0 3 3 4 0 3 3 4 0 0 4 2 2 0 0 0 2 2 0 0 2 0 0 0 0 3 3 4 0 3 3
0 77 3 3 4 0 0 4 0 0 0 2 0 4 0 0 0 0 0 2 2 3 3 4 0 0 4 2 0 0 0 0 4 2 0 2 2 2 0 4 2 0 2 0 4 0 0 4 2 0 2 0 3 3 4 0 0 4 2 0 2 0 0 0 2 0 0 0 0 2 0 2 0 4 2 0 4 2 3
0 23 3 3 4 0 0 0 2 2 0 0 4 0 0 2 0 2 3 3 4 0 3 3 4
0 7 1 3 1 1 1 2 1
0 42 3 3 4 0 0 0 0 0 4 3 3 4 0 0 4 2 0 0 3 3 4 0 0 0 2 2 2 0 0 0 0 0 3 3 4 0 0 4 2 3 3 4
0 20 3 3 4 0 0 0 0 0 4 3 3 4 0 0 4 2 0 0 3 3
0 88 3 3 4 0 0 0 2 2 0 4 2 0 0 2 0 4 0 0 3 3 4 0 0 4 0 0 0 4 0 0 0 0 2 0 3 3 4 0 0 0 2 0 2 0 4 2 0 0 2 0 4 0 4 2 0 2 0 0 3 3 4 0 0 0 0 0 0 4 2 0 0 0 4 2 0 4 2 0 0 0 0 2 2 2 2 3 3 4
0 37 3 3 4 0 0 0 2 2 0 4 2 0 0 2 0 4 0 0 3 3 4 0 0 4 0 0 0 4 0 0 0 0 2 0 3 3 4
0 2 3 3
0 11 3 3 4 0 3 3 4 0 3 3 4
0 51 3 3 4 0 0 4 0 0 0 2 0 4 0 0 0 0 0 2 2 3 3 4 0 0 4 2 0 0 0 0 4 2 0 2 2 2 0 4 2 0 2 0 4 0 0 4 2 0 2 0 3
0 21 3 3 4 0 0 0 2 2 0 4 2 0 0 2 0 4 0 0 3 3 4
0 23 3 3 4 0 0 0 0 0 4 3 3 4 0 0 4 2 0 0 3 3 4 0 0
0 36 3 3 4 0 3 3 4 0 3 3 4 0 0 0 0 0 2 0 0 0 0 0 0 2 0 0 0 2 2 0 4 2 2 2 3 3
0 2 0 3
