418 5
1 0 
1 18 4 3 1 1 3 1 2 3 4 4 2 4 0 4 1 1 3 3
1 38 1 1 1 0 4 2 1 1 1 3 0 2 3 3 4 3 4 1 2 3 4 0 4 4 0 4 4 0 4 2 3 3 1 2 1 1 3 3
1 25 2 4 4 4 4 4 2 3 1 1 1 4 2 4 4 4 4 1 1 2 0 0 0 2 1
1 32 4 3 4 3 4 3 4 3 3 4 2 4 4 0 4 1 1 1 0 4 2 4 4 4 4 0 4 3 3 1 1 1
1 6 2 0 2 0 0 2
1 19 2 3 2 3 4 4 3 2 2 2 3 3 3 3 4 3 1 3 3
1 15 2 2 2 2 2 4 3 2 0 0 2 1 1 3 1
1 16 2 4 4 4 4 4 4 2 3 1 1 3 3 1 1 1
1 19 2 3 1 1 0 4 1 1 1 0 4 2 4 4 4 4 4 0 4
1 13 3 3 1 1 3 1 1 1 1 1 3 3 3
1 29 0 3 3 4 1 2 1 0 2 3 1 1 2 4 2 2 4 2 3 3 4 1 2 2 2 1 1 3 3
1 43 4 4 4 1 3 3 0 4 3 4 4 2 3 1 3 0 4 2 2 4 0 4 4 4 4 4 4 0 4 4 0 4 4 0 4 4 0 4 2 1 1 3 3
1 32 0 0 0 2 2 1 3 1 4 0 4 2 2 4 2 4 1 1 1 3 4 3 1 1 1 2 2 1 1 1 3 1
1 3 3 3 3
1 49 3 1 1 2 4 2 2 3 1 1 0 4 3 2 2 4 0 4 4 2 4 4 4 4 3 3 1 4 0 4 2 2 4 0 4 2 1 1 1 4 3 0 0 2 3 3 3 3 1
1 9 2 2 2 2 4 3 1 3 1
1 9 4 3 0 0 2 1 1 1 1
1 23 2 4 4 4 3 1 4 3 4 4 2 3 1 3 1 1 1 4 3 4 3 1 1
1 39 2 4 4 4 2 4 0 4 2 1 1 3 2 3 3 2 1 2 3 4 4 2 1 1 1 0 4 1 1 1 3 2 2 3 3 3 1 2 3
1 23 1 1 1 2 4 2 4 0 4 3 3 3 3 3 4 3 4 3 3 1 3 3 1
1 26 1 1 1 2 2 1 3 0 4 2 4 2 4 3 1 3 1 4 3 1 1 3 1 2 3 1
1 50 2 4 2 3 1 1 2 4 4 0 4 2 2 2 3 1 1 3 3 2 4 2 4 3 4 4 2 1 3 3 3 3 2 2 3 2 4 2 4 4 4 0 4 3 1 1 2 4 2 3
1 12 2 2 3 1 1 0 4 2 1 3 1 1
1 46 3 1 4 3 4 4 2 1 1 2 4 2 4 1 3 0 4 3 3 3 3 1 1 0 4 4 4 4 4 0 4 4 4 4 2 1 1 3 0 0 2 2 0 2 3 1
1 28 1 4 3 4 3 4 3 3 4 2 4 2 3 3 1 1 1 1 3 1 4 3 1 3 3 1 1 1
1 19 2 1 1 1 2 4 4 0 4 2 0 4 2 4 4 4 2 3 3
1 50 1 1 1 0 4 2 3 1 2 0 2 1 1 3 3 4 0 4 2 3 2 3 0 4 2 4 2 4 3 3 1 0 3 3 0 0 2 3 3 0 4 3 4 4 2 1 1 1 1 3
1 18 2 4 4 4 4 4 1 1 4 3 1 4 3 3 3 3 3 3
1 62 3 4 4 4 2 4 2 4 2 2 1 1 3 2 4 2 2 4 2 2 4 2 4 3 2 0 0 2 3 1 1 1 1 4 2 4 4 4 4 2 4 0 4 1 2 4 0 4 4 4 4 4 4 0 4 4 4 4 1 1 3 1
1 29 4 4 4 4 2 3 1 1 4 4 2 2 3 3 2 3 1 1 0 4 2 1 1 1 2 4 4 0 4
1 24 2 1 1 1 0 4 2 3 3 1 3 1 3 0 4 1 3 1 2 2 2 2 1 3
1 56 4 0 4 2 4 0 4 2 3 1 3 3 3 3 1 3 1 3 1 3 1 3 1 3 3 2 0 0 2 3 1 3 1 1 2 4 0 4 3 3 0 4 1 1 4 0 4 4 4 4 4 4 4 1 1 1
1 15 2 2 2 1 4 4 4 0 4 1 1 1 2 2 2
1 13 4 2 4 4 2 4 3 3 3 1 2 3 3
1 1 1
1 53 4 4 4 4 4 4 2 1 3 3 3 1 1 4 3 4 3 1 1 1 1 3 3 3 2 3 2 3 2 4 2 2 3 0 4 3 4 4 2 1 3 1 1 3 3 4 3 4 1 2 3 1 3
1 35 0 2 1 3 1 3 1 4 3 1 4 3 1 3 4 2 4 4 2 4 1 1 1 0 4 2 1 3 1 3 1 1 2 4 2
1 49 4 3 1 1 4 3 4 3 1 1 1 1 2 2 2 4 4 4 4 4 4 4 2 1 1 1 1 3 3 1 3 3 4 4 4 2 3 1 1 4 3 4 3 4 3 3 3 3 1
1 16 3 2 2 4 2 4 1 2 3 1 1 4 4 1 1 3
1 8 4 3 1 1 1 3 3 1
1 44 0 4 4 0 4 4 4 4 4 4 4 4 4 0 4 4 4 4 0 4 4 4 4 4 4 0 4 2 4 4 4 2 4 2 1 3 1 3 2 2 3 1 1 1
1 51 3 1 3 1 3 1 3 1 4 3 0 0 2 1 4 0 4 4 4 4 4 2 4 3 1 1 4 4 2 3 1 1 1 1 4 3 4 3 1 4 3 1 1 3 1 4 3 4 3 1 1
1 5 4 0 4 2 2
1 42 4 3 4 3 3 1 3 3 2 3 2 3 2 4 1 3 1 3 1 2 2 3 2 4 0 4 2 4 2 4 3 4 0 4 3 1 1 0 4 2 2 2
1 24 4 3 1 4 3 1 1 1 3 1 3 3 1 2 3 4 4 2 2 4 2 4 1 3
1 15 1 3 1 3 1 3 4 4 4 2 4 2 1 1 1
1 15 3 1 1 1 3 2 3 0 4 2 4 0 4 1 1
1 36 2 4 0 4 4 4 4 4 4 1 3 3 3 2 3 3 3 3 1 1 1 2 4 2 1 1 1 2 4 2 4 2 4 3 1 3
1 36 4 4 4 4 4 4 4 2 4 2 1 4 0 4 2 1 4 3 4 3 3 3 1 1 4 3 1 4 3 4 3 3 1 3 3 3
1 41 0 4 3 4 4 2 3 1 1 2 3 1 3 2 2 4 4 4 4 4 4 4 4 4 4 4 4 4 4 3 1 3 1 2 3 4 4 3 3 3 1
1 18 0 4 3 0 0 2 1 3 2 2 2 2 3 3 3 1 1 1
1 33 0 3 3 4 4 2 1 3 3 1 1 1 4 3 2 0 0 2 3 1 1 3 1 2 2 2 2 4 0 4 3 3 3
1 14 1 1 1 0 4 4 0 4 4 0 4 1 1 1
1 7 0 2 2 4 3 4 3
1 24 4 3 1 1 2 1 2 3 0 4 3 2 0 4 4 0 4 4 4 4 4 0 4 1
1 19 3 1 1 3 3 2 1 3 0 4 2 4 2 4 3 1 1 3 3
1 12 4 3 4 3 4 3 3 1 3 3 3 3
1 35 1 4 3 3 3 4 4 4 4 0 4 2 2 2 2 1 1 1 3 2 2 2 3 1 3 0 4 3 0 0 2 3 1 3 3
1 7 0 4 3 4 4 2 3
1 26 2 2 2 2 1 3 4 2 4 2 4 0 4 3 1 1 3 3 2 2 2 4 0 4 1 1
1 19 4 4 4 4 4 4 4 0 4 3 0 4 3 4 4 2 1 3 1
1 35 2 2 4 2 4 1 1 1 2 4 4 4 4 1 1 1 2 0 0 2 0 2 3 1 1 3 1 4 2 4 2 2 4 4 4
1 21 0 4 3 4 1 2 1 3 4 4 4 3 1 1 1 1 3 1 3 1 1
1 42 2 4 2 4 4 4 4 4 2 4 2 3 3 1 3 1 1 4 3 4 3 1 1 4 3 1 4 3 4 3 3 1 3 4 4 4 2 1 3 3 3 1
1 33 3 1 3 3 1 1 1 1 1 4 3 4 1 2 1 1 1 4 0 4 4 4 4 4 0 4 4 0 4 2 1 3 3
1 10 1 4 3 1 1 3 1 1 1 1
1 15 2 1 1 1 0 4 2 1 2 3 2 4 1 1 3
1 50 4 0 4 2 4 0 4 2 2 1 1 3 3 4 4 4 4 4 4 2 4 0 4 4 0 4 4 4 4 1 1 1 3 1 0 4 3 2 0 0 2 1 1 1 3 3 3 3 3 3
1 7 2 2 3 1 1 2 4
1 31 1 1 4 3 4 3 3 3 1 1 3 2 2 1 3 1 1 1 3 4 3 4 3 4 3 2 3 1 1 4 4
0 5 4 3 1 1 4
0 16 4 0 4 4 0 4 4 4 4 2 3 2 1 4 3 4
0 23 4 0 4 4 2 4 1 3 4 3 3 2 4 4 2 4 3 3 2 4 2 4 0
0 25 4 0 4 4 0 4 1 1 1 0 4 1 1 1 1 1 0 4 2 4 4 4 3 1 4
0 3 2 2 0
0 5 0 3 3 4 4
0 10 4 2 4 0 2 3 3 3 4 0
0 3 1 4 0
0 3 1 1 4
0 40 4 0 4 4 0 4 4 4 4 2 3 2 1 4 3 4 3 1 1 1 1 1 3 3 3 3 3 3 4 4 2 1 3 4 0 4 1 2 3 0
0 26 3 1 1 4 3 4 3 4 3 4 3 4 3 1 3 3 4 4 4 2 2 2 3 3 0 3
0 38 3 1 3 1 3 1 3 1 3 1 3 3 4 1 2 1 1 3 1 1 2 2 0 2 2 2 1 3 1 3 3 2 3 1 3 3 1 0
0 13 1 3 0 4 4 2 4 1 3 1 3 1 4
0 18 3 1 1 2 4 4 4 4 4 4 4 4 0 4 3 2 3 0
0 17 4 0 4 4 0 4 1 1 1 0 4 1 1 1 1 1 0
0 29 3 1 1 4 3 4 3 4 3 4 3 4 3 1 3 3 4 4 4 2 2 2 3 3 0 3 3 4 1
0 6 0 4 3 2 0 0
0 5 4 0 4 4 2
0 48 4 0 4 4 0 4 4 4 4 2 3 2 1 4 3 4 3 1 1 1 1 1 3 3 3 3 3 3 4 4 2 1 3 4 0 4 1 2 3 0 4 4 0 4 3 2 3 0
0 43 4 0 4 4 0 4 4 4 4 2 3 2 1 4 3 4 3 1 1 1 1 1 3 3 3 3 3 3 4 4 2 1 3 4 0 4 1 2 3 0 4 4 0
0 40 4 4 4 0 4 2 2 2 2 3 3 1 1 1 1 1 2 3 2 4 4 0 4 4 2 4 2 1 1 1 1 3 3 0 4 2 2 1 1 4
0 39 4 3 4 3 1 1 1 3 3 3 1 1 0 4 2 1 1 1 4 4 4 0 4 1 3 3 1 1 2 4 4 4 2 4 4 4 3 3 4
0 25 0 3 3 4 1 2 1 3 1 1 2 0 2 2 1 2 2 3 2 3 4 4 4 3 4
0 21 2 4 4 4 4 4 0 4 2 4 4 4 1 1 3 1 1 0 4 3 4
0 5 4 4 4 4 0
0 15 2 2 1 4 2 4 1 3 0 4 2 1 2 3 0
0 37 1 1 1 1 2 4 2 2 4 2 2 4 2 2 4 2 3 3 0 0 2 3 1 1 3 2 2 0 2 3 3 1 4 2 4 4 0
0 28 2 4 4 4 4 4 0 4 2 4 4 4 1 1 3 1 1 0 4 3 4 1 2 1 3 3 1 4
0 28 3 1 1 4 3 4 3 4 3 4 3 4 3 1 3 3 4 4 4 2 2 2 3 3 0 3 3 4
0 18 1 2 3 0 4 2 4 2 2 2 1 1 2 3 3 3 2 0
0 42 4 0 4 4 0 4 4 4 4 2 3 2 1 4 3 4 3 1 1 1 1 1 3 3 3 3 3 3 4 4 2 1 3 4 0 4 1 2 3 0 4 4
0 19 3 1 1 1 3 3 1 4 3 1 4 3 1 1 3 1 3 1 4
0 21 4 4 4 4 0 4 4 0 4 2 2 3 1 1 3 3 3 1 4 3 4
0 3 3 3 4
0 3 4 3 4
0 6 2 2 0 3 3 2
0 7 0 4 3 0 0 2 0
0 30 1 4 3 1 4 3 3 1 1 3 3 3 1 2 4 0 4 1 4 4 4 2 3 1 3 1 3 3 4 1
0 4 0 2 2 0
0 13 4 3 1 1 4 3 1 4 3 4 3 1 4
0 16 4 0 4 2 2 4 4 0 4 1 3 3 1 3 4 0
0 5 1 3 0 4 4
0 12 1 1 4 3 1 4 2 4 3 1 1 4
0 43 4 0 4 3 1 1 2 4 3 3 3 2 4 2 2 4 2 2 4 2 2 4 2 2 4 2 4 3 4 4 2 3 1 3 3 1 3 1 4 3 2 0 0
0 7 2 2 0 3 3 2 0
0 8 4 0 4 2 2 4 4 0
0 2 2 0
0 8 2 2 2 2 1 2 3 0
0 10 2 2 4 4 4 4 2 4 4 0
0 17 2 2 2 1 3 1 3 2 3 2 3 0 4 3 1 1 0
0 6 1 3 1 1 1 4
0 40 1 1 4 3 1 4 2 4 3 1 1 4 4 4 0 4 3 1 1 4 4 3 3 0 4 1 2 2 1 3 0 4 4 4 4 2 1 1 1 4
0 16 0 4 3 0 0 2 0 4 3 0 0 2 1 3 1 4
0 10 2 4 4 2 4 1 1 4 3 4
0 36 1 1 1 1 2 4 2 2 4 2 2 4 2 2 4 2 3 3 0 0 2 3 1 1 3 2 2 0 2 3 3 1 4 2 4 4
0 8 3 1 1 1 3 3 1 4
0 16 1 4 3 1 4 3 3 1 1 3 3 3 1 2 4 0
0 10 1 4 3 1 4 3 3 1 1 4
0 13 4 3 4 3 4 3 1 1 1 1 4 3 4
0 20 1 4 3 1 2 1 1 1 0 4 2 1 3 1 1 1 4 3 4 1
0 27 0 4 3 2 0 0 2 1 1 1 3 3 1 1 1 1 2 2 3 3 3 1 3 1 1 1 4
0 3 0 0 0
0 23 1 4 3 1 4 3 3 1 1 4 0 4 4 0 4 3 3 0 4 4 0 4 4
0 18 2 4 4 4 4 4 0 4 2 4 4 4 1 1 3 1 1 0
0 7 1 1 4 3 1 4 2
0 5 0 4 3 0 0
0 7 2 2 3 3 1 3 4
0 7 2 4 4 4 4 4 0
0 17 2 4 2 4 1 3 3 2 3 3 4 4 3 1 1 1 4
0 2 1 4
0 12 4 2 4 0 2 3 3 3 4 0 4 4
0 27 3 1 1 2 4 2 2 1 1 1 2 4 0 4 2 4 0 4 1 1 3 2 2 1 1 1 4
0 34 4 4 4 0 4 2 2 2 2 3 3 1 1 1 1 1 2 3 2 4 4 0 4 4 2 4 2 1 1 1 1 3 3 0
0 29 2 2 1 4 2 4 1 3 0 4 2 1 2 3 0 4 2 3 3 3 1 1 2 4 4 0 4 4 0
0 9 1 2 3 2 4 4 0 4 4
0 11 0 2 2 0 2 1 1 1 1 3 4
0 14 1 1 4 3 1 1 4 3 1 4 3 3 1 4
0 29 3 1 1 2 4 2 3 1 1 4 2 4 2 4 2 4 2 2 1 3 3 1 3 2 3 1 1 1 4
0 40 4 4 4 4 0 4 4 0 4 2 2 3 1 1 3 3 3 1 4 3 4 4 2 1 3 2 0 0 2 3 3 3 3 3 4 3 1 4 3 4
0 19 0 4 2 2 1 1 3 4 3 1 1 3 3 3 3 4 3 2 0
0 21 0 3 3 4 1 2 1 3 1 1 2 0 2 2 1 2 2 3 2 3 4
0 13 4 0 4 3 1 1 1 3 0 4 3 4 1
0 21 0 2 2 1 3 1 1 3 2 4 4 4 4 2 4 4 4 4 0 4 4
0 26 2 4 4 2 4 1 1 4 3 4 3 4 3 1 1 1 1 2 1 3 0 4 2 2 4 0
0 33 1 1 4 3 1 4 2 4 3 1 1 4 4 4 0 4 3 1 1 4 4 3 3 0 4 1 2 2 1 3 0 4 4
0 15 4 3 1 1 4 3 1 3 1 3 1 1 3 0 0
0 2 0 3
0 5 0 2 0 2 0
0 9 1 1 1 1 3 2 0 2 0
0 19 2 4 2 4 1 3 3 2 3 3 4 4 3 1 1 1 4 3 4
0 14 1 4 3 1 4 3 3 1 1 4 0 4 4 0
0 16 4 3 1 1 4 3 1 3 1 3 1 1 3 0 0 0
0 16 2 2 4 4 4 4 2 4 4 0 4 3 3 2 0 0
0 7 1 3 3 1 3 1 4
0 5 0 4 3 2 0
0 24 1 1 4 3 1 4 2 4 3 1 1 4 4 4 0 4 3 1 1 4 4 3 3 0
0 65 4 0 4 3 1 1 2 4 3 3 3 2 4 2 2 4 2 2 4 2 2 4 2 2 4 2 4 3 4 4 2 3 1 3 3 1 3 1 4 3 2 0 0 2 4 3 1 4 3 4 3 4 3 3 3 1 3 1 4 0 4 4 0 4 4
0 14 3 1 3 1 3 1 3 1 3 1 3 3 4 1
0 16 4 3 1 1 4 3 1 4 3 4 3 1 4 3 1 0
0 40 4 3 4 3 1 1 1 3 3 3 1 1 0 4 2 1 1 1 4 4 4 0 4 1 3 3 1 1 2 4 4 4 2 4 4 4 3 3 4 2
0 19 1 4 3 1 2 1 1 1 0 4 2 1 3 1 1 1 4 3 4
0 21 2 0 0 2 0 2 1 3 3 1 3 2 4 4 4 4 0 4 1 3 4
0 34 4 0 4 4 0 4 1 1 1 0 4 1 1 1 1 1 0 4 2 4 4 4 3 1 4 0 4 4 4 4 4 0 4 4
0 18 2 2 4 4 4 4 2 4 4 0 4 3 3 2 0 0 2 0
0 1 0
0 42 2 4 4 4 4 4 0 4 2 4 4 4 1 1 3 1 1 0 4 3 4 1 2 1 3 3 1 4 4 2 4 2 2 1 1 1 1 3 4 3 4 1
0 26 2 2 1 4 2 4 1 3 0 4 2 1 2 3 0 4 2 3 3 3 1 1 2 4 4 0
0 26 4 0 4 3 1 1 1 3 0 4 3 4 1 2 1 3 2 1 1 3 3 2 3 1 1 4
0 13 1 4 3 1 4 3 3 1 1 4 0 4 4
0 24 1 1 4 3 4 3 3 1 1 1 3 2 4 4 4 4 4 3 2 3 0 4 4 0
0 10 1 2 3 2 4 4 0 4 4 0
0 35 4 4 4 4 0 4 4 0 4 2 2 3 1 1 3 3 3 1 4 3 4 4 2 1 3 2 0 0 2 3 3 3 3 3 4
0 19 1 1 1 1 2 4 2 2 4 2 2 4 2 2 4 2 3 3 0
0 4 2 3 3 4
0 7 1 2 3 2 4 4 0
0 63 4 0 4 3 1 1 2 4 3 3 3 2 4 2 2 4 2 2 4 2 2 4 2 2 4 2 4 3 4 4 2 3 1 3 3 1 3 1 4 3 2 0 0 2 4 3 1 4 3 4 3 4 3 3 3 1 3 1 4 0 4 4 0
0 41 2 4 4 4 4 4 0 4 2 4 4 4 1 1 3 1 1 0 4 3 4 1 2 1 3 3 1 4 4 2 4 2 2 1 1 1 1 3 4 3 4
0 8 3 1 1 4 3 4 3 4
0 25 4 4 4 0 4 2 2 2 2 3 3 1 1 1 1 1 2 3 2 4 4 0 4 4 2
0 21 2 4 2 4 1 3 3 2 3 3 4 4 3 1 1 1 4 3 4 3 4
0 27 4 0 4 2 2 4 4 0 4 1 3 3 1 3 4 0 4 4 4 4 0 4 2 4 0 4 4
0 11 2 3 3 4 4 4 4 4 3 0 3
0 18 1 4 3 1 4 3 3 1 1 4 0 4 4 0 4 3 3 0
0 22 4 3 4 3 1 1 1 3 3 3 1 1 0 4 2 1 1 1 4 4 4 0
0 8 0 4 2 2 1 1 3 4
0 12 0 2 2 0 2 1 1 1 1 3 4 0
0 25 3 1 1 4 3 4 3 4 3 4 3 4 3 1 3 3 4 4 4 2 2 2 3 3 0
0 10 4 2 4 1 1 3 2 3 3 0
0 14 2 3 3 4 4 4 4 4 3 0 3 3 2 0
0 13 2 2 1 3 2 4 3 3 3 3 4 3 4
0 35 2 4 4 2 4 1 1 4 3 4 3 4 3 1 1 1 1 2 1 3 0 4 2 2 4 0 4 1 3 3 1 3 3 3 4
0 19 2 2 4 2 4 4 4 4 3 1 3 1 1 2 0 0 2 1 4
0 25 2 4 2 4 1 3 3 2 3 3 4 4 3 1 1 1 4 3 4 3 4 3 4 3 4
0 23 2 4 2 4 1 3 3 2 3 3 4 4 3 1 1 1 4 3 4 3 4 3 4
0 9 4 0 4 4 2 4 1 3 4
0 11 3 1 1 1 3 3 1 4 3 1 4
0 19 4 3 4 3 1 1 1 3 3 3 1 1 0 4 2 1 1 1 4
0 39 4 0 4 3 1 1 2 4 3 3 3 2 4 2 2 4 2 2 4 2 2 4 2 2 4 2 4 3 4 4 2 3 1 3 3 1 3 1 4
0 1 4
0 29 4 0 4 4 0 4 4 4 4 2 3 2 1 4 3 4 3 1 1 1 1 1 3 3 3 3 3 3 4
0 13 3 1 1 2 4 4 4 4 4 4 4 4 0
0 8 4 4 4 4 0 4 4 0
0 3 0 2 0
0 4 4 3 0 0
0 15 4 0 4 2 2 4 4 0 4 1 3 3 1 3 4
0 4 2 0 0 0
0 11 4 3 4 3 1 3 0 4 3 2 0
0 11 2 4 2 4 1 3 3 2 3 3 4
0 11 3 1 1 2 4 2 3 1 1 4 2
0 26 4 4 4 4 2 4 2 1 1 1 0 4 1 3 3 1 3 3 3 3 3 3 4 3 0 0
0 13 0 4 3 0 0 2 2 2 1 2 2 4 0
0 44 2 0 0 2 0 2 1 3 3 1 3 2 4 4 4 4 0 4 1 3 4 4 1 4 4 4 4 4 0 4 4 4 4 2 4 4 0 4 3 1 1 0 0 0
0 7 4 4 4 4 0 4 4
0 4 4 0 4 4
0 21 1 4 3 1 4 3 3 1 1 4 0 4 4 0 4 3 3 0 4 4 0
0 15 1 1 4 3 1 4 2 4 3 1 1 4 4 4 0
0 43 2 0 0 2 0 2 1 3 3 1 3 2 4 4 4 4 0 4 1 3 4 4 1 4 4 4 4 4 0 4 4 4 4 2 4 4 0 4 3 1 1 0 0
0 12 3 1 1 4 3 4 3 4 3 4 3 4
0 19 4 4 4 4 0 4 4 0 4 2 2 3 1 1 3 3 3 1 4
0 4 2 2 0 3
0 19 2 2 2 1 3 1 3 2 3 2 3 0 4 3 1 1 0 4 4
0 12 1 4 3 1 1 3 3 2 3 0 4 4
0 42 4 0 4 3 1 1 2 4 3 3 3 2 4 2 2 4 2 2 4 2 2 4 2 2 4 2 4 3 4 4 2 3 1 3 3 1 3 1 4 3 2 0
0 2 0 0
0 5 0 3 3 4 1
0 12 4 0 4 3 1 1 1 3 0 4 3 4
0 16 4 4 4 0 4 2 4 3 4 3 3 3 1 1 1 4
0 31 1 1 4 3 1 4 2 4 3 1 1 4 4 4 0 4 3 1 1 4 4 3 3 0 4 1 2 2 1 3 0
0 37 2 0 0 2 0 2 1 3 3 1 3 2 4 4 4 4 0 4 1 3 4 4 1 4 4 4 4 4 0 4 4 4 4 2 4 4 0
0 51 4 4 4 0 4 2 2 2 2 3 3 1 1 1 1 1 2 3 2 4 4 0 4 4 2 4 2 1 1 1 1 3 3 0 4 2 2 1 1 4 4 4 4 4 4 4 2 3 1 1 4
0 28 4 0 4 4 0 4 1 1 1 0 4 1 1 1 1 1 0 4 2 4 4 4 3 1 4 0 4 4
0 52 4 0 4 3 1 1 2 4 3 3 3 2 4 2 2 4 2 2 4 2 2 4 2 2 4 2 4 3 4 4 2 3 1 3 3 1 3 1 4 3 2 0 0 2 4 3 1 4 3 4 3 4
0 17 2 0 0 2 0 2 1 3 3 1 3 2 4 4 4 4 0
0 25 4 4 4 4 2 4 2 1 1 1 0 4 1 3 3 1 3 3 3 3 3 3 4 3 0
0 13 2 3 3 4 4 4 4 4 3 0 3 3 2
0 22 4 4 4 0 4 2 2 2 2 3 3 1 1 1 1 1 2 3 2 4 4 0
0 20 2 2 2 1 3 1 3 2 3 2 3 0 4 3 1 1 0 4 4 2
0 30 0 2 1 1 1 3 3 1 1 1 3 1 1 1 3 1 1 1 1 4 3 1 1 3 1 1 4 3 1 4
0 29 0 3 3 4 4 2 3 3 1 3 4 4 4 2 4 2 2 4 0 4 3 3 1 1 3 3 1 1 4
0 5 2 0 0 2 0
0 16 1 1 1 1 1 3 3 2 3 2 3 0 4 3 1 4
0 60 4 0 4 3 1 1 2 4 3 3 3 2 4 2 2 4 2 2 4 2 2 4 2 2 4 2 4 3 4 4 2 3 1 3 3 1 3 1 4 3 2 0 0 2 4 3 1 4 3 4 3 4 3 3 3 1 3 1 4 0
0 62 4 0 4 3 1 1 2 4 3 3 3 2 4 2 2 4 2 2 4 2 2 4 2 2 4 2 4 3 4 4 2 3 1 3 3 1 3 1 4 3 2 0 0 2 4 3 1 4 3 4 3 4 3 3 3 1 3 1 4 0 4 4
0 27 0 2 1 1 1 3 3 1 1 1 3 1 1 1 3 1 1 1 1 4 3 1 1 3 1 1 4
0 2 4 0
0 10 3 1 1 4 3 4 3 4 3 4
0 45 1 1 4 3 1 4 2 4 3 1 1 4 4 4 0 4 3 1 1 4 4 3 3 0 4 1 2 2 1 3 0 4 4 4 4 2 1 1 1 4 4 3 1 1 0
0 17 2 2 1 4 3 1 4 3 1 3 3 2 2 1 1 1 4
0 11 0 4 3 0 0 2 0 4 3 0 0
0 48 4 0 4 3 1 1 2 4 3 3 3 2 4 2 2 4 2 2 4 2 2 4 2 2 4 2 4 3 4 4 2 3 1 3 3 1 3 1 4 3 2 0 0 2 4 3 1 4
0 40 1 2 3 2 4 4 0 4 4 0 4 1 1 1 3 1 4 3 1 1 3 1 1 3 1 2 4 4 4 3 1 1 3 3 1 3 1 3 1 4
0 4 1 2 3 0
0 25 4 0 4 4 2 4 1 3 4 3 3 2 4 4 2 4 3 3 2 4 2 4 0 4 4
0 20 1 4 3 1 4 3 3 1 1 4 0 4 4 0 4 3 3 0 4 4
0 29 4 0 4 3 1 1 2 4 3 3 3 2 4 2 2 4 2 2 4 2 2 4 2 2 4 2 4 3 4
0 17 3 1 1 4 3 4 3 4 3 4 3 4 3 1 3 3 4
0 7 4 3 4 3 1 3 0
0 27 4 4 4 4 0 4 4 0 4 2 2 3 1 1 3 3 3 1 4 3 4 4 2 1 3 2 0
0 42 4 0 4 2 2 4 4 0 4 1 3 3 1 3 4 0 4 4 4 4 0 4 2 4 0 4 4 2 4 3 3 3 1 3 3 3 3 3 4 3 0 0
0 59 4 0 4 3 1 1 2 4 3 3 3 2 4 2 2 4 2 2 4 2 2 4 2 2 4 2 4 3 4 4 2 3 1 3 3 1 3 1 4 3 2 0 0 2 4 3 1 4 3 4 3 4 3 3 3 1 3 1 4
0 28 2 2 1 4 2 4 1 3 0 4 2 1 2 3 0 4 2 3 3 3 1 1 2 4 4 0 4 4
0 7 1 1 1 1 3 2 0
0 41 1 1 1 1 2 4 2 2 4 2 2 4 2 2 4 2 3 3 0 0 2 3 1 1 3 2 2 0 2 3 3 1 4 2 4 4 0 4 2 1 0
0 21 4 0 4 2 2 4 4 0 4 1 3 3 1 3 4 0 4 4 4 4 0
0 23 1 1 4 3 4 3 3 1 1 1 3 2 4 4 4 4 4 3 2 3 0 4 4
0 11 0 3 3 4 4 2 3 3 1 3 4
0 4 0 4 3 0
0 29 2 0 0 2 0 2 1 3 3 1 3 2 4 4 4 4 0 4 1 3 4 4 1 4 4 4 4 4 0
0 10 1 1 1 1 3 2 0 2 0 0
0 13 3 1 3 1 3 1 3 1 3 1 3 3 4
0 66 4 0 4 3 1 1 2 4 3 3 3 2 4 2 2 4 2 2 4 2 2 4 2 2 4 2 4 3 4 4 2 3 1 3 3 1 3 1 4 3 2 0 0 2 4 3 1 4 3 4 3 4 3 3 3 1 3 1 4 0 4 4 0 4 4 2
0 50 4 0 4 3 1 1 2 4 3 3 3 2 4 2 2 4 2 2 4 2 2 4 2 2 4 2 4 3 4 4 2 3 1 3 3 1 3 1 4 3 2 0 0 2 4 3 1 4 3 4
0 19 1 4 3 1 4 3 3 1 1 3 3 3 1 2 4 0 4 1 4
0 9 4 4 4 0 4 2 4 3 4
0 16 2 2 4 2 4 4 4 4 3 1 3 1 1 2 0 0
0 11 1 4 3 1 4 3 3 1 1 4 0
0 17 1 2 3 2 4 4 0 4 4 0 4 1 1 1 3 1 4
0 41 4 0 4 2 2 4 4 0 4 1 3 3 1 3 4 0 4 4 4 4 0 4 2 4 0 4 4 2 4 3 3 3 1 3 3 3 3 3 4 3 0
0 31 2 0 0 2 0 2 1 3 3 1 3 2 4 4 4 4 0 4 1 3 4 4 1 4 4 4 4 4 0 4 4
0 14 4 0 4 4 0 4 4 4 4 2 3 2 1 4
0 18 4 3 1 1 4 3 1 4 3 4 3 1 4 3 1 0 2 0
0 9 4 0 4 3 1 1 1 3 0
0 15 2 2 4 2 4 4 4 4 3 1 3 1 1 2 0
0 21 1 1 4 3 4 3 3 1 1 1 3 2 4 4 4 4 4 3 2 3 0
0 35 4 0 4 4 0 4 1 1 1 0 4 1 1 1 1 1 0 4 2 4 4 4 3 1 4 0 4 4 4 4 4 0 4 4 0
0 20 0 4 2 2 1 1 3 4 3 1 1 3 3 3 3 4 3 2 0 0
0 6 1 1 4 3 1 4
0 23 4 4 4 4 2 4 2 1 1 1 0 4 1 3 3 1 3 3 3 3 3 3 4
0 24 4 4 4 0 4 2 2 2 2 3 3 1 1 1 1 1 2 3 2 4 4 0 4 4
0 18 4 4 4 0 4 2 4 3 4 3 3 3 1 1 1 4 3 4
0 4 3 1 1 4
0 20 1 1 1 1 1 3 3 2 3 2 3 0 4 3 1 4 3 4 3 4
0 15 2 3 3 4 4 4 4 4 3 0 3 3 2 0 0
0 15 4 2 4 1 1 3 2 3 3 0 4 3 2 0 0
0 9 1 4 3 1 2 1 1 1 0
0 33 1 1 3 1 1 3 4 3 1 1 1 3 1 1 3 3 1 3 1 3 1 3 1 3 3 0 0 2 3 3 1 3 0
0 27 1 1 3 1 1 3 4 3 1 1 1 3 1 1 3 3 1 3 1 3 1 3 1 3 3 0 0
0 4 4 4 4 0
0 9 4 3 4 3 1 4 3 3 4
0 42 2 0 0 2 0 2 1 3 3 1 3 2 4 4 4 4 0 4 1 3 4 4 1 4 4 4 4 4 0 4 4 4 4 2 4 4 0 4 3 1 1 0
0 8 2 2 0 3 3 2 0 0
0 9 2 2 1 4 2 4 1 3 0
0 28 4 0 4 2 2 4 4 0 4 1 3 3 1 3 4 0 4 4 4 4 0 4 2 4 0 4 4 2
0 8 4 2 4 2 3 2 3 4
0 34 1 1 1 1 2 4 2 2 4 2 2 4 2 2 4 2 3 3 0 0 2 3 1 1 3 2 2 0 2 3 3 1 4 2
0 18 4 0 4 2 2 4 4 0 4 1 3 3 1 3 4 0 4 4
0 25 1 1 4 3 1 1 4 3 1 4 3 3 1 4 3 1 2 2 4 4 4 3 1 1 0
0 15 0 4 3 0 0 2 2 2 1 2 2 4 0 4 4
0 32 4 0 4 4 0 4 1 1 1 0 4 1 1 1 1 1 0 4 2 4 4 4 3 1 4 0 4 4 4 4 4 0
0 43 1 2 3 2 4 4 0 4 4 0 4 1 1 1 3 1 4 3 1 1 3 1 1 3 1 2 4 4 4 3 1 1 3 3 1 3 1 3 1 4 3 0 0
0 3 4 3 0
0 5 1 4 3 1 4
0 26 1 1 3 1 1 3 4 3 1 1 1 3 1 1 3 3 1 3 1 3 1 3 1 3 3 0
0 12 2 4 4 2 4 1 1 4 3 4 3 4
0 7 2 2 1 4 3 1 4
0 5 1 1 4 3 4
0 33 1 1 1 1 2 4 2 2 4 2 2 4 2 2 4 2 3 3 0 0 2 3 1 1 3 2 2 0 2 3 3 1 4
0 3 0 3 3
0 39 2 4 4 4 4 4 0 4 2 4 4 4 1 1 3 1 1 0 4 3 4 1 2 1 3 3 1 4 4 2 4 2 2 1 1 1 1 3 4
0 9 4 2 4 0 2 3 3 3 4
0 50 4 0 4 2 2 4 4 0 4 1 3 3 1 3 4 0 4 4 4 4 0 4 2 4 0 4 4 2 4 3 3 3 1 3 3 3 3 3 4 3 0 0 2 3 3 1 3 1 1 4
0 36 2 3 3 4 4 4 4 4 3 0 3 3 2 0 0 2 1 4 2 4 4 4 4 4 4 2 4 4 2 4 4 4 2 4 4 0
0 39 4 0 4 2 2 4 4 0 4 1 3 3 1 3 4 0 4 4 4 4 0 4 2 4 0 4 4 2 4 3 3 3 1 3 3 3 3 3 4
0 27 0 3 3 4 1 2 1 3 1 1 2 0 2 2 1 2 2 3 2 3 4 4 4 3 4 3 4
0 11 2 2 3 3 1 3 4 3 1 3 4
0 12 4 3 4 3 1 3 0 4 3 2 0 0
0 6 4 3 4 3 1 4
0 8 4 3 1 1 4 3 1 4
0 20 0 2 1 1 1 3 3 1 1 1 3 1 1 1 3 1 1 1 1 4
0 4 0 3 3 4
0 4 0 4 3 4
0 7 4 0 4 4 0 4 4
0 5 4 3 4 3 4
0 7 1 1 4 3 1 1 4
0 10 3 1 1 2 4 2 3 1 1 4
0 29 1 4 3 1 4 3 3 1 1 3 3 3 1 2 4 0 4 1 4 4 4 2 3 1 3 1 3 3 4
0 18 2 3 3 4 4 4 4 4 3 0 3 3 2 0 0 2 1 4
0 3 2 4 0
0 3 2 0 0
0 11 2 2 1 3 2 4 3 3 3 3 4
0 10 1 4 3 1 1 3 3 2 3 0
0 23 3 1 3 1 3 1 3 1 3 1 3 3 4 1 2 1 1 3 1 1 2 2 0
0 19 0 3 3 4 4 2 3 3 1 3 4 4 4 2 4 2 2 4 0
0 19 1 2 3 0 4 2 4 2 2 2 1 1 2 3 3 3 2 0 0
0 17 2 2 3 3 1 3 4 3 1 3 4 4 4 2 2 4 0
0 10 4 0 4 4 0 4 1 1 1 0
0 12 2 3 3 4 4 4 4 4 3 0 3 3
0 20 1 1 4 3 1 4 2 4 3 1 1 4 4 4 0 4 3 1 1 4
0 25 4 0 4 2 2 4 4 0 4 1 3 3 1 3 4 0 4 4 4 4 0 4 2 4 0
0 5 2 2 0 3 3
0 6 3 1 1 4 3 4
0 3 1 3 0
0 21 2 2 4 2 4 4 4 4 3 1 3 1 1 2 0 0 2 1 4 3 4
0 4 4 2 4 0
0 13 4 3 4 3 1 1 1 3 3 3 1 1 0
0 21 2 4 4 2 4 1 1 4 3 4 3 4 3 1 1 1 1 2 1 3 0
0 14 2 2 3 3 1 1 1 2 3 1 1 3 2 0
0 10 2 3 3 4 4 4 4 4 3 0
0 5 2 2 1 4 2
0 28 4 3 1 1 4 3 1 3 1 3 1 1 3 0 0 0 2 2 2 2 4 2 2 4 2 3 3 4
0 13 3 1 1 2 4 2 2 1 1 1 2 4 0
0 24 2 0 0 2 0 2 1 3 3 1 3 2 4 4 4 4 0 4 1 3 4 4 1 4
0 18 1 1 1 1 1 3 3 2 3 2 3 0 4 3 1 4 3 4
0 45 4 0 4 3 1 1 2 4 3 3 3 2 4 2 2 4 2 2 4 2 2 4 2 2 4 2 4 3 4 4 2 3 1 3 3 1 3 1 4 3 2 0 0 2 4
0 12 0 3 3 4 1 2 1 3 1 1 2 0
0 22 4 4 4 0 4 2 4 3 4 3 3 3 1 1 1 4 3 4 3 1 1 4
0 26 4 0 4 4 0 4 1 1 1 0 4 1 1 1 1 1 0 4 2 4 4 4 3 1 4 0
0 6 1 3 0 4 4 2
0 7 1 1 4 3 4 3 4
0 17 1 4 3 1 2 1 1 1 0 4 2 1 3 1 1 1 4
0 21 3 1 1 1 3 3 1 4 3 1 4 3 1 1 3 1 3 1 4 3 4
0 17 3 1 1 2 4 2 2 1 1 1 2 4 0 4 2 4 0
0 37 1 4 3 1 1 3 3 2 3 0 4 4 4 4 3 1 1 1 1 2 4 2 2 4 2 2 4 2 2 4 2 2 4 2 4 3 4
0 38 4 4 4 4 0 4 4 0 4 2 2 3 1 1 3 3 3 1 4 3 4 4 2 1 3 2 0 0 2 3 3 3 3 3 4 3 1 4
0 43 0 3 3 4 4 2 3 3 1 3 4 4 4 2 4 2 2 4 0 4 3 3 1 1 3 3 1 1 4 3 1 3 3 3 1 1 2 4 2 4 4 4 0
0 35 4 0 4 4 0 4 4 4 4 2 3 2 1 4 3 4 3 1 1 1 1 1 3 3 3 3 3 3 4 4 2 1 3 4 0
0 42 1 2 3 2 4 4 0 4 4 0 4 1 1 1 3 1 4 3 1 1 3 1 1 3 1 2 4 4 4 3 1 1 3 3 1 3 1 3 1 4 3 0
0 7 1 1 3 1 1 3 4
0 15 2 2 4 4 4 4 2 4 4 0 4 3 3 2 0
0 14 4 3 1 1 4 3 1 3 1 3 1 1 3 0
0 14 2 2 0 3 3 2 0 0 2 3 3 1 1 4
0 14 4 2 4 1 1 3 2 3 3 0 4 3 2 0
0 21 4 3 4 3 1 1 3 3 1 3 1 1 3 3 4 4 2 3 1 1 0
0 14 2 2 1 3 2 4 3 3 3 3 4 3 4 1
0 10 4 3 1 1 4 3 1 4 3 4
0 28 4 4 4 4 0 4 4 0 4 2 2 3 1 1 3 3 3 1 4 3 4 4 2 1 3 2 0 0
0 15 4 3 4 3 1 1 3 3 1 3 1 1 3 3 4
0 28 1 1 1 1 2 4 2 2 4 2 2 4 2 2 4 2 3 3 0 0 2 3 1 1 3 2 2 0
0 34 4 0 4 4 0 4 4 4 4 2 3 2 1 4 3 4 3 1 1 1 1 1 3 3 3 3 3 3 4 4 2 1 3 4
0 5 4 0 4 4 0
0 20 1 1 1 1 2 4 2 2 4 2 2 4 2 2 4 2 3 3 0 0
0 8 2 4 4 2 4 1 1 4
0 27 3 1 1 4 3 4 3 4 3 4 3 4 3 1 3 3 4 4 4 2 2 2 3 3 0 3 3
0 11 4 3 4 3 4 3 1 1 1 1 4
0 22 2 4 4 4 4 4 0 4 2 4 4 4 1 1 3 1 1 0 4 3 4 1
0 10 0 4 3 0 0 2 0 4 3 0
0 19 0 2 2 1 3 1 1 3 2 4 4 4 4 2 4 4 4 4 0
0 11 4 4 4 4 2 4 2 1 1 1 0
0 12 1 1 1 1 1 3 3 2 3 2 3 0
0 10 1 1 4 3 1 1 4 3 1 4
0 4 2 2 1 4
0 16 0 4 2 2 1 1 3 4 3 1 1 3 3 3 3 4
0 19 2 3 3 4 4 4 4 4 3 0 3 3 2 0 0 2 1 4 2
0 12 2 2 2 1 3 1 3 2 3 2 3 0
0 38 3 1 1 2 4 2 3 1 1 4 2 4 2 4 2 4 2 2 1 3 3 1 3 2 3 1 1 1 4 3 3 3 3 1 1 1 1 4
0 21 2 3 3 4 4 4 4 4 3 0 3 3 2 0 0 2 1 4 2 4 4
0 2 4 2
