405 5
1 0 
1 125 2 2 2 2 2 2 2 2 2 2 1 1 3 3 3 3 3 3 3 3 3 3 3 3 3 3 3 2 3 3 3 3 3 3 3 3 3 3 1 1 3 3 3 3 3 3 3 3 1 3 1 1 3 3 3 3 3 3 0 0 3 0 3 3 3 3 3 3 1 2 3 1 2 1 3 3 3 3 3 3 3 1 3 3 3 3 3 3 1 1 2 3 3 3 3 3 3 3 3 3 3 3 3 1 3 3 1 3 1 3 3 3 3 1 1 2 2 2 2 2 2 2 2 2 2
1 97 2 2 2 2 1 1 0 0 0 1 1 2 4 3 1 0 1 0 3 0 0 3 3 3 3 3 3 3 3 3 3 1 2 3 3 1 1 0 1 1 0 1 1 0 0 0 0 0 1 1 1 1 1 1 1 1 1 1 1 1 1 1 0 1 1 1 1 1 3 2 1 4 1 4 1 1 1 4 1 4 1 1 1 1 1 1 0 0 1 1 0 0 0 0 1 1 0
1 314 1 1 2 4 3 0 0 0 0 1 1 1 1 1 3 3 3 3 3 1 1 0 3 0 3 0 3 1 2 0 1 1 0 1 1 1 1 1 1 1 3 3 3 1 3 1 1 3 3 3 1 1 1 3 3 3 3 1 1 3 3 3 3 3 3 1 1 3 3 3 3 3 3 3 3 3 1 3 3 3 3 3 3 3 1 1 3 3 3 3 3 3 3 3 3 3 0 3 0 3 1 3 3 3 0 3 0 0 0 3 1 1 3 3 3 3 3 3 3 3 3 3 3 3 3 3 3 3 3 3 3 3 0 3 3 1 3 3 3 1 1 3 3 3 3 3 2 2 2 2 2 2 2 2 1 4 2 1 4 1 4 1 4 1 0 2 4 3 0 0 3 0 3 1 0 1 3 3 1 4 1 4 1 4 3 3 1 3 3 0 3 3 3 3 3 1 1 1 1 3 1 2 1 3 1 3 3 3 1 1 1 3 3 3 3 3 1 4 3 2 2 2 3 3 3 3 3 1 1 3 3 3 2 1 1 3 1 1 3 3 3 3 0 1 1 3 1 3 1 3 3 3 3 3 3 2 0 4 2 3 1 2 2 2 4 3 1 0 2 2 4 3 1 1 1 1 1 1 1 4 1 4 1 4 1 4 1 4 2 3 2 1 2 1 4 1 4 2 2 2 1 2 2 2 2 3 2 1 2 2 2 2 2 2
1 167 2 2 2 2 2 2 1 1 0 0 0 1 1 1 1 2 2 4 2 3 1 2 4 3 1 4 1 4 2 1 4 1 4 2 3 3 2 2 1 4 2 3 2 1 3 3 3 3 3 3 3 3 3 3 1 3 0 3 3 3 1 1 2 1 0 3 1 0 1 1 1 1 0 0 0 1 1 1 1 1 1 1 0 0 0 0 1 1 0 3 1 0 3 1 3 3 3 3 3 3 3 3 3 3 3 3 3 2 3 1 1 3 3 3 3 3 3 1 3 3 3 3 1 3 3 3 3 3 3 3 1 3 3 3 3 3 3 1 0 3 1 3 3 3 1 3 3 3 3 1 3 1 3 3 3 3 3 3 3 3 3 3 3 3 3 3 3
1 212 1 1 1 1 0 1 1 0 0 0 0 1 1 4 3 1 4 3 1 2 2 2 2 2 3 1 2 4 2 3 1 2 2 4 3 2 2 4 3 1 1 1 1 1 0 0 0 0 1 1 1 0 1 1 1 0 0 0 1 1 0 0 0 0 0 0 1 1 0 4 4 4 4 3 1 2 4 3 0 0 0 1 1 0 1 1 1 0 1 2 3 2 1 4 1 4 3 3 2 2 1 2 2 1 3 1 4 1 1 3 3 3 3 3 3 3 3 3 3 0 0 0 0 1 0 1 0 1 1 0 0 0 1 1 1 1 2 0 4 2 4 4 4 3 1 2 4 3 0 1 1 0 1 1 1 1 0 0 1 2 3 1 2 2 4 4 4 2 3 1 2 4 3 3 1 2 4 2 2 2 3 1 2 4 2 3 1 0 2 4 3 0 0 0 0 1 1 0 1 1 1 1 0 2 4 3 1 2 4 3 1 1
1 171 1 1 0 0 0 0 1 1 0 3 1 3 1 3 1 1 3 1 0 3 0 3 3 3 1 0 0 0 3 0 3 3 3 1 1 3 3 3 3 3 3 3 3 3 3 3 3 1 1 1 1 1 1 1 0 1 1 1 0 0 0 2 4 3 3 1 2 4 4 2 2 3 1 2 2 4 3 0 0 1 1 1 1 2 2 4 3 2 2 2 2 2 2 2 2 1 1 3 1 3 1 3 3 3 3 1 1 3 1 2 0 0 3 3 3 1 1 0 0 0 0 0 1 1 0 0 0 0 1 1 0 1 1 0 2 2 4 3 1 0 2 0 2 4 3 1 1 1 1 1 1 1 1 1 2 4 4 2 4 3 1 0 2 4 3 0 0 0 0 0 1
1 281 2 2 2 2 2 2 2 2 2 2 1 1 0 0 0 0 0 1 1 0 3 3 2 1 4 1 4 1 4 1 3 3 3 3 3 3 3 3 3 3 3 3 3 3 3 3 3 1 1 2 1 1 0 1 1 0 0 0 0 0 1 1 0 0 0 2 4 3 2 2 2 2 4 4 2 3 1 3 1 4 2 4 3 1 2 4 3 0 0 0 1 1 1 1 1 1 1 0 0 0 1 1 0 0 0 2 2 4 3 1 4 3 1 4 4 3 1 2 4 3 4 3 1 3 1 4 4 4 3 1 4 2 3 1 2 4 3 1 1 0 1 1 2 4 3 0 0 1 1 0 0 0 1 1 0 0 0 2 4 4 4 3 1 2 4 3 1 2 4 3 2 2 1 1 3 1 3 3 3 1 1 1 1 0 0 3 0 3 1 1 1 3 1 3 3 3 3 1 1 1 4 3 2 1 4 2 2 2 1 2 3 1 4 1 3 2 2 2 2 3 1 4 1 4 3 2 1 4 3 3 1 4 1 4 1 0 1 0 3 0 0 0 0 0 1 1 0 1 1 0 0 0 0 1 1 0 0 0 0 0 0 1 1 0 0 0 0 1 1 0 1 1 0 1 0 1 1 1 1 1 1
1 54 1 1 1 1 0 1 1 1 1 3 3 1 0 1 0 3 1 4 2 2 2 2 2 3 2 2 3 1 1 3 1 1 1 2 3 3 3 3 3 3 3 3 3 3 3 3 3 1 0 3 0 1 0 3
1 3 3 3 3
1 56 1 1 1 1 0 1 1 1 1 1 1 0 0 0 1 1 0 0 0 0 0 1 1 0 1 1 1 1 0 0 0 0 0 1 1 0 3 1 1 1 3 3 3 1 1 3 2 2 2 2 2 2 2 2 2 2
1 11 1 1 1 3 3 3 1 1 1 1 3
1 63 2 2 2 2 2 2 2 2 2 2 2 2 1 1 0 0 0 0 1 1 0 1 1 2 2 2 4 3 0 0 0 0 0 1 1 0 1 1 2 4 3 2 3 1 2 0 2 4 3 1 1 0 0 0 0 1 1 0 1 1 0 1 1
1 8 2 2 2 2 2 2 2 2
1 11 1 1 1 1 1 3 1 3 1 1 3
1 534 2 2 2 2 2 2 2 2 2 2 1 1 0 0 0 1 1 0 1 1 1 0 1 0 3 3 1 3 3 3 3 1 1 0 0 1 1 1 1 1 3 3 3 3 3 1 3 2 3 1 3 3 3 1 3 3 3 1 1 3 1 1 3 3 3 3 1 3 1 3 1 3 3 3 1 3 3 3 3 3 3 1 3 1 0 2 3 1 3 3 3 0 0 0 0 3 0 3 0 0 1 1 2 1 0 0 0 0 0 1 1 1 2 0 2 4 3 3 1 2 3 1 0 0 2 4 3 1 1 1 0 3 1 1 1 2 3 3 1 1 3 3 3 1 1 1 3 3 3 3 3 3 3 3 3 1 3 3 3 3 3 3 1 4 1 4 2 2 3 3 3 3 2 1 1 3 3 3 3 3 1 0 3 1 4 1 4 0 0 0 0 0 1 1 1 1 1 1 3 1 3 1 3 2 4 3 0 0 1 1 0 1 1 0 0 0 0 1 1 0 1 1 0 0 0 1 1 1 0 0 0 0 0 1 1 0 3 3 2 3 2 3 3 1 4 1 4 3 0 0 2 3 2 2 2 1 4 2 1 3 3 2 2 2 1 2 3 1 1 1 1 2 3 1 4 2 1 2 2 2 1 4 3 3 3 3 3 3 3 3 3 3 1 3 3 1 3 3 3 3 3 1 1 1 1 3 3 3 3 1 3 0 3 0 3 0 0 0 1 1 0 1 1 0 0 0 1 1 0 3 1 2 4 3 1 2 2 4 2 3 1 2 4 3 0 0 0 0 0 1 1 0 1 1 0 2 4 3 2 2 4 4 3 1 3 1 0 2 4 3 1 0 1 1 1 1 0 0 0 0 0 0 1 1 0 2 2 2 3 1 2 3 1 2 2 4 3 1 1 1 4 3 3 3 3 3 1 1 3 2 3 3 3 3 1 2 2 1 3 1 1 4 3 3 3 1 3 3 3 3 3 1 1 1 1 1 3 3 3 3 3 3 1 0 3 3 3 3 3 3 3 3 1 2 1 1 1 1 3 3 3 3 0 3 3 0 1 2 1 3 1 1 3 3 0 3 3 3 3 0 3 3 1 4 2 3 1 2 2 1 4 3 0 1 1 3 3 3 3 3 3 0 1 1 1 1 1 0 0 0 0 1 1 0 1 0 3 1 3 3 3 1 3 3 3 3 3 3 3 1 1 1 3 3
1 109 1 1 0 0 1 1 1 0 0 0 0 0 1 1 0 0 0 1 1 1 1 1 1 1 3 1 2 4 3 1 1 2 2 2 4 4 2 3 1 4 2 4 4 2 3 1 4 3 1 2 4 3 2 4 4 2 2 3 1 2 2 4 2 3 1 2 4 3 1 1 2 4 3 1 0 2 4 2 2 4 3 1 2 2 4 3 0 0 0 0 0 1 1 2 2 2 2 2 2 2 2 2 2 2 2 2 2 2 2
1 2 1 3
1 20 1 1 1 1 1 3 1 1 1 1 1 3 3 1 1 1 1 3 1 3
1 72 1 1 4 2 4 3 1 0 2 4 3 1 1 2 4 3 2 0 2 3 1 2 2 4 3 2 2 2 2 2 2 2 2 2 2 1 1 0 0 0 0 1 1 1 0 0 1 1 1 0 2 2 2 4 4 3 1 2 4 3 1 1 0 0 1 1 1 1 1 1 1 1
1 14 1 1 1 1 1 3 1 1 1 3 3 1 1 3
1 26 2 2 2 2 2 2 2 2 2 2 2 2 2 2 2 2 2 2 2 2 2 2 2 2 2 2
1 4 3 3 3 3
1 5 3 3 3 3 3
1 17 1 1 1 1 1 3 1 1 3 1 1 1 1 3 1 1 3
1 72 1 1 0 0 0 0 1 1 1 1 1 1 1 3 1 3 3 3 3 1 0 0 2 4 3 1 1 0 0 0 0 0 1 1 1 1 1 2 2 0 2 4 3 1 1 0 1 1 1 1 0 0 1 1 0 0 0 0 0 1 2 2 2 2 2 2 2 2 2 2 2 2
1 34 2 2 2 2 2 2 2 2 2 2 2 2 1 1 0 1 1 0 2 2 4 3 0 0 1 1 0 1 0 3 1 1 1 0
1 256 1 1 0 0 0 0 0 1 3 3 2 2 1 1 4 1 3 1 2 2 1 1 1 1 2 1 3 3 3 1 3 3 3 3 1 1 1 1 4 3 1 2 1 1 4 3 1 1 0 1 1 0 0 0 0 1 1 3 1 0 3 3 3 3 1 3 3 3 1 0 0 3 3 1 3 0 0 3 3 3 3 3 3 3 1 2 1 3 1 1 3 1 3 3 3 3 3 3 1 3 3 3 3 3 1 1 0 0 0 0 0 1 1 0 2 2 2 3 1 2 4 2 3 1 2 2 4 3 4 4 3 1 4 4 3 1 3 1 0 2 4 3 0 0 0 0 1 1 0 1 1 1 0 1 0 3 3 0 2 2 4 3 0 4 4 4 3 1 2 2 2 2 3 1 4 4 4 2 2 3 1 2 2 4 3 2 4 3 1 4 3 0 0 3 3 3 3 3 3 2 3 3 1 3 3 3 3 3 3 1 3 3 2 3 3 3 3 1 1 1 3 1 2 1 1 3 3 3 3 3 2 1 2 2 1 4 1 1 1 2 1 4 3 2 2 1 1 3 3 3 3 3 3 3 1 1
1 24 2 2 2 2 2 2 2 2 2 2 2 2 2 2 2 2 2 2 2 2 2 2 2 2
1 197 1 1 1 0 3 1 1 3 1 3 1 0 0 3 0 3 1 1 3 3 3 3 3 3 3 3 3 3 1 3 3 3 3 1 1 3 3 0 1 0 3 3 3 3 1 1 1 1 1 1 2 3 1 3 1 1 4 1 4 1 4 1 4 1 4 1 4 1 4 1 4 1 4 3 1 3 1 2 3 1 3 3 3 3 1 1 3 3 3 3 3 0 0 0 0 0 0 1 1 0 1 1 1 1 0 0 0 0 0 1 1 0 0 0 0 1 1 1 1 2 2 2 4 2 3 1 2 0 2 4 3 1 2 4 3 4 2 3 1 2 0 2 2 4 3 0 0 1 1 0 1 1 4 4 4 4 3 1 2 4 3 3 1 1 3 3 1 1 2 0 0 1 1 1 1 1 1 3 1 2 2 4 3 1 2 4 3 2 2 2 2 2 2 2 2 2 2
0 140 2 2 1 1 0 0 0 1 1 1 1 1 2 4 3 1 1 4 3 1 2 2 4 3 0 0 0 0 0 1 1 0 3 3 1 3 3 3 1 3 3 3 3 3 1 4 1 4 1 4 3 2 2 3 3 1 3 1 3 1 3 3 3 3 1 3 3 3 1 1 3 0 3 0 0 1 3 3 3 3 3 3 1 1 1 1 2 1 4 2 2 2 3 2 1 4 1 4 3 1 1 1 1 3 1 3 2 2 3 3 3 3 3 3 3 0 3 3 2 4 3 4 4 2 3 1 2 2 4 2 4 4 3 1 4 2 4 2 4 3
0 137 1 1 0 0 0 0 0 1 1 1 1 1 0 0 0 0 0 1 1 1 1 1 1 1 1 1 1 1 1 1 0 3 3 3 3 3 3 3 3 3 3 3 3 3 3 1 1 0 1 3 3 3 3 3 1 3 3 3 1 4 1 4 3 2 2 2 1 2 1 1 0 3 1 3 3 3 3 3 1 1 1 2 1 1 3 3 2 1 4 1 4 1 4 2 0 0 1 1 1 1 1 1 0 1 0 3 1 0 0 0 0 1 1 0 0 1 1 0 2 4 4 2 4 3 1 0 2 3 1 4 2 2 2 4 3 1 2
0 106 2 2 2 2 2 2 2 2 2 2 2 2 1 1 0 0 0 1 1 1 0 2 4 3 4 2 2 2 2 3 1 0 2 4 3 0 0 0 0 1 1 0 1 1 1 1 0 2 2 4 2 4 3 1 2 4 3 0 0 0 0 1 1 0 1 1 0 0 1 1 0 1 1 1 1 0 1 1 0 0 0 0 0 1 1 1 1 1 0 0 0 1 1 1 4 4 3 1 0 2 2 2 4 2 3 1
0 61 2 2 2 2 2 2 2 2 2 2 1 1 0 0 1 0 0 0 1 1 0 1 1 0 0 0 1 1 0 0 0 1 1 0 2 4 3 3 1 2 3 4 4 2 4 2 3 1 2 4 3 1 1 3 1 4 3 1 2 4 2
0 16 1 1 3 1 4 3 1 4 2 4 4 4 3 1 2 4
0 175 2 2 2 2 2 2 1 1 0 0 0 0 1 1 1 0 0 0 0 1 1 1 1 1 1 1 1 0 1 1 3 3 3 3 3 3 3 3 1 3 3 3 3 1 0 0 1 1 0 2 2 4 2 4 2 3 1 2 4 3 0 0 0 1 1 1 1 1 2 2 4 3 0 0 0 0 0 1 1 0 1 1 1 1 3 3 3 3 1 3 1 1 3 1 2 1 1 1 0 1 1 1 1 0 2 4 3 1 4 2 2 4 2 3 1 0 3 1 2 4 3 0 0 0 0 1 0 0 0 0 1 1 1 3 1 1 3 3 3 3 3 3 1 1 2 1 0 0 1 1 1 1 1 3 1 4 3 1 2 2 4 2 4 2 3 1 2 4 3 2 4 4 3 1 0
0 157 1 1 0 0 0 0 0 1 1 1 1 1 0 0 0 0 0 1 1 1 1 1 1 1 1 1 1 1 1 1 0 3 3 3 3 3 3 3 3 3 3 3 3 3 3 1 1 0 1 3 3 3 3 3 1 3 3 3 1 4 1 4 3 2 2 2 1 2 1 1 0 3 1 3 3 3 3 3 1 1 1 2 1 1 3 3 2 1 4 1 4 1 4 2 0 0 1 1 1 1 1 1 0 1 0 3 1 0 0 0 0 1 1 0 0 1 1 0 2 4 4 2 4 3 1 0 2 3 1 4 2 2 2 4 3 1 2 4 3 0 0 0 0 1 1 0 1 1 2 4 3 2 4 4 4 2 3
0 121 1 1 0 0 0 0 0 1 1 1 1 1 0 0 0 0 0 1 1 1 1 1 1 1 1 1 1 1 1 1 0 3 3 3 3 3 3 3 3 3 3 3 3 3 3 1 1 0 1 3 3 3 3 3 1 3 3 3 1 4 1 4 3 2 2 2 1 2 1 1 0 3 1 3 3 3 3 3 1 1 1 2 1 1 3 3 2 1 4 1 4 1 4 2 0 0 1 1 1 1 1 1 0 1 0 3 1 0 0 0 0 1 1 0 0 1 1 0 2 4 4
0 197 1 1 0 0 0 0 0 1 1 1 1 1 0 0 0 0 0 1 1 1 1 1 1 1 1 1 1 1 1 1 0 3 3 3 3 3 3 3 3 3 3 3 3 3 3 1 1 0 1 3 3 3 3 3 1 3 3 3 1 4 1 4 3 2 2 2 1 2 1 1 0 3 1 3 3 3 3 3 1 1 1 2 1 1 3 3 2 1 4 1 4 1 4 2 0 0 1 1 1 1 1 1 0 1 0 3 1 0 0 0 0 1 1 0 0 1 1 0 2 4 4 2 4 3 1 0 2 3 1 4 2 2 2 4 3 1 2 4 3 0 0 0 0 1 1 0 1 1 2 4 3 2 4 4 4 2 3 1 3 1 2 4 3 3 3 3 3 3 1 1 0 3 0 0 0 1 1 0 1 1 0 0 0 0 0 1 1 0 0 2 4 2 3 1 0 2 4
0 155 1 1 0 0 0 0 0 1 1 1 1 1 0 0 0 0 0 1 1 1 1 1 1 1 1 1 1 1 1 1 0 3 3 3 3 3 3 3 3 3 3 3 3 3 3 1 1 0 1 3 3 3 3 3 1 3 3 3 1 4 1 4 3 2 2 2 1 2 1 1 0 3 1 3 3 3 3 3 1 1 1 2 1 1 3 3 2 1 4 1 4 1 4 2 0 0 1 1 1 1 1 1 0 1 0 3 1 0 0 0 0 1 1 0 0 1 1 0 2 4 4 2 4 3 1 0 2 3 1 4 2 2 2 4 3 1 2 4 3 0 0 0 0 1 1 0 1 1 2 4 3 2 4 4 4
0 29 1 1 0 0 0 0 1 1 0 1 1 0 0 0 0 1 1 0 3 0 0 1 1 0 0 2 4 4 4
0 120 2 2 1 1 0 0 0 1 1 1 1 1 2 4 3 1 1 4 3 1 2 2 4 3 0 0 0 0 0 1 1 0 3 3 1 3 3 3 1 3 3 3 3 3 1 4 1 4 1 4 3 2 2 3 3 1 3 1 3 1 3 3 3 3 1 3 3 3 1 1 3 0 3 0 0 1 3 3 3 3 3 3 1 1 1 1 2 1 4 2 2 2 3 2 1 4 1 4 3 1 1 1 1 3 1 3 2 2 3 3 3 3 3 3 3 0 3 3 2 4
0 46 1 1 3 1 4 3 1 4 2 4 4 4 3 1 2 4 3 1 4 1 4 2 3 3 2 1 4 3 3 1 1 1 0 0 0 3 1 0 1 4 2 2 4 2 3 1
0 31 2 2 2 2 2 2 2 2 2 2 1 1 1 1 1 1 1 1 1 1 2 4 3 0 4 3 1 4 2 3 1
0 25 2 2 2 2 2 2 2 2 2 2 1 1 1 1 1 1 1 1 1 1 2 4 3 0 4
0 167 2 2 2 2 2 2 1 1 0 0 0 0 1 1 1 0 0 0 0 1 1 1 1 1 1 1 1 0 1 1 3 3 3 3 3 3 3 3 1 3 3 3 3 1 0 0 1 1 0 2 2 4 2 4 2 3 1 2 4 3 0 0 0 1 1 1 1 1 2 2 4 3 0 0 0 0 0 1 1 0 1 1 1 1 3 3 3 3 1 3 1 1 3 1 2 1 1 1 0 1 1 1 1 0 2 4 3 1 4 2 2 4 2 3 1 0 3 1 2 4 3 0 0 0 0 1 0 0 0 0 1 1 1 3 1 1 3 3 3 3 3 3 1 1 2 1 0 0 1 1 1 1 1 3 1 4 3 1 2 2 4 2 4 2 3 1 2
0 138 2 2 1 1 1 0 1 1 0 0 0 0 1 1 0 1 1 0 0 0 1 1 0 0 0 0 0 0 1 1 1 1 1 1 3 3 3 3 3 3 3 3 1 3 3 3 2 2 1 4 1 4 3 3 3 3 3 3 1 3 3 3 3 1 0 1 4 3 3 0 3 3 1 1 1 1 0 0 0 1 1 1 1 1 0 0 0 0 1 1 1 1 1 0 0 0 0 0 1 1 0 2 4 3 3 3 3 3 3 3 1 1 1 1 2 3 1 1 1 3 3 3 3 3 3 3 2 2 3 1 0 0 0 3 3 2 4 4
0 194 2 2 1 1 0 0 0 1 1 1 1 1 2 4 3 1 1 4 3 1 2 2 4 3 0 0 0 0 0 1 1 0 3 3 1 3 3 3 1 3 3 3 3 3 1 4 1 4 1 4 3 2 2 3 3 1 3 1 3 1 3 3 3 3 1 3 3 3 1 1 3 0 3 0 0 1 3 3 3 3 3 3 1 1 1 1 2 1 4 2 2 2 3 2 1 4 1 4 3 1 1 1 1 3 1 3 2 2 3 3 3 3 3 3 3 0 3 3 2 4 3 4 4 2 3 1 2 2 4 2 4 4 3 1 4 2 4 2 4 3 1 2 4 3 1 1 0 1 1 0 3 1 0 2 4 3 1 1 3 3 3 3 0 0 3 1 4 1 4 1 0 3 0 0 0 0 1 1 1 1 0 1 1 0 4 2 4 2 3 1 2 3 1 2
0 192 1 1 0 0 0 0 0 1 1 1 1 1 0 0 0 0 0 1 1 1 1 1 1 1 1 1 1 1 1 1 0 3 3 3 3 3 3 3 3 3 3 3 3 3 3 1 1 0 1 3 3 3 3 3 1 3 3 3 1 4 1 4 3 2 2 2 1 2 1 1 0 3 1 3 3 3 3 3 1 1 1 2 1 1 3 3 2 1 4 1 4 1 4 2 0 0 1 1 1 1 1 1 0 1 0 3 1 0 0 0 0 1 1 0 0 1 1 0 2 4 4 2 4 3 1 0 2 3 1 4 2 2 2 4 3 1 2 4 3 0 0 0 0 1 1 0 1 1 2 4 3 2 4 4 4 2 3 1 3 1 2 4 3 3 3 3 3 3 1 1 0 3 0 0 0 1 1 0 1 1 0 0 0 0 0 1 1 0 0 2 4 2
0 188 2 2 1 1 0 0 0 1 1 1 1 1 2 4 3 1 1 4 3 1 2 2 4 3 0 0 0 0 0 1 1 0 3 3 1 3 3 3 1 3 3 3 3 3 1 4 1 4 1 4 3 2 2 3 3 1 3 1 3 1 3 3 3 3 1 3 3 3 1 1 3 0 3 0 0 1 3 3 3 3 3 3 1 1 1 1 2 1 4 2 2 2 3 2 1 4 1 4 3 1 1 1 1 3 1 3 2 2 3 3 3 3 3 3 3 0 3 3 2 4 3 4 4 2 3 1 2 2 4 2 4 4 3 1 4 2 4 2 4 3 1 2 4 3 1 1 0 1 1 0 3 1 0 2 4 3 1 1 3 3 3 3 0 0 3 1 4 1 4 1 0 3 0 0 0 0 1 1 1 1 0 1 1 0 4 2 4 2
0 162 2 2 2 2 2 2 1 1 0 0 0 0 1 1 1 0 0 0 0 1 1 1 1 1 1 1 1 0 1 1 3 3 3 3 3 3 3 3 1 3 3 3 3 1 0 0 1 1 0 2 2 4 2 4 2 3 1 2 4 3 0 0 0 1 1 1 1 1 2 2 4 3 0 0 0 0 0 1 1 0 1 1 1 1 3 3 3 3 1 3 1 1 3 1 2 1 1 1 0 1 1 1 1 0 2 4 3 1 4 2 2 4 2 3 1 0 3 1 2 4 3 0 0 0 0 1 0 0 0 0 1 1 1 3 1 1 3 3 3 3 3 3 1 1 2 1 0 0 1 1 1 1 1 3 1 4 3 1 2 2 4 2
0 123 1 1 0 0 0 0 0 1 1 1 1 1 0 0 0 0 0 1 1 1 1 1 1 1 1 1 1 1 1 1 0 3 3 3 3 3 3 3 3 3 3 3 3 3 3 1 1 0 1 3 3 3 3 3 1 3 3 3 1 4 1 4 3 2 2 2 1 2 1 1 0 3 1 3 3 3 3 3 1 1 1 2 1 1 3 3 2 1 4 1 4 1 4 2 0 0 1 1 1 1 1 1 0 1 0 3 1 0 0 0 0 1 1 0 0 1 1 0 2 4 4 2 4
0 65 2 2 2 2 2 2 2 2 2 2 1 1 0 0 1 0 0 0 1 1 0 1 1 0 0 0 1 1 0 0 0 1 1 0 2 4 3 3 1 2 3 4 4 2 4 2 3 1 2 4 3 1 1 3 1 4 3 1 2 4 2 4 3 1 2
0 126 2 2 2 2 2 2 2 2 2 2 2 2 1 1 0 0 0 1 1 1 0 2 4 3 4 2 2 2 2 3 1 0 2 4 3 0 0 0 0 1 1 0 1 1 1 1 0 2 2 4 2 4 3 1 2 4 3 0 0 0 0 1 1 0 1 1 0 0 1 1 0 1 1 1 1 0 1 1 0 0 0 0 0 1 1 1 1 1 0 0 0 1 1 1 4 4 3 1 0 2 2 2 4 2 3 1 2 4 4 2 2 3 1 2 4 4 4 2 3 1 2 4 3 4 2 3
0 88 2 2 2 2 2 2 2 2 1 1 0 0 0 0 1 1 1 0 0 0 0 0 0 1 1 0 0 0 0 1 1 1 1 1 1 1 2 4 3 1 1 0 0 0 0 0 1 1 1 1 2 4 2 3 1 2 2 2 2 4 3 1 4 2 4 3 1 2 4 3 1 1 1 1 0 0 0 0 0 1 1 0 4 4 2 3 1 0
0 119 1 1 0 0 0 0 1 1 0 1 1 0 0 0 0 1 1 0 3 0 0 1 1 0 0 2 4 4 4 3 1 2 4 3 0 0 0 1 1 0 2 2 2 2 2 2 1 1 3 1 2 2 2 3 1 2 4 2 2 4 3 1 2 4 3 1 1 0 1 1 0 0 0 0 0 0 1 1 0 0 0 0 0 1 1 1 1 1 0 0 0 0 0 1 1 0 1 1 4 2 3 1 2 4 3 0 1 1 0 1 1 0 0 0 1 0 4 4 2
0 32 1 1 0 0 0 0 1 1 0 1 1 0 0 0 0 1 1 0 3 0 0 1 1 0 0 2 4 4 4 3 1 2
0 58 1 1 3 1 4 3 1 4 2 4 4 4 3 1 2 4 3 1 4 1 4 2 3 3 2 1 4 3 3 1 1 1 0 0 0 3 1 0 1 4 2 2 4 2 3 1 2 4 3 2 2 4 4 2 3 1 0 2
0 137 1 1 3 1 4 3 1 4 2 4 4 4 3 1 2 4 3 1 4 1 4 2 3 3 2 1 4 3 3 1 1 1 0 0 0 3 1 0 1 4 2 2 4 2 3 1 2 4 3 2 2 4 4 2 3 1 0 2 4 3 1 1 1 4 1 4 1 3 2 1 3 2 1 1 3 3 3 3 3 3 3 3 1 1 1 1 3 3 3 1 1 3 3 3 3 3 3 3 3 3 1 3 1 4 1 4 1 4 3 3 3 3 3 1 3 1 4 2 3 1 2 2 2 1 4 0 0 0 0 1 1 1 0 1 1 2 4
0 158 1 1 3 3 3 3 3 3 3 1 1 3 3 3 3 3 1 3 3 3 3 1 4 2 1 4 1 4 1 4 1 4 1 4 0 1 1 1 1 1 1 2 3 2 1 4 2 3 1 3 3 3 3 3 3 1 3 3 3 3 3 3 0 3 1 1 1 3 3 3 3 3 3 1 3 3 1 1 3 1 2 0 0 0 0 0 1 1 1 1 1 1 3 3 3 3 1 3 3 1 1 1 2 3 3 1 4 1 4 3 2 2 2 2 2 3 3 3 3 3 3 3 3 3 0 1 1 3 3 3 3 3 1 2 2 2 3 2 2 0 0 1 1 0 1 1 2 2 2 2 3 1 2 2 4 3 2 4
0 15 1 1 3 1 4 3 1 4 2 4 4 4 3 1 2
0 129 1 1 0 0 0 0 0 1 1 1 1 1 0 0 0 0 0 1 1 1 1 1 1 1 1 1 1 1 1 1 0 3 3 3 3 3 3 3 3 3 3 3 3 3 3 1 1 0 1 3 3 3 3 3 1 3 3 3 1 4 1 4 3 2 2 2 1 2 1 1 0 3 1 3 3 3 3 3 1 1 1 2 1 1 3 3 2 1 4 1 4 1 4 2 0 0 1 1 1 1 1 1 0 1 0 3 1 0 0 0 0 1 1 0 0 1 1 0 2 4 4 2 4 3 1 0 2 3 1
0 89 2 2 2 2 2 2 2 2 1 1 0 0 0 0 1 1 1 0 0 0 0 0 0 1 1 0 0 0 0 1 1 1 1 1 1 1 2 4 3 1 1 0 0 0 0 0 1 1 1 1 2 4 2 3 1 2 2 2 2 4 3 1 4 2 4 3 1 2 4 3 1 1 1 1 0 0 0 0 0 1 1 0 4 4 2 3 1 0 2
0 27 2 2 2 2 2 2 2 2 2 2 1 1 1 1 1 1 1 1 1 1 2 4 3 0 4 3 1
0 125 2 2 1 1 0 0 0 1 1 1 1 1 2 4 3 1 1 4 3 1 2 2 4 3 0 0 0 0 0 1 1 0 3 3 1 3 3 3 1 3 3 3 3 3 1 4 1 4 1 4 3 2 2 3 3 1 3 1 3 1 3 3 3 3 1 3 3 3 1 1 3 0 3 0 0 1 3 3 3 3 3 3 1 1 1 1 2 1 4 2 2 2 3 2 1 4 1 4 3 1 1 1 1 3 1 3 2 2 3 3 3 3 3 3 3 0 3 3 2 4 3 4 4 2 3
0 103 2 2 2 2 2 2 2 2 2 2 2 2 1 1 0 0 0 1 1 1 0 2 4 3 4 2 2 2 2 3 1 0 2 4 3 0 0 0 0 1 1 0 1 1 1 1 0 2 2 4 2 4 3 1 2 4 3 0 0 0 0 1 1 0 1 1 0 0 1 1 0 1 1 1 1 0 1 1 0 0 0 0 0 1 1 1 1 1 0 0 0 1 1 1 4 4 3 1 0 2 2 2 4
0 104 2 2 2 2 2 2 2 2 2 2 2 2 1 1 0 0 0 1 1 1 0 2 4 3 4 2 2 2 2 3 1 0 2 4 3 0 0 0 0 1 1 0 1 1 1 1 0 2 2 4 2 4 3 1 2 4 3 0 0 0 0 1 1 0 1 1 0 0 1 1 0 1 1 1 1 0 1 1 0 0 0 0 0 1 1 1 1 1 0 0 0 1 1 1 4 4 3 1 0 2 2 2 4 2
0 163 1 1 3 3 3 3 3 3 3 1 1 3 3 3 3 3 1 3 3 3 3 1 4 2 1 4 1 4 1 4 1 4 1 4 0 1 1 1 1 1 1 2 3 2 1 4 2 3 1 3 3 3 3 3 3 1 3 3 3 3 3 3 0 3 1 1 1 3 3 3 3 3 3 1 3 3 1 1 3 1 2 0 0 0 0 0 1 1 1 1 1 1 3 3 3 3 1 3 3 1 1 1 2 3 3 1 4 1 4 3 2 2 2 2 2 3 3 3 3 3 3 3 3 3 0 1 1 3 3 3 3 3 1 2 2 2 3 2 2 0 0 1 1 0 1 1 2 2 2 2 3 1 2 2 4 3 2 4 2 3 1 2 2
0 10 1 1 3 1 4 3 1 4 2 4
0 18 2 2 1 1 3 3 3 0 0 0 1 1 0 2 4 2 3 1
0 101 2 2 2 2 2 2 2 2 2 2 2 2 1 1 0 0 0 1 1 1 0 2 4 3 4 2 2 2 2 3 1 0 2 4 3 0 0 0 0 1 1 0 1 1 1 1 0 2 2 4 2 4 3 1 2 4 3 0 0 0 0 1 1 0 1 1 0 0 1 1 0 1 1 1 1 0 1 1 0 0 0 0 0 1 1 1 1 1 0 0 0 1 1 1 4 4 3 1 0 2 2
0 11 3 1 1 1 3 1 3 1 1 1 1
0 150 1 1 0 0 0 0 0 1 1 1 1 1 0 0 0 0 0 1 1 1 1 1 1 1 1 1 1 1 1 1 0 3 3 3 3 3 3 3 3 3 3 3 3 3 3 1 1 0 1 3 3 3 3 3 1 3 3 3 1 4 1 4 3 2 2 2 1 2 1 1 0 3 1 3 3 3 3 3 1 1 1 2 1 1 3 3 2 1 4 1 4 1 4 2 0 0 1 1 1 1 1 1 0 1 0 3 1 0 0 0 0 1 1 0 0 1 1 0 2 4 4 2 4 3 1 0 2 3 1 4 2 2 2 4 3 1 2 4 3 0 0 0 0 1 1 0 1 1 2 4
0 30 2 2 2 2 2 2 2 2 2 2 1 1 1 1 1 1 1 1 1 1 2 4 3 0 4 3 1 4 2 3
0 57 1 1 3 1 4 3 1 4 2 4 4 4 3 1 2 4 3 1 4 1 4 2 3 3 2 1 4 3 3 1 1 1 0 0 0 3 1 0 1 4 2 2 4 2 3 1 2 4 3 2 2 4 4 2 3 1 0
0 27 2 2 2 2 2 2 2 2 2 2 2 2 1 1 0 0 0 1 1 1 0 2 4 3 4 2 2
0 52 1 1 3 1 4 3 1 4 2 4 4 4 3 1 2 4 3 1 4 1 4 2 3 3 2 1 4 3 3 1 1 1 0 0 0 3 1 0 1 4 2 2 4 2 3 1 2 4 3 2 2 4
0 13 2 2 2 2 2 2 2 2 2 2 2 2 2
0 17 2 2 2 2 2 2 2 2 2 2 2 2 2 2 2 2 2
0 78 1 1 0 0 1 1 1 1 1 0 3 3 3 1 3 3 3 3 3 1 3 1 1 3 3 3 3 3 1 1 3 3 3 3 3 3 3 3 3 3 3 2 1 4 2 3 2 2 3 1 4 1 4 3 1 3 3 1 2 3 3 3 1 1 2 1 1 0 1 1 1 1 4 4 3 1 2 3
0 129 2 2 1 1 0 0 0 1 1 1 1 1 2 4 3 1 1 4 3 1 2 2 4 3 0 0 0 0 0 1 1 0 3 3 1 3 3 3 1 3 3 3 3 3 1 4 1 4 1 4 3 2 2 3 3 1 3 1 3 1 3 3 3 3 1 3 3 3 1 1 3 0 3 0 0 1 3 3 3 3 3 3 1 1 1 1 2 1 4 2 2 2 3 2 1 4 1 4 3 1 1 1 1 3 1 3 2 2 3 3 3 3 3 3 3 0 3 3 2 4 3 4 4 2 3 1 2 2 4
0 142 2 2 1 1 1 0 1 1 0 0 0 0 1 1 0 1 1 0 0 0 1 1 0 0 0 0 0 0 1 1 1 1 1 1 3 3 3 3 3 3 3 3 1 3 3 3 2 2 1 4 1 4 3 3 3 3 3 3 1 3 3 3 3 1 0 1 4 3 3 0 3 3 1 1 1 1 0 0 0 1 1 1 1 1 0 0 0 0 1 1 1 1 1 0 0 0 0 0 1 1 0 2 4 3 3 3 3 3 3 3 1 1 1 1 2 3 1 1 1 3 3 3 3 3 3 3 2 2 3 1 0 0 0 3 3 2 4 4 2 3 1 0
0 194 1 1 0 0 0 0 0 1 1 1 1 1 0 0 0 0 0 1 1 1 1 1 1 1 1 1 1 1 1 1 0 3 3 3 3 3 3 3 3 3 3 3 3 3 3 1 1 0 1 3 3 3 3 3 1 3 3 3 1 4 1 4 3 2 2 2 1 2 1 1 0 3 1 3 3 3 3 3 1 1 1 2 1 1 3 3 2 1 4 1 4 1 4 2 0 0 1 1 1 1 1 1 0 1 0 3 1 0 0 0 0 1 1 0 0 1 1 0 2 4 4 2 4 3 1 0 2 3 1 4 2 2 2 4 3 1 2 4 3 0 0 0 0 1 1 0 1 1 2 4 3 2 4 4 4 2 3 1 3 1 2 4 3 3 3 3 3 3 1 1 0 3 0 0 0 1 1 0 1 1 0 0 0 0 0 1 1 0 0 2 4 2 3 1
0 31 1 1 0 0 0 0 1 1 0 1 1 0 0 0 0 1 1 0 3 0 0 1 1 0 0 2 4 4 4 3 1
0 120 1 1 0 0 0 0 0 1 1 1 1 1 0 0 0 0 0 1 1 1 1 1 1 1 1 1 1 1 1 1 0 3 3 3 3 3 3 3 3 3 3 3 3 3 3 1 1 0 1 3 3 3 3 3 1 3 3 3 1 4 1 4 3 2 2 2 1 2 1 1 0 3 1 3 3 3 3 3 1 1 1 2 1 1 3 3 2 1 4 1 4 1 4 2 0 0 1 1 1 1 1 1 0 1 0 3 1 0 0 0 0 1 1 0 0 1 1 0 2 4
0 166 2 2 2 2 2 2 1 1 0 0 0 0 1 1 1 0 0 0 0 1 1 1 1 1 1 1 1 0 1 1 3 3 3 3 3 3 3 3 1 3 3 3 3 1 0 0 1 1 0 2 2 4 2 4 2 3 1 2 4 3 0 0 0 1 1 1 1 1 2 2 4 3 0 0 0 0 0 1 1 0 1 1 1 1 3 3 3 3 1 3 1 1 3 1 2 1 1 1 0 1 1 1 1 0 2 4 3 1 4 2 2 4 2 3 1 0 3 1 2 4 3 0 0 0 0 1 0 0 0 0 1 1 1 3 1 1 3 3 3 3 3 3 1 1 2 1 0 0 1 1 1 1 1 3 1 4 3 1 2 2 4 2 4 2 3 1
0 135 2 2 1 1 0 0 0 1 1 1 1 1 2 4 3 1 1 4 3 1 2 2 4 3 0 0 0 0 0 1 1 0 3 3 1 3 3 3 1 3 3 3 3 3 1 4 1 4 1 4 3 2 2 3 3 1 3 1 3 1 3 3 3 3 1 3 3 3 1 1 3 0 3 0 0 1 3 3 3 3 3 3 1 1 1 1 2 1 4 2 2 2 3 2 1 4 1 4 3 1 1 1 1 3 1 3 2 2 3 3 3 3 3 3 3 0 3 3 2 4 3 4 4 2 3 1 2 2 4 2 4 4 3 1 4
0 187 2 2 1 1 0 0 0 1 1 1 1 1 2 4 3 1 1 4 3 1 2 2 4 3 0 0 0 0 0 1 1 0 3 3 1 3 3 3 1 3 3 3 3 3 1 4 1 4 1 4 3 2 2 3 3 1 3 1 3 1 3 3 3 3 1 3 3 3 1 1 3 0 3 0 0 1 3 3 3 3 3 3 1 1 1 1 2 1 4 2 2 2 3 2 1 4 1 4 3 1 1 1 1 3 1 3 2 2 3 3 3 3 3 3 3 0 3 3 2 4 3 4 4 2 3 1 2 2 4 2 4 4 3 1 4 2 4 2 4 3 1 2 4 3 1 1 0 1 1 0 3 1 0 2 4 3 1 1 3 3 3 3 0 0 3 1 4 1 4 1 0 3 0 0 0 0 1 1 1 1 0 1 1 0 4 2 4
0 28 1 1 0 0 0 0 1 1 0 1 1 0 0 0 0 1 1 0 3 0 0 1 1 0 0 2 4 4
0 178 2 2 2 2 2 2 1 1 0 0 0 0 1 1 1 0 0 0 0 1 1 1 1 1 1 1 1 0 1 1 3 3 3 3 3 3 3 3 1 3 3 3 3 1 0 0 1 1 0 2 2 4 2 4 2 3 1 2 4 3 0 0 0 1 1 1 1 1 2 2 4 3 0 0 0 0 0 1 1 0 1 1 1 1 3 3 3 3 1 3 1 1 3 1 2 1 1 1 0 1 1 1 1 0 2 4 3 1 4 2 2 4 2 3 1 0 3 1 2 4 3 0 0 0 0 1 0 0 0 0 1 1 1 3 1 1 3 3 3 3 3 3 1 1 2 1 0 0 1 1 1 1 1 3 1 4 3 1 2 2 4 2 4 2 3 1 2 4 3 2 4 4 3 1 0 2 2 4
0 90 2 2 2 2 2 2 2 2 1 1 0 0 0 0 1 1 1 0 0 0 0 0 0 1 1 0 0 0 0 1 1 1 1 1 1 1 2 4 3 1 1 0 0 0 0 0 1 1 1 1 2 4 2 3 1 2 2 2 2 4 3 1 4 2 4 3 1 2 4 3 1 1 1 1 0 0 0 0 0 1 1 0 4 4 2 3 1 0 2 4
0 30 1 1 0 0 0 0 1 1 0 1 1 0 0 0 0 1 1 0 3 0 0 1 1 0 0 2 4 4 4 3
0 205 1 1 0 0 0 0 0 1 1 1 1 1 0 0 0 0 0 1 1 1 1 1 1 1 1 1 1 1 1 1 0 3 3 3 3 3 3 3 3 3 3 3 3 3 3 1 1 0 1 3 3 3 3 3 1 3 3 3 1 4 1 4 3 2 2 2 1 2 1 1 0 3 1 3 3 3 3 3 1 1 1 2 1 1 3 3 2 1 4 1 4 1 4 2 0 0 1 1 1 1 1 1 0 1 0 3 1 0 0 0 0 1 1 0 0 1 1 0 2 4 4 2 4 3 1 0 2 3 1 4 2 2 2 4 3 1 2 4 3 0 0 0 0 1 1 0 1 1 2 4 3 2 4 4 4 2 3 1 3 1 2 4 3 3 3 3 3 3 1 1 0 3 0 0 0 1 1 0 1 1 0 0 0 0 0 1 1 0 0 2 4 2 3 1 0 2 4 3 1 1 4 4 4 2 3
0 195 1 1 0 0 0 0 0 1 1 1 1 1 0 0 0 0 0 1 1 1 1 1 1 1 1 1 1 1 1 1 0 3 3 3 3 3 3 3 3 3 3 3 3 3 3 1 1 0 1 3 3 3 3 3 1 3 3 3 1 4 1 4 3 2 2 2 1 2 1 1 0 3 1 3 3 3 3 3 1 1 1 2 1 1 3 3 2 1 4 1 4 1 4 2 0 0 1 1 1 1 1 1 0 1 0 3 1 0 0 0 0 1 1 0 0 1 1 0 2 4 4 2 4 3 1 0 2 3 1 4 2 2 2 4 3 1 2 4 3 0 0 0 0 1 1 0 1 1 2 4 3 2 4 4 4 2 3 1 3 1 2 4 3 3 3 3 3 3 1 1 0 3 0 0 0 1 1 0 1 1 0 0 0 0 0 1 1 0 0 2 4 2 3 1 0
0 143 2 2 1 1 0 0 0 1 1 1 1 1 2 4 3 1 1 4 3 1 2 2 4 3 0 0 0 0 0 1 1 0 3 3 1 3 3 3 1 3 3 3 3 3 1 4 1 4 1 4 3 2 2 3 3 1 3 1 3 1 3 3 3 3 1 3 3 3 1 1 3 0 3 0 0 1 3 3 3 3 3 3 1 1 1 1 2 1 4 2 2 2 3 2 1 4 1 4 3 1 1 1 1 3 1 3 2 2 3 3 3 3 3 3 3 0 3 3 2 4 3 4 4 2 3 1 2 2 4 2 4 4 3 1 4 2 4 2 4 3 1 2 4
0 109 2 2 2 2 2 2 2 2 2 2 2 2 1 1 0 0 0 1 1 1 0 2 4 3 4 2 2 2 2 3 1 0 2 4 3 0 0 0 0 1 1 0 1 1 1 1 0 2 2 4 2 4 3 1 2 4 3 0 0 0 0 1 1 0 1 1 0 0 1 1 0 1 1 1 1 0 1 1 0 0 0 0 0 1 1 1 1 1 0 0 0 1 1 1 4 4 3 1 0 2 2 2 4 2 3 1 2 4 4
0 158 1 1 0 0 0 0 0 1 1 1 1 1 0 0 0 0 0 1 1 1 1 1 1 1 1 1 1 1 1 1 0 3 3 3 3 3 3 3 3 3 3 3 3 3 3 1 1 0 1 3 3 3 3 3 1 3 3 3 1 4 1 4 3 2 2 2 1 2 1 1 0 3 1 3 3 3 3 3 1 1 1 2 1 1 3 3 2 1 4 1 4 1 4 2 0 0 1 1 1 1 1 1 0 1 0 3 1 0 0 0 0 1 1 0 0 1 1 0 2 4 4 2 4 3 1 0 2 3 1 4 2 2 2 4 3 1 2 4 3 0 0 0 0 1 1 0 1 1 2 4 3 2 4 4 4 2 3 1
0 121 1 1 0 0 0 0 1 1 0 1 1 0 0 0 0 1 1 0 3 0 0 1 1 0 0 2 4 4 4 3 1 2 4 3 0 0 0 1 1 0 2 2 2 2 2 2 1 1 3 1 2 2 2 3 1 2 4 2 2 4 3 1 2 4 3 1 1 0 1 1 0 0 0 0 0 0 1 1 0 0 0 0 0 1 1 1 1 1 0 0 0 0 0 1 1 0 1 1 4 2 3 1 2 4 3 0 1 1 0 1 1 0 0 0 1 0 4 4 2 3 1
0 114 2 2 2 2 2 2 2 2 2 2 2 2 1 1 0 0 0 1 1 1 0 2 4 3 4 2 2 2 2 3 1 0 2 4 3 0 0 0 0 1 1 0 1 1 1 1 0 2 2 4 2 4 3 1 2 4 3 0 0 0 0 1 1 0 1 1 0 0 1 1 0 1 1 1 1 0 1 1 0 0 0 0 0 1 1 1 1 1 0 0 0 1 1 1 4 4 3 1 0 2 2 2 4 2 3 1 2 4 4 2 2 3 1 2
0 46 2 2 2 2 2 2 2 2 2 2 1 1 0 0 1 0 0 0 1 1 0 1 1 0 0 0 1 1 0 0 0 1 1 0 2 4 3 3 1 2 3 4 4 2 4 2
0 206 1 1 0 0 0 0 0 1 1 1 1 1 0 0 0 0 0 1 1 1 1 1 1 1 1 1 1 1 1 1 0 3 3 3 3 3 3 3 3 3 3 3 3 3 3 1 1 0 1 3 3 3 3 3 1 3 3 3 1 4 1 4 3 2 2 2 1 2 1 1 0 3 1 3 3 3 3 3 1 1 1 2 1 1 3 3 2 1 4 1 4 1 4 2 0 0 1 1 1 1 1 1 0 1 0 3 1 0 0 0 0 1 1 0 0 1 1 0 2 4 4 2 4 3 1 0 2 3 1 4 2 2 2 4 3 1 2 4 3 0 0 0 0 1 1 0 1 1 2 4 3 2 4 4 4 2 3 1 3 1 2 4 3 3 3 3 3 3 1 1 0 3 0 0 0 1 1 0 1 1 0 0 0 0 0 1 1 0 0 2 4 2 3 1 0 2 4 3 1 1 4 4 4 2 3 1
0 64 2 2 2 2 2 2 2 2 2 2 1 1 0 0 1 0 0 0 1 1 0 1 1 0 0 0 1 1 0 0 0 1 1 0 2 4 3 3 1 2 3 4 4 2 4 2 3 1 2 4 3 1 1 3 1 4 3 1 2 4 2 4 3 1
0 137 2 2 1 1 1 0 1 1 0 0 0 0 1 1 0 1 1 0 0 0 1 1 0 0 0 0 0 0 1 1 1 1 1 1 3 3 3 3 3 3 3 3 1 3 3 3 2 2 1 4 1 4 3 3 3 3 3 3 1 3 3 3 3 1 0 1 4 3 3 0 3 3 1 1 1 1 0 0 0 1 1 1 1 1 0 0 0 0 1 1 1 1 1 0 0 0 0 0 1 1 0 2 4 3 3 3 3 3 3 3 1 1 1 1 2 3 1 1 1 3 3 3 3 3 3 3 2 2 3 1 0 0 0 3 3 2 4
0 69 2 2 2 2 2 2 2 2 1 1 0 0 0 0 1 1 1 0 0 0 0 0 0 1 1 0 0 0 0 1 1 1 1 1 1 1 2 4 3 1 1 0 0 0 0 0 1 1 1 1 2 4 2 3 1 2 2 2 2 4 3 1 4 2 4 3 1 2 4
0 209 1 1 0 0 0 0 0 1 1 1 1 1 0 0 0 0 0 1 1 1 1 1 1 1 1 1 1 1 1 1 0 3 3 3 3 3 3 3 3 3 3 3 3 3 3 1 1 0 1 3 3 3 3 3 1 3 3 3 1 4 1 4 3 2 2 2 1 2 1 1 0 3 1 3 3 3 3 3 1 1 1 2 1 1 3 3 2 1 4 1 4 1 4 2 0 0 1 1 1 1 1 1 0 1 0 3 1 0 0 0 0 1 1 0 0 1 1 0 2 4 4 2 4 3 1 0 2 3 1 4 2 2 2 4 3 1 2 4 3 0 0 0 0 1 1 0 1 1 2 4 3 2 4 4 4 2 3 1 3 1 2 4 3 3 3 3 3 3 1 1 0 3 0 0 0 1 1 0 1 1 0 0 0 0 0 1 1 0 0 2 4 2 3 1 0 2 4 3 1 1 4 4 4 2 3 1 4 4 4
0 14 2 2 1 1 0 0 0 1 1 1 1 1 2 4
0 214 1 1 0 0 0 0 0 1 1 1 1 1 0 0 0 0 0 1 1 1 1 1 1 1 1 1 1 1 1 1 0 3 3 3 3 3 3 3 3 3 3 3 3 3 3 1 1 0 1 3 3 3 3 3 1 3 3 3 1 4 1 4 3 2 2 2 1 2 1 1 0 3 1 3 3 3 3 3 1 1 1 2 1 1 3 3 2 1 4 1 4 1 4 2 0 0 1 1 1 1 1 1 0 1 0 3 1 0 0 0 0 1 1 0 0 1 1 0 2 4 4 2 4 3 1 0 2 3 1 4 2 2 2 4 3 1 2 4 3 0 0 0 0 1 1 0 1 1 2 4 3 2 4 4 4 2 3 1 3 1 2 4 3 3 3 3 3 3 1 1 0 3 0 0 0 1 1 0 1 1 0 0 0 0 0 1 1 0 0 2 4 2 3 1 0 2 4 3 1 1 4 4 4 2 3 1 4 4 4 4 3 1 0 2
0 3 2 2 2
0 56 2 2 2 2 2 2 2 2 1 1 0 0 0 0 1 1 1 0 0 0 0 0 0 1 1 0 0 0 0 1 1 1 1 1 1 1 2 4 3 1 1 0 0 0 0 0 1 1 1 1 2 4 2 3 1 2
0 208 1 1 0 0 0 0 0 1 1 1 1 1 0 0 0 0 0 1 1 1 1 1 1 1 1 1 1 1 1 1 0 3 3 3 3 3 3 3 3 3 3 3 3 3 3 1 1 0 1 3 3 3 3 3 1 3 3 3 1 4 1 4 3 2 2 2 1 2 1 1 0 3 1 3 3 3 3 3 1 1 1 2 1 1 3 3 2 1 4 1 4 1 4 2 0 0 1 1 1 1 1 1 0 1 0 3 1 0 0 0 0 1 1 0 0 1 1 0 2 4 4 2 4 3 1 0 2 3 1 4 2 2 2 4 3 1 2 4 3 0 0 0 0 1 1 0 1 1 2 4 3 2 4 4 4 2 3 1 3 1 2 4 3 3 3 3 3 3 1 1 0 3 0 0 0 1 1 0 1 1 0 0 0 0 0 1 1 0 0 2 4 2 3 1 0 2 4 3 1 1 4 4 4 2 3 1 4 4
0 210 1 1 0 0 0 0 0 1 1 1 1 1 0 0 0 0 0 1 1 1 1 1 1 1 1 1 1 1 1 1 0 3 3 3 3 3 3 3 3 3 3 3 3 3 3 1 1 0 1 3 3 3 3 3 1 3 3 3 1 4 1 4 3 2 2 2 1 2 1 1 0 3 1 3 3 3 3 3 1 1 1 2 1 1 3 3 2 1 4 1 4 1 4 2 0 0 1 1 1 1 1 1 0 1 0 3 1 0 0 0 0 1 1 0 0 1 1 0 2 4 4 2 4 3 1 0 2 3 1 4 2 2 2 4 3 1 2 4 3 0 0 0 0 1 1 0 1 1 2 4 3 2 4 4 4 2 3 1 3 1 2 4 3 3 3 3 3 3 1 1 0 3 0 0 0 1 1 0 1 1 0 0 0 0 0 1 1 0 0 2 4 2 3 1 0 2 4 3 1 1 4 4 4 2 3 1 4 4 4 4
0 5 2 2 2 2 2
0 56 2 2 2 2 2 2 2 2 2 2 2 2 1 1 0 0 0 1 1 1 0 2 4 3 4 2 2 2 2 3 1 0 2 4 3 0 0 0 0 1 1 0 1 1 1 1 0 2 2 4 2 4 3 1 2 4
0 125 2 2 2 2 2 2 2 2 2 2 2 2 1 1 0 0 0 1 1 1 0 2 4 3 4 2 2 2 2 3 1 0 2 4 3 0 0 0 0 1 1 0 1 1 1 1 0 2 2 4 2 4 3 1 2 4 3 0 0 0 0 1 1 0 1 1 0 0 1 1 0 1 1 1 1 0 1 1 0 0 0 0 0 1 1 1 1 1 0 0 0 1 1 1 4 4 3 1 0 2 2 2 4 2 3 1 2 4 4 2 2 3 1 2 4 4 4 2 3 1 2 4 3 4 2
0 122 2 2 1 1 0 0 0 1 1 1 1 1 2 4 3 1 1 4 3 1 2 2 4 3 0 0 0 0 0 1 1 0 3 3 1 3 3 3 1 3 3 3 3 3 1 4 1 4 1 4 3 2 2 3 3 1 3 1 3 1 3 3 3 3 1 3 3 3 1 1 3 0 3 0 0 1 3 3 3 3 3 3 1 1 1 1 2 1 4 2 2 2 3 2 1 4 1 4 3 1 1 1 1 3 1 3 2 2 3 3 3 3 3 3 3 0 3 3 2 4 3 4
0 58 2 2 2 2 2 2 2 2 1 1 0 0 0 0 1 1 1 0 0 0 0 0 0 1 1 0 0 0 0 1 1 1 1 1 1 1 2 4 3 1 1 0 0 0 0 0 1 1 1 1 2 4 2 3 1 2 2 2
0 207 1 1 0 0 0 0 0 1 1 1 1 1 0 0 0 0 0 1 1 1 1 1 1 1 1 1 1 1 1 1 0 3 3 3 3 3 3 3 3 3 3 3 3 3 3 1 1 0 1 3 3 3 3 3 1 3 3 3 1 4 1 4 3 2 2 2 1 2 1 1 0 3 1 3 3 3 3 3 1 1 1 2 1 1 3 3 2 1 4 1 4 1 4 2 0 0 1 1 1 1 1 1 0 1 0 3 1 0 0 0 0 1 1 0 0 1 1 0 2 4 4 2 4 3 1 0 2 3 1 4 2 2 2 4 3 1 2 4 3 0 0 0 0 1 1 0 1 1 2 4 3 2 4 4 4 2 3 1 3 1 2 4 3 3 3 3 3 3 1 1 0 3 0 0 0 1 1 0 1 1 0 0 0 0 0 1 1 0 0 2 4 2 3 1 0 2 4 3 1 1 4 4 4 2 3 1 4
0 16 2 2 1 1 3 3 3 0 0 0 1 1 0 2 4 2
0 59 2 2 2 2 2 2 2 2 1 1 0 0 0 0 1 1 1 0 0 0 0 0 0 1 1 0 0 0 0 1 1 1 1 1 1 1 2 4 3 1 1 0 0 0 0 0 1 1 1 1 2 4 2 3 1 2 2 2 2
0 121 1 1 3 1 3 3 1 3 3 3 3 3 3 3 3 3 3 3 3 3 3 3 3 3 1 1 1 3 3 3 1 3 0 3 1 0 1 1 1 3 3 3 3 1 1 3 3 1 3 3 3 3 3 3 3 3 3 0 3 1 2 2 2 1 4 1 4 2 2 2 1 3 1 3 3 3 3 3 3 2 2 2 3 3 3 3 3 3 3 3 3 3 0 0 0 1 1 1 1 1 1 4 4 4 3 1 2 4 3 1 2 3 1 2 4 2 4 4 3 1 2
0 134 1 1 0 0 0 0 0 1 1 1 1 1 0 0 0 0 0 1 1 1 1 1 1 1 1 1 1 1 1 1 0 3 3 3 3 3 3 3 3 3 3 3 3 3 3 1 1 0 1 3 3 3 3 3 1 3 3 3 1 4 1 4 3 2 2 2 1 2 1 1 0 3 1 3 3 3 3 3 1 1 1 2 1 1 3 3 2 1 4 1 4 1 4 2 0 0 1 1 1 1 1 1 0 1 0 3 1 0 0 0 0 1 1 0 0 1 1 0 2 4 4 2 4 3 1 0 2 3 1 4 2 2 2 4
0 136 1 1 0 0 0 0 0 1 1 1 1 1 0 0 0 0 0 1 1 1 1 1 1 1 1 1 1 1 1 1 0 3 3 3 3 3 3 3 3 3 3 3 3 3 3 1 1 0 1 3 3 3 3 3 1 3 3 3 1 4 1 4 3 2 2 2 1 2 1 1 0 3 1 3 3 3 3 3 1 1 1 2 1 1 3 3 2 1 4 1 4 1 4 2 0 0 1 1 1 1 1 1 0 1 0 3 1 0 0 0 0 1 1 0 0 1 1 0 2 4 4 2 4 3 1 0 2 3 1 4 2 2 2 4 3 1
0 56 1 1 3 1 4 3 1 4 2 4 4 4 3 1 2 4 3 1 4 1 4 2 3 3 2 1 4 3 3 1 1 1 0 0 0 3 1 0 1 4 2 2 4 2 3 1 2 4 3 2 2 4 4 2 3 1
0 118 2 2 2 2 2 2 2 2 2 2 2 2 1 1 0 0 0 1 1 1 0 2 4 3 4 2 2 2 2 3 1 0 2 4 3 0 0 0 0 1 1 0 1 1 1 1 0 2 2 4 2 4 3 1 2 4 3 0 0 0 0 1 1 0 1 1 0 0 1 1 0 1 1 1 1 0 1 1 0 0 0 0 0 1 1 1 1 1 0 0 0 1 1 1 4 4 3 1 0 2 2 2 4 2 3 1 2 4 4 2 2 3 1 2 4 4 4 2
0 195 2 2 1 1 0 0 0 1 1 1 1 1 2 4 3 1 1 4 3 1 2 2 4 3 0 0 0 0 0 1 1 0 3 3 1 3 3 3 1 3 3 3 3 3 1 4 1 4 1 4 3 2 2 3 3 1 3 1 3 1 3 3 3 3 1 3 3 3 1 1 3 0 3 0 0 1 3 3 3 3 3 3 1 1 1 1 2 1 4 2 2 2 3 2 1 4 1 4 3 1 1 1 1 3 1 3 2 2 3 3 3 3 3 3 3 0 3 3 2 4 3 4 4 2 3 1 2 2 4 2 4 4 3 1 4 2 4 2 4 3 1 2 4 3 1 1 0 1 1 0 3 1 0 2 4 3 1 1 3 3 3 3 0 0 3 1 4 1 4 1 0 3 0 0 0 0 1 1 1 1 0 1 1 0 4 2 4 2 3 1 2 3 1 2 4
0 25 2 2 2 2 2 2 2 2 2 2 2 2 1 1 0 0 0 1 1 1 0 2 4 3 4
0 77 1 1 0 0 1 1 1 1 1 0 3 3 3 1 3 3 3 3 3 1 3 1 1 3 3 3 3 3 1 1 3 3 3 3 3 3 3 3 3 3 3 2 1 4 2 3 2 2 3 1 4 1 4 3 1 3 3 1 2 3 3 3 1 1 2 1 1 0 1 1 1 1 4 4 3 1 2
0 57 2 2 2 2 2 2 2 2 1 1 0 0 0 0 1 1 1 0 0 0 0 0 0 1 1 0 0 0 0 1 1 1 1 1 1 1 2 4 3 1 1 0 0 0 0 0 1 1 1 1 2 4 2 3 1 2 2
0 64 1 1 0 0 0 0 1 1 0 1 1 0 0 0 0 1 1 0 3 0 0 1 1 0 0 2 4 4 4 3 1 2 4 3 0 0 0 1 1 0 2 2 2 2 2 2 1 1 3 1 2 2 2 3 1 2 4 2 2 4 3 1 2 4
0 11 2 2 2 2 2 2 2 2 2 2 2
0 104 2 2 2 2 2 2 2 2 2 2 1 1 0 0 1 0 0 0 1 1 0 1 1 0 0 0 1 1 0 0 0 1 1 0 2 4 3 3 1 2 3 4 4 2 4 2 3 1 2 4 3 1 1 3 1 4 3 1 2 4 2 4 3 1 2 4 3 0 1 1 1 1 1 1 0 0 0 1 1 0 1 1 0 0 0 0 0 1 1 1 1 0 1 0 1 0 2 3 1 4 3 1 2 4
0 58 2 2 2 2 2 2 1 1 0 0 0 0 1 1 1 0 0 0 0 1 1 1 1 1 1 1 1 0 1 1 3 3 3 3 3 3 3 3 1 3 3 3 3 1 0 0 1 1 0 2 2 4 2 4 2 3 1 2
0 20 2 2 1 1 3 3 3 0 0 0 1 1 0 2 4 2 3 1 0 3
0 108 1 1 3 1 3 3 1 3 3 3 3 3 3 3 3 3 3 3 3 3 3 3 3 3 1 1 1 3 3 3 1 3 0 3 1 0 1 1 1 3 3 3 3 1 1 3 3 1 3 3 3 3 3 3 3 3 3 0 3 1 2 2 2 1 4 1 4 2 2 2 1 3 1 3 3 3 3 3 3 2 2 2 3 3 3 3 3 3 3 3 3 3 0 0 0 1 1 1 1 1 1 4 4 4 3 1 2 4
0 180 2 2 2 2 2 2 1 1 0 0 0 0 1 1 1 0 0 0 0 1 1 1 1 1 1 1 1 0 1 1 3 3 3 3 3 3 3 3 1 3 3 3 3 1 0 0 1 1 0 2 2 4 2 4 2 3 1 2 4 3 0 0 0 1 1 1 1 1 2 2 4 3 0 0 0 0 0 1 1 0 1 1 1 1 3 3 3 3 1 3 1 1 3 1 2 1 1 1 0 1 1 1 1 0 2 4 3 1 4 2 2 4 2 3 1 0 3 1 2 4 3 0 0 0 0 1 0 0 0 0 1 1 1 3 1 1 3 3 3 3 3 3 1 1 2 1 0 0 1 1 1 1 1 3 1 4 3 1 2 2 4 2 4 2 3 1 2 4 3 2 4 4 3 1 0 2 2 4 4 2
0 27 1 1 0 0 0 0 1 1 0 1 1 0 0 0 0 1 1 0 3 0 0 1 1 0 0 2 4
0 5 1 3 3 1 1
0 57 2 2 2 2 2 2 1 1 0 0 0 0 1 1 1 0 0 0 0 1 1 1 1 1 1 1 1 0 1 1 3 3 3 3 3 3 3 3 1 3 3 3 3 1 0 0 1 1 0 2 2 4 2 4 2 3 1
0 58 1 1 0 0 0 0 1 1 0 1 1 0 0 0 0 1 1 0 3 0 0 1 1 0 0 2 4 4 4 3 1 2 4 3 0 0 0 1 1 0 2 2 2 2 2 2 1 1 3 1 2 2 2 3 1 2 4 2
0 28 2 2 2 2 2 2 2 2 2 2 1 1 1 1 1 1 1 1 1 1 2 4 3 0 4 3 1 4
0 216 1 1 0 0 0 0 0 1 1 1 1 1 0 0 0 0 0 1 1 1 1 1 1 1 1 1 1 1 1 1 0 3 3 3 3 3 3 3 3 3 3 3 3 3 3 1 1 0 1 3 3 3 3 3 1 3 3 3 1 4 1 4 3 2 2 2 1 2 1 1 0 3 1 3 3 3 3 3 1 1 1 2 1 1 3 3 2 1 4 1 4 1 4 2 0 0 1 1 1 1 1 1 0 1 0 3 1 0 0 0 0 1 1 0 0 1 1 0 2 4 4 2 4 3 1 0 2 3 1 4 2 2 2 4 3 1 2 4 3 0 0 0 0 1 1 0 1 1 2 4 3 2 4 4 4 2 3 1 3 1 2 4 3 3 3 3 3 3 1 1 0 3 0 0 0 1 1 0 1 1 0 0 0 0 0 1 1 0 0 2 4 2 3 1 0 2 4 3 1 1 4 4 4 2 3 1 4 4 4 4 3 1 0 2 2 4
0 55 2 2 2 2 2 2 1 1 0 0 0 0 1 1 1 0 0 0 0 1 1 1 1 1 1 1 1 0 1 1 3 3 3 3 3 3 3 3 1 3 3 3 3 1 0 0 1 1 0 2 2 4 2 4 2
0 164 2 2 2 2 2 2 1 1 0 0 0 0 1 1 1 0 0 0 0 1 1 1 1 1 1 1 1 0 1 1 3 3 3 3 3 3 3 3 1 3 3 3 3 1 0 0 1 1 0 2 2 4 2 4 2 3 1 2 4 3 0 0 0 1 1 1 1 1 2 2 4 3 0 0 0 0 0 1 1 0 1 1 1 1 3 3 3 3 1 3 1 1 3 1 2 1 1 1 0 1 1 1 1 0 2 4 3 1 4 2 2 4 2 3 1 0 3 1 2 4 3 0 0 0 0 1 0 0 0 0 1 1 1 3 1 1 3 3 3 3 3 3 1 1 2 1 0 0 1 1 1 1 1 3 1 4 3 1 2 2 4 2 4 2
0 33 1 1 0 0 0 0 1 1 0 1 1 0 0 0 0 1 1 0 3 0 0 1 1 0 0 2 4 4 4 3 1 2 4
0 163 2 2 2 2 2 2 1 1 0 0 0 0 1 1 1 0 0 0 0 1 1 1 1 1 1 1 1 0 1 1 3 3 3 3 3 3 3 3 1 3 3 3 3 1 0 0 1 1 0 2 2 4 2 4 2 3 1 2 4 3 0 0 0 1 1 1 1 1 2 2 4 3 0 0 0 0 0 1 1 0 1 1 1 1 3 3 3 3 1 3 1 1 3 1 2 1 1 1 0 1 1 1 1 0 2 4 3 1 4 2 2 4 2 3 1 0 3 1 2 4 3 0 0 0 0 1 0 0 0 0 1 1 1 3 1 1 3 3 3 3 3 3 1 1 2 1 0 0 1 1 1 1 1 3 1 4 3 1 2 2 4 2 4
0 106 1 1 3 1 3 3 1 3 3 3 3 3 3 3 3 3 3 3 3 3 3 3 3 3 1 1 1 3 3 3 1 3 0 3 1 0 1 1 1 3 3 3 3 1 1 3 3 1 3 3 3 3 3 3 3 3 3 0 3 1 2 2 2 1 4 1 4 2 2 2 1 3 1 3 3 3 3 3 3 2 2 2 3 3 3 3 3 3 3 3 3 3 0 0 0 1 1 1 1 1 1 4 4 4 3 1
0 130 2 2 2 2 2 2 2 2 2 2 2 2 1 1 0 0 0 1 1 1 0 2 4 3 4 2 2 2 2 3 1 0 2 4 3 0 0 0 0 1 1 0 1 1 1 1 0 2 2 4 2 4 3 1 2 4 3 0 0 0 0 1 1 0 1 1 0 0 1 1 0 1 1 1 1 0 1 1 0 0 0 0 0 1 1 1 1 1 0 0 0 1 1 1 4 4 3 1 0 2 2 2 4 2 3 1 2 4 4 2 2 3 1 2 4 4 4 2 3 1 2 4 3 4 2 3 1 0 0 2
0 13 2 2 2 2 2 2 2 2 2 2 2 2 1
0 43 2 2 2 2 2 2 2 2 2 2 1 1 0 0 1 0 0 0 1 1 0 1 1 0 0 0 1 1 0 0 0 1 1 0 2 4 3 3 1 2 3 4 4
0 130 1 1 0 0 0 0 0 1 1 1 1 1 0 0 0 0 0 1 1 1 1 1 1 1 1 1 1 1 1 1 0 3 3 3 3 3 3 3 3 3 3 3 3 3 3 1 1 0 1 3 3 3 3 3 1 3 3 3 1 4 1 4 3 2 2 2 1 2 1 1 0 3 1 3 3 3 3 3 1 1 1 2 1 1 3 3 2 1 4 1 4 1 4 2 0 0 1 1 1 1 1 1 0 1 0 3 1 0 0 0 0 1 1 0 0 1 1 0 2 4 4 2 4 3 1 0 2 3 1 4
0 119 2 2 2 2 2 2 2 2 2 2 2 2 1 1 0 0 0 1 1 1 0 2 4 3 4 2 2 2 2 3 1 0 2 4 3 0 0 0 0 1 1 0 1 1 1 1 0 2 2 4 2 4 3 1 2 4 3 0 0 0 0 1 1 0 1 1 0 0 1 1 0 1 1 1 1 0 1 1 0 0 0 0 0 1 1 1 1 1 0 0 0 1 1 1 4 4 3 1 0 2 2 2 4 2 3 1 2 4 4 2 2 3 1 2 4 4 4 2 3
0 98 2 2 2 2 2 2 2 2 2 2 2 2 1 1 0 0 0 1 1 1 0 2 4 3 4 2 2 2 2 3 1 0 2 4 3 0 0 0 0 1 1 0 1 1 1 1 0 2 2 4 2 4 3 1 2 4 3 0 0 0 0 1 1 0 1 1 0 0 1 1 0 1 1 1 1 0 1 1 0 0 0 0 0 1 1 1 1 1 0 0 0 1 1 1 4 4 3 1
0 61 1 1 0 0 0 0 1 1 0 1 1 0 0 0 0 1 1 0 3 0 0 1 1 0 0 2 4 4 4 3 1 2 4 3 0 0 0 1 1 0 2 2 2 2 2 2 1 1 3 1 2 2 2 3 1 2 4 2 2 4 3
0 54 2 2 2 2 2 2 1 1 0 0 0 0 1 1 1 0 0 0 0 1 1 1 1 1 1 1 1 0 1 1 3 3 3 3 3 3 3 3 1 3 3 3 3 1 0 0 1 1 0 2 2 4 2 4
0 124 2 2 2 2 2 2 2 2 2 2 2 2 1 1 0 0 0 1 1 1 0 2 4 3 4 2 2 2 2 3 1 0 2 4 3 0 0 0 0 1 1 0 1 1 1 1 0 2 2 4 2 4 3 1 2 4 3 0 0 0 0 1 1 0 1 1 0 0 1 1 0 1 1 1 1 0 1 1 0 0 0 0 0 1 1 1 1 1 0 0 0 1 1 1 4 4 3 1 0 2 2 2 4 2 3 1 2 4 4 2 2 3 1 2 4 4 4 2 3 1 2 4 3 4
0 62 2 2 2 2 2 2 2 2 2 2 1 1 0 0 1 0 0 0 1 1 0 1 1 0 0 0 1 1 0 0 0 1 1 0 2 4 3 3 1 2 3 4 4 2 4 2 3 1 2 4 3 1 1 3 1 4 3 1 2 4 2 4
0 79 1 1 0 0 1 1 1 1 1 0 3 3 3 1 3 3 3 3 3 1 3 1 1 3 3 3 3 3 1 1 3 3 3 3 3 3 3 3 3 3 3 2 1 4 2 3 2 2 3 1 4 1 4 3 1 3 3 1 2 3 3 3 1 1 2 1 1 0 1 1 1 1 4 4 3 1 2 3 1
0 132 1 1 0 0 0 0 0 1 1 1 1 1 0 0 0 0 0 1 1 1 1 1 1 1 1 1 1 1 1 1 0 3 3 3 3 3 3 3 3 3 3 3 3 3 3 1 1 0 1 3 3 3 3 3 1 3 3 3 1 4 1 4 3 2 2 2 1 2 1 1 0 3 1 3 3 3 3 3 1 1 1 2 1 1 3 3 2 1 4 1 4 1 4 2 0 0 1 1 1 1 1 1 0 1 0 3 1 0 0 0 0 1 1 0 0 1 1 0 2 4 4 2 4 3 1 0 2 3 1 4 2 2
0 59 1 1 0 0 0 0 1 1 0 1 1 0 0 0 0 1 1 0 3 0 0 1 1 0 0 2 4 4 4 3 1 2 4 3 0 0 0 1 1 0 2 2 2 2 2 2 1 1 3 1 2 2 2 3 1 2 4 2 2
0 81 1 1 0 0 1 1 1 1 1 0 3 3 3 1 3 3 3 3 3 1 3 1 1 3 3 3 3 3 1 1 3 3 3 3 3 3 3 3 3 3 3 2 1 4 2 3 2 2 3 1 4 1 4 3 1 3 3 1 2 3 3 3 1 1 2 1 1 0 1 1 1 1 4 4 3 1 2 3 1 2 2
0 174 2 2 2 2 2 2 1 1 0 0 0 0 1 1 1 0 0 0 0 1 1 1 1 1 1 1 1 0 1 1 3 3 3 3 3 3 3 3 1 3 3 3 3 1 0 0 1 1 0 2 2 4 2 4 2 3 1 2 4 3 0 0 0 1 1 1 1 1 2 2 4 3 0 0 0 0 0 1 1 0 1 1 1 1 3 3 3 3 1 3 1 1 3 1 2 1 1 1 0 1 1 1 1 0 2 4 3 1 4 2 2 4 2 3 1 0 3 1 2 4 3 0 0 0 0 1 0 0 0 0 1 1 1 3 1 1 3 3 3 3 3 3 1 1 2 1 0 0 1 1 1 1 1 3 1 4 3 1 2 2 4 2 4 2 3 1 2 4 3 2 4 4 3 1
0 123 2 2 1 1 0 0 0 1 1 1 1 1 2 4 3 1 1 4 3 1 2 2 4 3 0 0 0 0 0 1 1 0 3 3 1 3 3 3 1 3 3 3 3 3 1 4 1 4 1 4 3 2 2 3 3 1 3 1 3 1 3 3 3 3 1 3 3 3 1 1 3 0 3 0 0 1 3 3 3 3 3 3 1 1 1 1 2 1 4 2 2 2 3 2 1 4 1 4 3 1 1 1 1 3 1 3 2 2 3 3 3 3 3 3 3 0 3 3 2 4 3 4 4
0 193 2 2 1 1 0 0 0 1 1 1 1 1 2 4 3 1 1 4 3 1 2 2 4 3 0 0 0 0 0 1 1 0 3 3 1 3 3 3 1 3 3 3 3 3 1 4 1 4 1 4 3 2 2 3 3 1 3 1 3 1 3 3 3 3 1 3 3 3 1 1 3 0 3 0 0 1 3 3 3 3 3 3 1 1 1 1 2 1 4 2 2 2 3 2 1 4 1 4 3 1 1 1 1 3 1 3 2 2 3 3 3 3 3 3 3 0 3 3 2 4 3 4 4 2 3 1 2 2 4 2 4 4 3 1 4 2 4 2 4 3 1 2 4 3 1 1 0 1 1 0 3 1 0 2 4 3 1 1 3 3 3 3 0 0 3 1 4 1 4 1 0 3 0 0 0 0 1 1 1 1 0 1 1 0 4 2 4 2 3 1 2 3 1
0 204 1 1 0 0 0 0 0 1 1 1 1 1 0 0 0 0 0 1 1 1 1 1 1 1 1 1 1 1 1 1 0 3 3 3 3 3 3 3 3 3 3 3 3 3 3 1 1 0 1 3 3 3 3 3 1 3 3 3 1 4 1 4 3 2 2 2 1 2 1 1 0 3 1 3 3 3 3 3 1 1 1 2 1 1 3 3 2 1 4 1 4 1 4 2 0 0 1 1 1 1 1 1 0 1 0 3 1 0 0 0 0 1 1 0 0 1 1 0 2 4 4 2 4 3 1 0 2 3 1 4 2 2 2 4 3 1 2 4 3 0 0 0 0 1 1 0 1 1 2 4 3 2 4 4 4 2 3 1 3 1 2 4 3 3 3 3 3 3 1 1 0 3 0 0 0 1 1 0 1 1 0 0 0 0 0 1 1 0 0 2 4 2 3 1 0 2 4 3 1 1 4 4 4 2
0 128 2 2 2 2 2 2 2 2 2 2 2 2 1 1 0 0 0 1 1 1 0 2 4 3 4 2 2 2 2 3 1 0 2 4 3 0 0 0 0 1 1 0 1 1 1 1 0 2 2 4 2 4 3 1 2 4 3 0 0 0 0 1 1 0 1 1 0 0 1 1 0 1 1 1 1 0 1 1 0 0 0 0 0 1 1 1 1 1 0 0 0 1 1 1 4 4 3 1 0 2 2 2 4 2 3 1 2 4 4 2 2 3 1 2 4 4 4 2 3 1 2 4 3 4 2 3 1 0
0 87 2 2 2 2 2 2 2 2 1 1 0 0 0 0 1 1 1 0 0 0 0 0 0 1 1 0 0 0 0 1 1 1 1 1 1 1 2 4 3 1 1 0 0 0 0 0 1 1 1 1 2 4 2 3 1 2 2 2 2 4 3 1 4 2 4 3 1 2 4 3 1 1 1 1 0 0 0 0 0 1 1 0 4 4 2 3 1
0 102 2 2 2 2 2 2 2 2 2 2 2 2 1 1 0 0 0 1 1 1 0 2 4 3 4 2 2 2 2 3 1 0 2 4 3 0 0 0 0 1 1 0 1 1 1 1 0 2 2 4 2 4 3 1 2 4 3 0 0 0 0 1 1 0 1 1 0 0 1 1 0 1 1 1 1 0 1 1 0 0 0 0 0 1 1 1 1 1 0 0 0 1 1 1 4 4 3 1 0 2 2 2
0 179 2 2 2 2 2 2 1 1 0 0 0 0 1 1 1 0 0 0 0 1 1 1 1 1 1 1 1 0 1 1 3 3 3 3 3 3 3 3 1 3 3 3 3 1 0 0 1 1 0 2 2 4 2 4 2 3 1 2 4 3 0 0 0 1 1 1 1 1 2 2 4 3 0 0 0 0 0 1 1 0 1 1 1 1 3 3 3 3 1 3 1 1 3 1 2 1 1 1 0 1 1 1 1 0 2 4 3 1 4 2 2 4 2 3 1 0 3 1 2 4 3 0 0 0 0 1 0 0 0 0 1 1 1 3 1 1 3 3 3 3 3 3 1 1 2 1 0 0 1 1 1 1 1 3 1 4 3 1 2 2 4 2 4 2 3 1 2 4 3 2 4 4 3 1 0 2 2 4 4
0 52 2 2 2 2 2 2 2 2 1 1 0 0 0 0 1 1 1 0 0 0 0 0 0 1 1 0 0 0 0 1 1 1 1 1 1 1 2 4 3 1 1 0 0 0 0 0 1 1 1 1 2 4
0 155 2 2 1 1 0 0 0 1 1 1 1 1 2 4 3 1 1 4 3 1 2 2 4 3 0 0 0 0 0 1 1 0 3 3 1 3 3 3 1 3 3 3 3 3 1 4 1 4 1 4 3 2 2 3 3 1 3 1 3 1 3 3 3 3 1 3 3 3 1 1 3 0 3 0 0 1 3 3 3 3 3 3 1 1 1 1 2 1 4 2 2 2 3 2 1 4 1 4 3 1 1 1 1 3 1 3 2 2 3 3 3 3 3 3 3 0 3 3 2 4 3 4 4 2 3 1 2 2 4 2 4 4 3 1 4 2 4 2 4 3 1 2 4 3 1 1 0 1 1 0 3 1 0 2 4
0 53 2 2 2 2 2 2 2 2 1 1 0 0 0 0 1 1 1 0 0 0 0 0 0 1 1 0 0 0 0 1 1 1 1 1 1 1 2 4 3 1 1 0 0 0 0 0 1 1 1 1 2 4 2
0 160 1 1 0 0 0 0 0 1 1 1 1 1 0 0 0 0 0 1 1 1 1 1 1 1 1 1 1 1 1 1 0 3 3 3 3 3 3 3 3 3 3 3 3 3 3 1 1 0 1 3 3 3 3 3 1 3 3 3 1 4 1 4 3 2 2 2 1 2 1 1 0 3 1 3 3 3 3 3 1 1 1 2 1 1 3 3 2 1 4 1 4 1 4 2 0 0 1 1 1 1 1 1 0 1 0 3 1 0 0 0 0 1 1 0 0 1 1 0 2 4 4 2 4 3 1 0 2 3 1 4 2 2 2 4 3 1 2 4 3 0 0 0 0 1 1 0 1 1 2 4 3 2 4 4 4 2 3 1 3 1
0 13 1 1 3 1 4 3 1 4 2 4 4 4 3
0 9 1 1 1 1 0 0 2 2 4
0 130 2 2 1 1 0 0 0 1 1 1 1 1 2 4 3 1 1 4 3 1 2 2 4 3 0 0 0 0 0 1 1 0 3 3 1 3 3 3 1 3 3 3 3 3 1 4 1 4 1 4 3 2 2 3 3 1 3 1 3 1 3 3 3 3 1 3 3 3 1 1 3 0 3 0 0 1 3 3 3 3 3 3 1 1 1 1 2 1 4 2 2 2 3 2 1 4 1 4 3 1 1 1 1 3 1 3 2 2 3 3 3 3 3 3 3 0 3 3 2 4 3 4 4 2 3 1 2 2 4 2
0 116 1 1 3 1 3 3 1 3 3 3 3 3 3 3 3 3 3 3 3 3 3 3 3 3 1 1 1 3 3 3 1 3 0 3 1 0 1 1 1 3 3 3 3 1 1 3 3 1 3 3 3 3 3 3 3 3 3 0 3 1 2 2 2 1 4 1 4 2 2 2 1 3 1 3 3 3 3 3 3 2 2 2 3 3 3 3 3 3 3 3 3 3 0 0 0 1 1 1 1 1 1 4 4 4 3 1 2 4 3 1 2 3 1 2 4 2
0 7 2 2 2 2 2 2 2
0 15 2 2 1 1 3 3 3 0 0 0 1 1 0 2 4
0 105 2 2 2 2 2 2 2 2 2 2 2 2 1 1 0 0 0 1 1 1 0 2 4 3 4 2 2 2 2 3 1 0 2 4 3 0 0 0 0 1 1 0 1 1 1 1 0 2 2 4 2 4 3 1 2 4 3 0 0 0 0 1 1 0 1 1 0 0 1 1 0 1 1 1 1 0 1 1 0 0 0 0 0 1 1 1 1 1 0 0 0 1 1 1 4 4 3 1 0 2 2 2 4 2 3
0 124 2 2 1 1 0 0 0 1 1 1 1 1 2 4 3 1 1 4 3 1 2 2 4 3 0 0 0 0 0 1 1 0 3 3 1 3 3 3 1 3 3 3 3 3 1 4 1 4 1 4 3 2 2 3 3 1 3 1 3 1 3 3 3 3 1 3 3 3 1 1 3 0 3 0 0 1 3 3 3 3 3 3 1 1 1 1 2 1 4 2 2 2 3 2 1 4 1 4 3 1 1 1 1 3 1 3 2 2 3 3 3 3 3 3 3 0 3 3 2 4 3 4 4 2
0 117 2 2 2 2 2 2 2 2 2 2 2 2 1 1 0 0 0 1 1 1 0 2 4 3 4 2 2 2 2 3 1 0 2 4 3 0 0 0 0 1 1 0 1 1 1 1 0 2 2 4 2 4 3 1 2 4 3 0 0 0 0 1 1 0 1 1 0 0 1 1 0 1 1 1 1 0 1 1 0 0 0 0 0 1 1 1 1 1 0 0 0 1 1 1 4 4 3 1 0 2 2 2 4 2 3 1 2 4 4 2 2 3 1 2 4 4 4
0 34 2 2 2 2 2 2 2 2 2 2 2 2 1 1 0 0 0 1 1 1 0 2 4 3 4 2 2 2 2 3 1 0 2 4
0 161 2 2 2 2 2 2 1 1 0 0 0 0 1 1 1 0 0 0 0 1 1 1 1 1 1 1 1 0 1 1 3 3 3 3 3 3 3 3 1 3 3 3 3 1 0 0 1 1 0 2 2 4 2 4 2 3 1 2 4 3 0 0 0 1 1 1 1 1 2 2 4 3 0 0 0 0 0 1 1 0 1 1 1 1 3 3 3 3 1 3 1 1 3 1 2 1 1 1 0 1 1 1 1 0 2 4 3 1 4 2 2 4 2 3 1 0 3 1 2 4 3 0 0 0 0 1 0 0 0 0 1 1 1 3 1 1 3 3 3 3 3 3 1 1 2 1 0 0 1 1 1 1 1 3 1 4 3 1 2 2 4
0 85 2 2 2 2 2 2 2 2 1 1 0 0 0 0 1 1 1 0 0 0 0 0 0 1 1 0 0 0 0 1 1 1 1 1 1 1 2 4 3 1 1 0 0 0 0 0 1 1 1 1 2 4 2 3 1 2 2 2 2 4 3 1 4 2 4 3 1 2 4 3 1 1 1 1 0 0 0 0 0 1 1 0 4 4 2
0 55 2 2 2 2 2 2 2 2 2 2 2 2 1 1 0 0 0 1 1 1 0 2 4 3 4 2 2 2 2 3 1 0 2 4 3 0 0 0 0 1 1 0 1 1 1 1 0 2 2 4 2 4 3 1 2
0 136 2 2 1 1 0 0 0 1 1 1 1 1 2 4 3 1 1 4 3 1 2 2 4 3 0 0 0 0 0 1 1 0 3 3 1 3 3 3 1 3 3 3 3 3 1 4 1 4 1 4 3 2 2 3 3 1 3 1 3 1 3 3 3 3 1 3 3 3 1 1 3 0 3 0 0 1 3 3 3 3 3 3 1 1 1 1 2 1 4 2 2 2 3 2 1 4 1 4 3 1 1 1 1 3 1 3 2 2 3 3 3 3 3 3 3 0 3 3 2 4 3 4 4 2 3 1 2 2 4 2 4 4 3 1 4 2
0 49 2 2 2 2 2 2 2 2 2 2 1 1 0 0 1 0 0 0 1 1 0 1 1 0 0 0 1 1 0 0 0 1 1 0 2 4 3 3 1 2 3 4 4 2 4 2 3 1 2
0 170 1 1 3 3 3 3 3 3 3 1 1 3 3 3 3 3 1 3 3 3 3 1 4 2 1 4 1 4 1 4 1 4 1 4 0 1 1 1 1 1 1 2 3 2 1 4 2 3 1 3 3 3 3 3 3 1 3 3 3 3 3 3 0 3 1 1 1 3 3 3 3 3 3 1 3 3 1 1 3 1 2 0 0 0 0 0 1 1 1 1 1 1 3 3 3 3 1 3 3 1 1 1 2 3 3 1 4 1 4 3 2 2 2 2 2 3 3 3 3 3 3 3 3 3 0 1 1 3 3 3 3 3 1 2 2 2 3 2 2 0 0 1 1 0 1 1 2 2 2 2 3 1 2 2 4 3 2 4 2 3 1 2 2 4 3 4 4 4 3 1
0 192 2 2 1 1 0 0 0 1 1 1 1 1 2 4 3 1 1 4 3 1 2 2 4 3 0 0 0 0 0 1 1 0 3 3 1 3 3 3 1 3 3 3 3 3 1 4 1 4 1 4 3 2 2 3 3 1 3 1 3 1 3 3 3 3 1 3 3 3 1 1 3 0 3 0 0 1 3 3 3 3 3 3 1 1 1 1 2 1 4 2 2 2 3 2 1 4 1 4 3 1 1 1 1 3 1 3 2 2 3 3 3 3 3 3 3 0 3 3 2 4 3 4 4 2 3 1 2 2 4 2 4 4 3 1 4 2 4 2 4 3 1 2 4 3 1 1 0 1 1 0 3 1 0 2 4 3 1 1 3 3 3 3 0 0 3 1 4 1 4 1 0 3 0 0 0 0 1 1 1 1 0 1 1 0 4 2 4 2 3 1 2 3
0 161 1 1 0 0 0 0 0 1 1 1 1 1 0 0 0 0 0 1 1 1 1 1 1 1 1 1 1 1 1 1 0 3 3 3 3 3 3 3 3 3 3 3 3 3 3 1 1 0 1 3 3 3 3 3 1 3 3 3 1 4 1 4 3 2 2 2 1 2 1 1 0 3 1 3 3 3 3 3 1 1 1 2 1 1 3 3 2 1 4 1 4 1 4 2 0 0 1 1 1 1 1 1 0 1 0 3 1 0 0 0 0 1 1 0 0 1 1 0 2 4 4 2 4 3 1 0 2 3 1 4 2 2 2 4 3 1 2 4 3 0 0 0 0 1 1 0 1 1 2 4 3 2 4 4 4 2 3 1 3 1 2
0 177 2 2 2 2 2 2 1 1 0 0 0 0 1 1 1 0 0 0 0 1 1 1 1 1 1 1 1 0 1 1 3 3 3 3 3 3 3 3 1 3 3 3 3 1 0 0 1 1 0 2 2 4 2 4 2 3 1 2 4 3 0 0 0 1 1 1 1 1 2 2 4 3 0 0 0 0 0 1 1 0 1 1 1 1 3 3 3 3 1 3 1 1 3 1 2 1 1 1 0 1 1 1 1 0 2 4 3 1 4 2 2 4 2 3 1 0 3 1 2 4 3 0 0 0 0 1 0 0 0 0 1 1 1 3 1 1 3 3 3 3 3 3 1 1 2 1 0 0 1 1 1 1 1 3 1 4 3 1 2 2 4 2 4 2 3 1 2 4 3 2 4 4 3 1 0 2 2
0 159 1 1 3 3 3 3 3 3 3 1 1 3 3 3 3 3 1 3 3 3 3 1 4 2 1 4 1 4 1 4 1 4 1 4 0 1 1 1 1 1 1 2 3 2 1 4 2 3 1 3 3 3 3 3 3 1 3 3 3 3 3 3 0 3 1 1 1 3 3 3 3 3 3 1 3 3 1 1 3 1 2 0 0 0 0 0 1 1 1 1 1 1 3 3 3 3 1 3 3 1 1 1 2 3 3 1 4 1 4 3 2 2 2 2 2 3 3 3 3 3 3 3 3 3 0 1 1 3 3 3 3 3 1 2 2 2 3 2 2 0 0 1 1 0 1 1 2 2 2 2 3 1 2 2 4 3 2 4 2
0 47 1 1 3 1 4 3 1 4 2 4 4 4 3 1 2 4 3 1 4 1 4 2 3 3 2 1 4 3 3 1 1 1 0 0 0 3 1 0 1 4 2 2 4 2 3 1 2
0 190 2 2 1 1 0 0 0 1 1 1 1 1 2 4 3 1 1 4 3 1 2 2 4 3 0 0 0 0 0 1 1 0 3 3 1 3 3 3 1 3 3 3 3 3 1 4 1 4 1 4 3 2 2 3 3 1 3 1 3 1 3 3 3 3 1 3 3 3 1 1 3 0 3 0 0 1 3 3 3 3 3 3 1 1 1 1 2 1 4 2 2 2 3 2 1 4 1 4 3 1 1 1 1 3 1 3 2 2 3 3 3 3 3 3 3 0 3 3 2 4 3 4 4 2 3 1 2 2 4 2 4 4 3 1 4 2 4 2 4 3 1 2 4 3 1 1 0 1 1 0 3 1 0 2 4 3 1 1 3 3 3 3 0 0 3 1 4 1 4 1 0 3 0 0 0 0 1 1 1 1 0 1 1 0 4 2 4 2 3 1
0 116 2 2 2 2 2 2 1 1 0 0 0 0 1 1 1 0 0 0 0 1 1 1 1 1 1 1 1 0 1 1 3 3 3 3 3 3 3 3 1 3 3 3 3 1 0 0 1 1 0 2 2 4 2 4 2 3 1 2 4 3 0 0 0 1 1 1 1 1 2 2 4 3 0 0 0 0 0 1 1 0 1 1 1 1 3 3 3 3 1 3 1 1 3 1 2 1 1 1 0 1 1 1 1 0 2 4 3 1 4 2 2 4 2 3 1 0
0 23 2 2 1 1 3 3 3 0 0 0 1 1 0 2 4 2 3 1 0 3 1 2 4
0 153 1 1 0 0 0 0 0 1 1 1 1 1 0 0 0 0 0 1 1 1 1 1 1 1 1 1 1 1 1 1 0 3 3 3 3 3 3 3 3 3 3 3 3 3 3 1 1 0 1 3 3 3 3 3 1 3 3 3 1 4 1 4 3 2 2 2 1 2 1 1 0 3 1 3 3 3 3 3 1 1 1 2 1 1 3 3 2 1 4 1 4 1 4 2 0 0 1 1 1 1 1 1 0 1 0 3 1 0 0 0 0 1 1 0 0 1 1 0 2 4 4 2 4 3 1 0 2 3 1 4 2 2 2 4 3 1 2 4 3 0 0 0 0 1 1 0 1 1 2 4 3 2 4
0 53 1 1 3 1 4 3 1 4 2 4 4 4 3 1 2 4 3 1 4 1 4 2 3 3 2 1 4 3 3 1 1 1 0 0 0 3 1 0 1 4 2 2 4 2 3 1 2 4 3 2 2 4 4
0 28 2 2 2 2 2 2 2 2 2 2 2 2 1 1 0 0 0 1 1 1 0 2 4 3 4 2 2 2
0 66 2 2 2 2 2 2 2 2 2 2 1 1 0 0 1 0 0 0 1 1 0 1 1 0 0 0 1 1 0 0 0 1 1 0 2 4 3 3 1 2 3 4 4 2 4 2 3 1 2 4 3 1 1 3 1 4 3 1 2 4 2 4 3 1 2 4
0 131 1 1 0 0 0 0 0 1 1 1 1 1 0 0 0 0 0 1 1 1 1 1 1 1 1 1 1 1 1 1 0 3 3 3 3 3 3 3 3 3 3 3 3 3 3 1 1 0 1 3 3 3 3 3 1 3 3 3 1 4 1 4 3 2 2 2 1 2 1 1 0 3 1 3 3 3 3 3 1 1 1 2 1 1 3 3 2 1 4 1 4 1 4 2 0 0 1 1 1 1 1 1 0 1 0 3 1 0 0 0 0 1 1 0 0 1 1 0 2 4 4 2 4 3 1 0 2 3 1 4 2
0 131 2 2 2 2 2 2 2 2 2 2 2 2 1 1 0 0 0 1 1 1 0 2 4 3 4 2 2 2 2 3 1 0 2 4 3 0 0 0 0 1 1 0 1 1 1 1 0 2 2 4 2 4 3 1 2 4 3 0 0 0 0 1 1 0 1 1 0 0 1 1 0 1 1 1 1 0 1 1 0 0 0 0 0 1 1 1 1 1 0 0 0 1 1 1 4 4 3 1 0 2 2 2 4 2 3 1 2 4 4 2 2 3 1 2 4 4 4 2 3 1 2 4 3 4 2 3 1 0 0 2 4
0 4 3 1 1 1
0 211 1 1 0 0 0 0 0 1 1 1 1 1 0 0 0 0 0 1 1 1 1 1 1 1 1 1 1 1 1 1 0 3 3 3 3 3 3 3 3 3 3 3 3 3 3 1 1 0 1 3 3 3 3 3 1 3 3 3 1 4 1 4 3 2 2 2 1 2 1 1 0 3 1 3 3 3 3 3 1 1 1 2 1 1 3 3 2 1 4 1 4 1 4 2 0 0 1 1 1 1 1 1 0 1 0 3 1 0 0 0 0 1 1 0 0 1 1 0 2 4 4 2 4 3 1 0 2 3 1 4 2 2 2 4 3 1 2 4 3 0 0 0 0 1 1 0 1 1 2 4 3 2 4 4 4 2 3 1 3 1 2 4 3 3 3 3 3 3 1 1 0 3 0 0 0 1 1 0 1 1 0 0 0 0 0 1 1 0 0 2 4 2 3 1 0 2 4 3 1 1 4 4 4 2 3 1 4 4 4 4 3
0 22 2 2 2 2 2 2 2 2 2 2 1 1 1 1 1 1 1 1 1 1 2 4
0 126 2 2 1 1 0 0 0 1 1 1 1 1 2 4 3 1 1 4 3 1 2 2 4 3 0 0 0 0 0 1 1 0 3 3 1 3 3 3 1 3 3 3 3 3 1 4 1 4 1 4 3 2 2 3 3 1 3 1 3 1 3 3 3 3 1 3 3 3 1 1 3 0 3 0 0 1 3 3 3 3 3 3 1 1 1 1 2 1 4 2 2 2 3 2 1 4 1 4 3 1 1 1 1 3 1 3 2 2 3 3 3 3 3 3 3 0 3 3 2 4 3 4 4 2 3 1
0 123 1 1 0 0 0 0 1 1 0 1 1 0 0 0 0 1 1 0 3 0 0 1 1 0 0 2 4 4 4 3 1 2 4 3 0 0 0 1 1 0 2 2 2 2 2 2 1 1 3 1 2 2 2 3 1 2 4 2 2 4 3 1 2 4 3 1 1 0 1 1 0 0 0 0 0 0 1 1 0 0 0 0 0 1 1 1 1 1 0 0 0 0 0 1 1 0 1 1 4 2 3 1 2 4 3 0 1 1 0 1 1 0 0 0 1 0 4 4 2 3 1 3 1
0 232 1 1 0 0 1 1 1 1 1 0 3 3 3 1 3 3 3 3 3 1 3 1 1 3 3 3 3 3 1 1 3 3 3 3 3 3 3 3 3 3 3 2 1 4 2 3 2 2 3 1 4 1 4 3 1 3 3 1 2 3 3 3 1 1 2 1 1 0 1 1 1 1 4 4 3 1 2 3 1 2 2 4 3 1 1 0 1 1 0 0 0 0 0 1 1 1 1 1 3 3 1 3 3 1 3 3 3 3 3 1 3 3 3 3 1 3 3 3 3 3 3 0 1 1 3 1 3 3 3 3 3 3 3 3 1 3 1 3 3 3 3 1 3 3 3 3 1 3 3 3 1 3 3 1 3 3 1 3 1 1 3 3 3 3 3 3 1 4 1 1 3 2 3 3 3 3 3 1 2 1 0 1 0 1 0 1 0 3 3 3 3 3 3 3 3 3 3 2 1 1 3 3 3 3 1 3 3 3 3 3 1 2 2 2 3 1 1 4 1 1 2 2 2 2 2 2 3 1 2 2 2 4
0 56 2 2 2 2 2 2 1 1 0 0 0 0 1 1 1 0 0 0 0 1 1 1 1 1 1 1 1 0 1 1 3 3 3 3 3 3 3 3 1 3 3 3 3 1 0 0 1 1 0 2 2 4 2 4 2 3
0 6 3 1 1 1 3 1
0 59 2 2 2 2 2 2 1 1 0 0 0 0 1 1 1 0 0 0 0 1 1 1 1 1 1 1 1 0 1 1 3 3 3 3 3 3 3 3 1 3 3 3 3 1 0 0 1 1 0 2 2 4 2 4 2 3 1 2 4
0 172 2 2 2 2 2 2 1 1 0 0 0 0 1 1 1 0 0 0 0 1 1 1 1 1 1 1 1 0 1 1 3 3 3 3 3 3 3 3 1 3 3 3 3 1 0 0 1 1 0 2 2 4 2 4 2 3 1 2 4 3 0 0 0 1 1 1 1 1 2 2 4 3 0 0 0 0 0 1 1 0 1 1 1 1 3 3 3 3 1 3 1 1 3 1 2 1 1 1 0 1 1 1 1 0 2 4 3 1 4 2 2 4 2 3 1 0 3 1 2 4 3 0 0 0 0 1 0 0 0 0 1 1 1 3 1 1 3 3 3 3 3 3 1 1 2 1 0 0 1 1 1 1 1 3 1 4 3 1 2 2 4 2 4 2 3 1 2 4 3 2 4 4
0 120 2 2 2 2 2 2 2 2 2 2 2 2 1 1 0 0 0 1 1 1 0 2 4 3 4 2 2 2 2 3 1 0 2 4 3 0 0 0 0 1 1 0 1 1 1 1 0 2 2 4 2 4 3 1 2 4 3 0 0 0 0 1 1 0 1 1 0 0 1 1 0 1 1 1 1 0 1 1 0 0 0 0 0 1 1 1 1 1 0 0 0 1 1 1 4 4 3 1 0 2 2 2 4 2 3 1 2 4 4 2 2 3 1 2 4 4 4 2 3 1
0 118 1 1 0 0 0 0 1 1 0 1 1 0 0 0 0 1 1 0 3 0 0 1 1 0 0 2 4 4 4 3 1 2 4 3 0 0 0 1 1 0 2 2 2 2 2 2 1 1 3 1 2 2 2 3 1 2 4 2 2 4 3 1 2 4 3 1 1 0 1 1 0 0 0 0 0 0 1 1 0 0 0 0 0 1 1 1 1 1 0 0 0 0 0 1 1 0 1 1 4 2 3 1 2 4 3 0 1 1 0 1 1 0 0 0 1 0 4 4
0 112 2 2 2 2 2 2 2 2 2 2 2 2 1 1 0 0 0 1 1 1 0 2 4 3 4 2 2 2 2 3 1 0 2 4 3 0 0 0 0 1 1 0 1 1 1 1 0 2 2 4 2 4 3 1 2 4 3 0 0 0 0 1 1 0 1 1 0 0 1 1 0 1 1 1 1 0 1 1 0 0 0 0 0 1 1 1 1 1 0 0 0 1 1 1 4 4 3 1 0 2 2 2 4 2 3 1 2 4 4 2 2 3
0 183 2 2 2 2 2 2 1 1 0 0 0 0 1 1 1 0 0 0 0 1 1 1 1 1 1 1 1 0 1 1 3 3 3 3 3 3 3 3 1 3 3 3 3 1 0 0 1 1 0 2 2 4 2 4 2 3 1 2 4 3 0 0 0 1 1 1 1 1 2 2 4 3 0 0 0 0 0 1 1 0 1 1 1 1 3 3 3 3 1 3 1 1 3 1 2 1 1 1 0 1 1 1 1 0 2 4 3 1 4 2 2 4 2 3 1 0 3 1 2 4 3 0 0 0 0 1 0 0 0 0 1 1 1 3 1 1 3 3 3 3 3 3 1 1 2 1 0 0 1 1 1 1 1 3 1 4 3 1 2 2 4 2 4 2 3 1 2 4 3 2 4 4 3 1 0 2 2 4 4 2 4 3 1
0 45 1 1 3 1 4 3 1 4 2 4 4 4 3 1 2 4 3 1 4 1 4 2 3 3 2 1 4 3 3 1 1 1 0 0 0 3 1 0 1 4 2 2 4 2 3
0 171 2 2 2 2 2 2 1 1 0 0 0 0 1 1 1 0 0 0 0 1 1 1 1 1 1 1 1 0 1 1 3 3 3 3 3 3 3 3 1 3 3 3 3 1 0 0 1 1 0 2 2 4 2 4 2 3 1 2 4 3 0 0 0 1 1 1 1 1 2 2 4 3 0 0 0 0 0 1 1 0 1 1 1 1 3 3 3 3 1 3 1 1 3 1 2 1 1 1 0 1 1 1 1 0 2 4 3 1 4 2 2 4 2 3 1 0 3 1 2 4 3 0 0 0 0 1 0 0 0 0 1 1 1 3 1 1 3 3 3 3 3 3 1 1 2 1 0 0 1 1 1 1 1 3 1 4 3 1 2 2 4 2 4 2 3 1 2 4 3 2 4
0 60 2 2 2 2 2 2 2 2 1 1 0 0 0 0 1 1 1 0 0 0 0 0 0 1 1 0 0 0 0 1 1 1 1 1 1 1 2 4 3 1 1 0 0 0 0 0 1 1 1 1 2 4 2 3 1 2 2 2 2 4
0 161 2 2 1 1 1 0 3 1 2 1 3 1 1 3 3 1 1 1 3 3 3 3 3 3 1 0 3 2 1 3 1 4 2 2 1 1 1 1 3 1 1 1 3 3 3 3 2 3 1 3 3 3 0 3 3 3 1 1 3 1 3 3 0 0 3 1 1 3 2 1 0 1 4 2 3 2 3 3 3 3 0 0 3 0 3 1 1 1 1 3 0 0 3 3 1 1 0 0 1 1 0 1 1 0 3 1 0 1 1 3 1 2 2 1 1 1 1 0 3 3 3 3 3 3 1 0 3 1 1 3 3 2 1 1 3 1 3 3 3 1 1 1 1 0 1 4 1 0 1 0 0 1 1 1 0 1 1 3 1 2 4
0 173 2 2 2 2 2 2 1 1 0 0 0 0 1 1 1 0 0 0 0 1 1 1 1 1 1 1 1 0 1 1 3 3 3 3 3 3 3 3 1 3 3 3 3 1 0 0 1 1 0 2 2 4 2 4 2 3 1 2 4 3 0 0 0 1 1 1 1 1 2 2 4 3 0 0 0 0 0 1 1 0 1 1 1 1 3 3 3 3 1 3 1 1 3 1 2 1 1 1 0 1 1 1 1 0 2 4 3 1 4 2 2 4 2 3 1 0 3 1 2 4 3 0 0 0 0 1 0 0 0 0 1 1 1 3 1 1 3 3 3 3 3 3 1 1 2 1 0 0 1 1 1 1 1 3 1 4 3 1 2 2 4 2 4 2 3 1 2 4 3 2 4 4 3
0 52 2 2 2 2 2 2 2 2 2 2 2 2 1 1 0 0 0 1 1 1 0 2 4 3 4 2 2 2 2 3 1 0 2 4 3 0 0 0 0 1 1 0 1 1 1 1 0 2 2 4 2 4
0 110 2 2 2 2 2 2 2 2 2 2 2 2 1 1 0 0 0 1 1 1 0 2 4 3 4 2 2 2 2 3 1 0 2 4 3 0 0 0 0 1 1 0 1 1 1 1 0 2 2 4 2 4 3 1 2 4 3 0 0 0 0 1 1 0 1 1 0 0 1 1 0 1 1 1 1 0 1 1 0 0 0 0 0 1 1 1 1 1 0 0 0 1 1 1 4 4 3 1 0 2 2 2 4 2 3 1 2 4 4 2
0 133 2 2 1 1 0 0 0 1 1 1 1 1 2 4 3 1 1 4 3 1 2 2 4 3 0 0 0 0 0 1 1 0 3 3 1 3 3 3 1 3 3 3 3 3 1 4 1 4 1 4 3 2 2 3 3 1 3 1 3 1 3 3 3 3 1 3 3 3 1 1 3 0 3 0 0 1 3 3 3 3 3 3 1 1 1 1 2 1 4 2 2 2 3 2 1 4 1 4 3 1 1 1 1 3 1 3 2 2 3 3 3 3 3 3 3 0 3 3 2 4 3 4 4 2 3 1 2 2 4 2 4 4 3
0 112 2 2 2 2 2 2 1 1 0 0 0 0 1 1 1 0 0 0 0 1 1 1 1 1 1 1 1 0 1 1 3 3 3 3 3 3 3 3 1 3 3 3 3 1 0 0 1 1 0 2 2 4 2 4 2 3 1 2 4 3 0 0 0 1 1 1 1 1 2 2 4 3 0 0 0 0 0 1 1 0 1 1 1 1 3 3 3 3 1 3 1 1 3 1 2 1 1 1 0 1 1 1 1 0 2 4 3 1 4 2 2 4
0 129 2 2 2 2 2 2 2 2 2 2 2 2 1 1 0 0 0 1 1 1 0 2 4 3 4 2 2 2 2 3 1 0 2 4 3 0 0 0 0 1 1 0 1 1 1 1 0 2 2 4 2 4 3 1 2 4 3 0 0 0 0 1 1 0 1 1 0 0 1 1 0 1 1 1 1 0 1 1 0 0 0 0 0 1 1 1 1 1 0 0 0 1 1 1 4 4 3 1 0 2 2 2 4 2 3 1 2 4 4 2 2 3 1 2 4 4 4 2 3 1 2 4 3 4 2 3 1 0 0
0 26 2 2 2 2 2 2 2 2 2 2 2 2 1 1 0 0 0 1 1 1 0 2 4 3 4 2
0 160 1 1 3 3 3 3 3 3 3 1 1 3 3 3 3 3 1 3 3 3 3 1 4 2 1 4 1 4 1 4 1 4 1 4 0 1 1 1 1 1 1 2 3 2 1 4 2 3 1 3 3 3 3 3 3 1 3 3 3 3 3 3 0 3 1 1 1 3 3 3 3 3 3 1 3 3 1 1 3 1 2 0 0 0 0 0 1 1 1 1 1 1 3 3 3 3 1 3 3 1 1 1 2 3 3 1 4 1 4 3 2 2 2 2 2 3 3 3 3 3 3 3 3 3 0 1 1 3 3 3 3 3 1 2 2 2 3 2 2 0 0 1 1 0 1 1 2 2 2 2 3 1 2 2 4 3 2 4 2 3
0 127 2 2 1 1 0 0 0 1 1 1 1 1 2 4 3 1 1 4 3 1 2 2 4 3 0 0 0 0 0 1 1 0 3 3 1 3 3 3 1 3 3 3 3 3 1 4 1 4 1 4 3 2 2 3 3 1 3 1 3 1 3 3 3 3 1 3 3 3 1 1 3 0 3 0 0 1 3 3 3 3 3 3 1 1 1 1 2 1 4 2 2 2 3 2 1 4 1 4 3 1 1 1 1 3 1 3 2 2 3 3 3 3 3 3 3 0 3 3 2 4 3 4 4 2 3 1 2
0 139 2 2 1 1 1 0 1 1 0 0 0 0 1 1 0 1 1 0 0 0 1 1 0 0 0 0 0 0 1 1 1 1 1 1 3 3 3 3 3 3 3 3 1 3 3 3 2 2 1 4 1 4 3 3 3 3 3 3 1 3 3 3 3 1 0 1 4 3 3 0 3 3 1 1 1 1 0 0 0 1 1 1 1 1 0 0 0 0 1 1 1 1 1 0 0 0 0 0 1 1 0 2 4 3 3 3 3 3 3 3 1 1 1 1 2 3 1 1 1 3 3 3 3 3 3 3 2 2 3 1 0 0 0 3 3 2 4 4 2
0 202 1 1 0 0 0 0 0 1 1 1 1 1 0 0 0 0 0 1 1 1 1 1 1 1 1 1 1 1 1 1 0 3 3 3 3 3 3 3 3 3 3 3 3 3 3 1 1 0 1 3 3 3 3 3 1 3 3 3 1 4 1 4 3 2 2 2 1 2 1 1 0 3 1 3 3 3 3 3 1 1 1 2 1 1 3 3 2 1 4 1 4 1 4 2 0 0 1 1 1 1 1 1 0 1 0 3 1 0 0 0 0 1 1 0 0 1 1 0 2 4 4 2 4 3 1 0 2 3 1 4 2 2 2 4 3 1 2 4 3 0 0 0 0 1 1 0 1 1 2 4 3 2 4 4 4 2 3 1 3 1 2 4 3 3 3 3 3 3 1 1 0 3 0 0 0 1 1 0 1 1 0 0 0 0 0 1 1 0 0 2 4 2 3 1 0 2 4 3 1 1 4 4
0 156 1 1 0 0 0 0 0 1 1 1 1 1 0 0 0 0 0 1 1 1 1 1 1 1 1 1 1 1 1 1 0 3 3 3 3 3 3 3 3 3 3 3 3 3 3 1 1 0 1 3 3 3 3 3 1 3 3 3 1 4 1 4 3 2 2 2 1 2 1 1 0 3 1 3 3 3 3 3 1 1 1 2 1 1 3 3 2 1 4 1 4 1 4 2 0 0 1 1 1 1 1 1 0 1 0 3 1 0 0 0 0 1 1 0 0 1 1 0 2 4 4 2 4 3 1 0 2 3 1 4 2 2 2 4 3 1 2 4 3 0 0 0 0 1 1 0 1 1 2 4 3 2 4 4 4 2
0 54 2 2 2 2 2 2 2 2 1 1 0 0 0 0 1 1 1 0 0 0 0 0 0 1 1 0 0 0 0 1 1 1 1 1 1 1 2 4 3 1 1 0 0 0 0 0 1 1 1 1 2 4 2 3
0 137 2 2 1 1 0 0 0 1 1 1 1 1 2 4 3 1 1 4 3 1 2 2 4 3 0 0 0 0 0 1 1 0 3 3 1 3 3 3 1 3 3 3 3 3 1 4 1 4 1 4 3 2 2 3 3 1 3 1 3 1 3 3 3 3 1 3 3 3 1 1 3 0 3 0 0 1 3 3 3 3 3 3 1 1 1 1 2 1 4 2 2 2 3 2 1 4 1 4 3 1 1 1 1 3 1 3 2 2 3 3 3 3 3 3 3 0 3 3 2 4 3 4 4 2 3 1 2 2 4 2 4 4 3 1 4 2 4
0 50 2 2 2 2 2 2 2 2 2 2 1 1 0 0 1 0 0 0 1 1 0 1 1 0 0 0 1 1 0 0 0 1 1 0 2 4 3 3 1 2 3 4 4 2 4 2 3 1 2 4
0 32 2 2 2 2 2 2 2 2 2 2 2 2 1 1 0 0 0 1 1 1 0 2 4 3 4 2 2 2 2 3 1 0
0 135 1 1 0 0 0 0 0 1 1 1 1 1 0 0 0 0 0 1 1 1 1 1 1 1 1 1 1 1 1 1 0 3 3 3 3 3 3 3 3 3 3 3 3 3 3 1 1 0 1 3 3 3 3 3 1 3 3 3 1 4 1 4 3 2 2 2 1 2 1 1 0 3 1 3 3 3 3 3 1 1 1 2 1 1 3 3 2 1 4 1 4 1 4 2 0 0 1 1 1 1 1 1 0 1 0 3 1 0 0 0 0 1 1 0 0 1 1 0 2 4 4 2 4 3 1 0 2 3 1 4 2 2 2 4 3
0 29 2 2 2 2 2 2 2 2 2 2 1 1 1 1 1 1 1 1 1 1 2 4 3 0 4 3 1 4 2
0 189 2 2 1 1 0 0 0 1 1 1 1 1 2 4 3 1 1 4 3 1 2 2 4 3 0 0 0 0 0 1 1 0 3 3 1 3 3 3 1 3 3 3 3 3 1 4 1 4 1 4 3 2 2 3 3 1 3 1 3 1 3 3 3 3 1 3 3 3 1 1 3 0 3 0 0 1 3 3 3 3 3 3 1 1 1 1 2 1 4 2 2 2 3 2 1 4 1 4 3 1 1 1 1 3 1 3 2 2 3 3 3 3 3 3 3 0 3 3 2 4 3 4 4 2 3 1 2 2 4 2 4 4 3 1 4 2 4 2 4 3 1 2 4 3 1 1 0 1 1 0 3 1 0 2 4 3 1 1 3 3 3 3 0 0 3 1 4 1 4 1 0 3 0 0 0 0 1 1 1 1 0 1 1 0 4 2 4 2 3
0 62 1 1 0 0 0 0 1 1 0 1 1 0 0 0 0 1 1 0 3 0 0 1 1 0 0 2 4 4 4 3 1 2 4 3 0 0 0 1 1 0 2 2 2 2 2 2 1 1 3 1 2 2 2 3 1 2 4 2 2 4 3 1
0 106 2 2 2 2 2 2 1 1 0 0 0 0 1 1 1 0 0 0 0 1 1 1 1 1 1 1 1 0 1 1 3 3 3 3 3 3 3 3 1 3 3 3 3 1 0 0 1 1 0 2 2 4 2 4 2 3 1 2 4 3 0 0 0 1 1 1 1 1 2 2 4 3 0 0 0 0 0 1 1 0 1 1 1 1 3 3 3 3 1 3 1 1 3 1 2 1 1 1 0 1 1 1 1 0 2 4
0 122 1 1 3 1 3 3 1 3 3 3 3 3 3 3 3 3 3 3 3 3 3 3 3 3 1 1 1 3 3 3 1 3 0 3 1 0 1 1 1 3 3 3 3 1 1 3 3 1 3 3 3 3 3 3 3 3 3 0 3 1 2 2 2 1 4 1 4 2 2 2 1 3 1 3 3 3 3 3 3 2 2 2 3 3 3 3 3 3 3 3 3 3 0 0 0 1 1 1 1 1 1 4 4 4 3 1 2 4 3 1 2 3 1 2 4 2 4 4 3 1 2 4
0 17 2 2 1 1 3 3 3 0 0 0 1 1 0 2 4 2 3
0 132 2 2 1 1 0 0 0 1 1 1 1 1 2 4 3 1 1 4 3 1 2 2 4 3 0 0 0 0 0 1 1 0 3 3 1 3 3 3 1 3 3 3 3 3 1 4 1 4 1 4 3 2 2 3 3 1 3 1 3 1 3 3 3 3 1 3 3 3 1 1 3 0 3 0 0 1 3 3 3 3 3 3 1 1 1 1 2 1 4 2 2 2 3 2 1 4 1 4 3 1 1 1 1 3 1 3 2 2 3 3 3 3 3 3 3 0 3 3 2 4 3 4 4 2 3 1 2 2 4 2 4 4
0 147 2 2 2 2 2 2 2 2 2 2 1 1 1 1 1 1 1 1 1 1 2 4 3 0 4 3 1 4 2 3 1 0 2 4 3 0 0 1 1 0 0 0 1 1 0 1 1 1 1 1 4 3 3 2 3 1 1 4 1 3 2 2 2 2 2 2 2 1 1 2 2 3 1 3 3 3 3 1 3 3 3 3 3 3 3 3 3 3 3 3 3 3 1 3 1 3 1 1 1 3 1 3 3 3 3 3 3 3 1 1 3 1 3 3 3 2 1 1 3 3 3 3 3 3 3 3 3 3 0 3 3 0 0 0 0 1 1 1 1 0 2 4 3 3 1 2 4
0 213 1 1 0 0 0 0 0 1 1 1 1 1 0 0 0 0 0 1 1 1 1 1 1 1 1 1 1 1 1 1 0 3 3 3 3 3 3 3 3 3 3 3 3 3 3 1 1 0 1 3 3 3 3 3 1 3 3 3 1 4 1 4 3 2 2 2 1 2 1 1 0 3 1 3 3 3 3 3 1 1 1 2 1 1 3 3 2 1 4 1 4 1 4 2 0 0 1 1 1 1 1 1 0 1 0 3 1 0 0 0 0 1 1 0 0 1 1 0 2 4 4 2 4 3 1 0 2 3 1 4 2 2 2 4 3 1 2 4 3 0 0 0 0 1 1 0 1 1 2 4 3 2 4 4 4 2 3 1 3 1 2 4 3 3 3 3 3 3 1 1 0 3 0 0 0 1 1 0 1 1 0 0 0 0 0 1 1 0 0 2 4 2 3 1 0 2 4 3 1 1 4 4 4 2 3 1 4 4 4 4 3 1 0
0 143 2 2 1 1 1 0 1 1 0 0 0 0 1 1 0 1 1 0 0 0 1 1 0 0 0 0 0 0 1 1 1 1 1 1 3 3 3 3 3 3 3 3 1 3 3 3 2 2 1 4 1 4 3 3 3 3 3 3 1 3 3 3 3 1 0 1 4 3 3 0 3 3 1 1 1 1 0 0 0 1 1 1 1 1 0 0 0 0 1 1 1 1 1 0 0 0 0 0 1 1 0 2 4 3 3 3 3 3 3 3 1 1 1 1 2 3 1 1 1 3 3 3 3 3 3 3 2 2 3 1 0 0 0 3 3 2 4 4 2 3 1 0 2
0 72 1 1 0 0 0 0 0 1 1 1 1 1 1 1 1 0 0 0 0 0 1 1 1 1 1 1 1 1 1 1 0 1 1 2 2 1 1 3 3 3 3 1 3 1 3 3 3 3 3 1 3 3 3 3 3 3 3 3 3 3 1 4 2 1 2 2 3 1 1 0 2 4
0 5 2 2 2 2 1
0 60 2 2 2 2 2 2 2 2 2 2 1 1 0 0 1 0 0 0 1 1 0 1 1 0 0 0 1 1 0 0 0 1 1 0 2 4 3 3 1 2 3 4 4 2 4 2 3 1 2 4 3 1 1 3 1 4 3 1 2 4
0 114 2 2 2 2 2 2 1 1 0 0 0 0 1 1 1 0 0 0 0 1 1 1 1 1 1 1 1 0 1 1 3 3 3 3 3 3 3 3 1 3 3 3 3 1 0 0 1 1 0 2 2 4 2 4 2 3 1 2 4 3 0 0 0 1 1 1 1 1 2 2 4 3 0 0 0 0 0 1 1 0 1 1 1 1 3 3 3 3 1 3 1 1 3 1 2 1 1 1 0 1 1 1 1 0 2 4 3 1 4 2 2 4 2 3
0 191 1 1 0 0 0 0 0 1 1 1 1 1 0 0 0 0 0 1 1 1 1 1 1 1 1 1 1 1 1 1 0 3 3 3 3 3 3 3 3 3 3 3 3 3 3 1 1 0 1 3 3 3 3 3 1 3 3 3 1 4 1 4 3 2 2 2 1 2 1 1 0 3 1 3 3 3 3 3 1 1 1 2 1 1 3 3 2 1 4 1 4 1 4 2 0 0 1 1 1 1 1 1 0 1 0 3 1 0 0 0 0 1 1 0 0 1 1 0 2 4 4 2 4 3 1 0 2 3 1 4 2 2 2 4 3 1 2 4 3 0 0 0 0 1 1 0 1 1 2 4 3 2 4 4 4 2 3 1 3 1 2 4 3 3 3 3 3 3 1 1 0 3 0 0 0 1 1 0 1 1 0 0 0 0 0 1 1 0 0 2 4
0 167 1 1 3 3 3 3 3 3 3 1 1 3 3 3 3 3 1 3 3 3 3 1 4 2 1 4 1 4 1 4 1 4 1 4 0 1 1 1 1 1 1 2 3 2 1 4 2 3 1 3 3 3 3 3 3 1 3 3 3 3 3 3 0 3 1 1 1 3 3 3 3 3 3 1 3 3 1 1 3 1 2 0 0 0 0 0 1 1 1 1 1 1 3 3 3 3 1 3 3 1 1 1 2 3 3 1 4 1 4 3 2 2 2 2 2 3 3 3 3 3 3 3 3 3 0 1 1 3 3 3 3 3 1 2 2 2 3 2 2 0 0 1 1 0 1 1 2 2 2 2 3 1 2 2 4 3 2 4 2 3 1 2 2 4 3 4 4
0 141 2 2 1 1 0 0 0 1 1 1 1 1 2 4 3 1 1 4 3 1 2 2 4 3 0 0 0 0 0 1 1 0 3 3 1 3 3 3 1 3 3 3 3 3 1 4 1 4 1 4 3 2 2 3 3 1 3 1 3 1 3 3 3 3 1 3 3 3 1 1 3 0 3 0 0 1 3 3 3 3 3 3 1 1 1 1 2 1 4 2 2 2 3 2 1 4 1 4 3 1 1 1 1 3 1 3 2 2 3 3 3 3 3 3 3 0 3 3 2 4 3 4 4 2 3 1 2 2 4 2 4 4 3 1 4 2 4 2 4 3 1
0 104 1 1 0 0 0 0 1 1 0 1 1 0 0 0 0 1 1 0 3 0 0 1 1 0 0 2 4 4 4 3 1 2 4 3 0 0 0 1 1 0 2 2 2 2 2 2 1 1 3 1 2 2 2 3 1 2 4 2 2 4 3 1 2 4 3 1 1 0 1 1 0 0 0 0 0 0 1 1 0 0 0 0 0 1 1 1 1 1 0 0 0 0 0 1 1 0 1 1 4 2 3 1 2 4
0 162 1 1 0 0 0 0 0 1 1 1 1 1 0 0 0 0 0 1 1 1 1 1 1 1 1 1 1 1 1 1 0 3 3 3 3 3 3 3 3 3 3 3 3 3 3 1 1 0 1 3 3 3 3 3 1 3 3 3 1 4 1 4 3 2 2 2 1 2 1 1 0 3 1 3 3 3 3 3 1 1 1 2 1 1 3 3 2 1 4 1 4 1 4 2 0 0 1 1 1 1 1 1 0 1 0 3 1 0 0 0 0 1 1 0 0 1 1 0 2 4 4 2 4 3 1 0 2 3 1 4 2 2 2 4 3 1 2 4 3 0 0 0 0 1 1 0 1 1 2 4 3 2 4 4 4 2 3 1 3 1 2 4
0 122 1 1 0 0 0 0 1 1 0 1 1 0 0 0 0 1 1 0 3 0 0 1 1 0 0 2 4 4 4 3 1 2 4 3 0 0 0 1 1 0 2 2 2 2 2 2 1 1 3 1 2 2 2 3 1 2 4 2 2 4 3 1 2 4 3 1 1 0 1 1 0 0 0 0 0 0 1 1 0 0 0 0 0 1 1 1 1 1 0 0 0 0 0 1 1 0 1 1 4 2 3 1 2 4 3 0 1 1 0 1 1 0 0 0 1 0 4 4 2 3 1 3
0 144 2 2 1 1 1 0 1 1 0 0 0 0 1 1 0 1 1 0 0 0 1 1 0 0 0 0 0 0 1 1 1 1 1 1 3 3 3 3 3 3 3 3 1 3 3 3 2 2 1 4 1 4 3 3 3 3 3 3 1 3 3 3 3 1 0 1 4 3 3 0 3 3 1 1 1 1 0 0 0 1 1 1 1 1 0 0 0 0 1 1 1 1 1 0 0 0 0 0 1 1 0 2 4 3 3 3 3 3 3 3 1 1 1 1 2 3 1 1 1 3 3 3 3 3 3 3 2 2 3 1 0 0 0 3 3 2 4 4 2 3 1 0 2 4
0 142 2 2 2 2 2 2 2 2 2 2 1 1 1 1 1 1 1 1 1 1 2 4 3 0 4 3 1 4 2 3 1 0 2 4 3 0 0 1 1 0 0 0 1 1 0 1 1 1 1 1 4 3 3 2 3 1 1 4 1 3 2 2 2 2 2 2 2 1 1 2 2 3 1 3 3 3 3 1 3 3 3 3 3 3 3 3 3 3 3 3 3 3 1 3 1 3 1 1 1 3 1 3 3 3 3 3 3 3 1 1 3 1 3 3 3 2 1 1 3 3 3 3 3 3 3 3 3 3 0 3 3 0 0 0 0 1 1 1 1 0 2 4
0 193 1 1 0 0 0 0 0 1 1 1 1 1 0 0 0 0 0 1 1 1 1 1 1 1 1 1 1 1 1 1 0 3 3 3 3 3 3 3 3 3 3 3 3 3 3 1 1 0 1 3 3 3 3 3 1 3 3 3 1 4 1 4 3 2 2 2 1 2 1 1 0 3 1 3 3 3 3 3 1 1 1 2 1 1 3 3 2 1 4 1 4 1 4 2 0 0 1 1 1 1 1 1 0 1 0 3 1 0 0 0 0 1 1 0 0 1 1 0 2 4 4 2 4 3 1 0 2 3 1 4 2 2 2 4 3 1 2 4 3 0 0 0 0 1 1 0 1 1 2 4 3 2 4 4 4 2 3 1 3 1 2 4 3 3 3 3 3 3 1 1 0 3 0 0 0 1 1 0 1 1 0 0 0 0 0 1 1 0 0 2 4 2 3
0 55 2 2 2 2 2 2 2 2 1 1 0 0 0 0 1 1 1 0 0 0 0 0 0 1 1 0 0 0 0 1 1 1 1 1 1 1 2 4 3 1 1 0 0 0 0 0 1 1 1 1 2 4 2 3 1
0 117 1 1 0 0 0 0 1 1 0 1 1 0 0 0 0 1 1 0 3 0 0 1 1 0 0 2 4 4 4 3 1 2 4 3 0 0 0 1 1 0 2 2 2 2 2 2 1 1 3 1 2 2 2 3 1 2 4 2 2 4 3 1 2 4 3 1 1 0 1 1 0 0 0 0 0 0 1 1 0 0 0 0 0 1 1 1 1 1 0 0 0 0 0 1 1 0 1 1 4 2 3 1 2 4 3 0 1 1 0 1 1 0 0 0 1 0 4
0 48 2 2 2 2 2 2 2 2 2 2 1 1 0 0 1 0 0 0 1 1 0 1 1 0 0 0 1 1 0 0 0 1 1 0 2 4 3 3 1 2 3 4 4 2 4 2 3 1
0 55 1 1 3 1 4 3 1 4 2 4 4 4 3 1 2 4 3 1 4 1 4 2 3 3 2 1 4 3 3 1 1 1 0 0 0 3 1 0 1 4 2 2 4 2 3 1 2 4 3 2 2 4 4 2 3
0 74 1 1 0 0 1 1 1 1 1 0 3 3 3 1 3 3 3 3 3 1 3 1 1 3 3 3 3 3 1 1 3 3 3 3 3 3 3 3 3 3 3 2 1 4 2 3 2 2 3 1 4 1 4 3 1 3 3 1 2 3 3 3 1 1 2 1 1 0 1 1 1 1 4 4
0 103 1 1 3 1 3 3 1 3 3 3 3 3 3 3 3 3 3 3 3 3 3 3 3 3 1 1 1 3 3 3 1 3 0 3 1 0 1 1 1 3 3 3 3 1 1 3 3 1 3 3 3 3 3 3 3 3 3 0 3 1 2 2 2 1 4 1 4 2 2 2 1 3 1 3 3 3 3 3 3 2 2 2 3 3 3 3 3 3 3 3 3 3 0 0 0 1 1 1 1 1 1 4 4
0 181 2 2 2 2 2 2 1 1 0 0 0 0 1 1 1 0 0 0 0 1 1 1 1 1 1 1 1 0 1 1 3 3 3 3 3 3 3 3 1 3 3 3 3 1 0 0 1 1 0 2 2 4 2 4 2 3 1 2 4 3 0 0 0 1 1 1 1 1 2 2 4 3 0 0 0 0 0 1 1 0 1 1 1 1 3 3 3 3 1 3 1 1 3 1 2 1 1 1 0 1 1 1 1 0 2 4 3 1 4 2 2 4 2 3 1 0 3 1 2 4 3 0 0 0 0 1 0 0 0 0 1 1 1 3 1 1 3 3 3 3 3 3 1 1 2 1 0 0 1 1 1 1 1 3 1 4 3 1 2 2 4 2 4 2 3 1 2 4 3 2 4 4 3 1 0 2 2 4 4 2 4
0 1 1
0 6 1 3 3 1 1 1
0 128 1 1 0 0 0 0 0 1 1 1 1 1 0 0 0 0 0 1 1 1 1 1 1 1 1 1 1 1 1 1 0 3 3 3 3 3 3 3 3 3 3 3 3 3 3 1 1 0 1 3 3 3 3 3 1 3 3 3 1 4 1 4 3 2 2 2 1 2 1 1 0 3 1 3 3 3 3 3 1 1 1 2 1 1 3 3 2 1 4 1 4 1 4 2 0 0 1 1 1 1 1 1 0 1 0 3 1 0 0 0 0 1 1 0 0 1 1 0 2 4 4 2 4 3 1 0 2 3
0 59 1 1 3 1 4 3 1 4 2 4 4 4 3 1 2 4 3 1 4 1 4 2 3 3 2 1 4 3 3 1 1 1 0 0 0 3 1 0 1 4 2 2 4 2 3 1 2 4 3 2 2 4 4 2 3 1 0 2 4
0 86 2 2 2 2 2 2 2 2 1 1 0 0 0 0 1 1 1 0 0 0 0 0 0 1 1 0 0 0 0 1 1 1 1 1 1 1 2 4 3 1 1 0 0 0 0 0 1 1 1 1 2 4 2 3 1 2 2 2 2 4 3 1 4 2 4 3 1 2 4 3 1 1 1 1 0 0 0 0 0 1 1 0 4 4 2 3
0 133 1 1 0 0 0 0 0 1 1 1 1 1 0 0 0 0 0 1 1 1 1 1 1 1 1 1 1 1 1 1 0 3 3 3 3 3 3 3 3 3 3 3 3 3 3 1 1 0 1 3 3 3 3 3 1 3 3 3 1 4 1 4 3 2 2 2 1 2 1 1 0 3 1 3 3 3 3 3 1 1 1 2 1 1 3 3 2 1 4 1 4 1 4 2 0 0 1 1 1 1 1 1 0 1 0 3 1 0 0 0 0 1 1 0 0 1 1 0 2 4 4 2 4 3 1 0 2 3 1 4 2 2 2
0 168 2 2 2 2 2 2 1 1 0 0 0 0 1 1 1 0 0 0 0 1 1 1 1 1 1 1 1 0 1 1 3 3 3 3 3 3 3 3 1 3 3 3 3 1 0 0 1 1 0 2 2 4 2 4 2 3 1 2 4 3 0 0 0 1 1 1 1 1 2 2 4 3 0 0 0 0 0 1 1 0 1 1 1 1 3 3 3 3 1 3 1 1 3 1 2 1 1 1 0 1 1 1 1 0 2 4 3 1 4 2 2 4 2 3 1 0 3 1 2 4 3 0 0 0 0 1 0 0 0 0 1 1 1 3 1 1 3 3 3 3 3 3 1 1 2 1 0 0 1 1 1 1 1 3 1 4 3 1 2 2 4 2 4 2 3 1 2 4
0 9 2 2 2 2 2 2 2 2 2
0 124 1 1 0 0 0 0 0 1 1 1 1 1 0 0 0 0 0 1 1 1 1 1 1 1 1 1 1 1 1 1 0 3 3 3 3 3 3 3 3 3 3 3 3 3 3 1 1 0 1 3 3 3 3 3 1 3 3 3 1 4 1 4 3 2 2 2 1 2 1 1 0 3 1 3 3 3 3 3 1 1 1 2 1 1 3 3 2 1 4 1 4 1 4 2 0 0 1 1 1 1 1 1 0 1 0 3 1 0 0 0 0 1 1 0 0 1 1 0 2 4 4 2 4 3
0 186 2 2 1 1 0 0 0 1 1 1 1 1 2 4 3 1 1 4 3 1 2 2 4 3 0 0 0 0 0 1 1 0 3 3 1 3 3 3 1 3 3 3 3 3 1 4 1 4 1 4 3 2 2 3 3 1 3 1 3 1 3 3 3 3 1 3 3 3 1 1 3 0 3 0 0 1 3 3 3 3 3 3 1 1 1 1 2 1 4 2 2 2 3 2 1 4 1 4 3 1 1 1 1 3 1 3 2 2 3 3 3 3 3 3 3 0 3 3 2 4 3 4 4 2 3 1 2 2 4 2 4 4 3 1 4 2 4 2 4 3 1 2 4 3 1 1 0 1 1 0 3 1 0 2 4 3 1 1 3 3 3 3 0 0 3 1 4 1 4 1 0 3 0 0 0 0 1 1 1 1 0 1 1 0 4 2
0 30 2 2 2 2 2 2 2 2 2 2 2 2 1 1 0 0 0 1 1 1 0 2 4 3 4 2 2 2 2 3
0 126 1 1 0 0 0 0 0 1 1 1 1 1 0 0 0 0 0 1 1 1 1 1 1 1 1 1 1 1 1 1 0 3 3 3 3 3 3 3 3 3 3 3 3 3 3 1 1 0 1 3 3 3 3 3 1 3 3 3 1 4 1 4 3 2 2 2 1 2 1 1 0 3 1 3 3 3 3 3 1 1 1 2 1 1 3 3 2 1 4 1 4 1 4 2 0 0 1 1 1 1 1 1 0 1 0 3 1 0 0 0 0 1 1 0 0 1 1 0 2 4 4 2 4 3 1 0
0 83 2 2 2 2 2 2 2 2 1 1 0 0 0 0 1 1 1 0 0 0 0 0 0 1 1 0 0 0 0 1 1 1 1 1 1 1 2 4 3 1 1 0 0 0 0 0 1 1 1 1 2 4 2 3 1 2 2 2 2 4 3 1 4 2 4 3 1 2 4 3 1 1 1 1 0 0 0 0 0 1 1 0 4
0 161 1 1 3 3 3 3 3 3 3 1 1 3 3 3 3 3 1 3 3 3 3 1 4 2 1 4 1 4 1 4 1 4 1 4 0 1 1 1 1 1 1 2 3 2 1 4 2 3 1 3 3 3 3 3 3 1 3 3 3 3 3 3 0 3 1 1 1 3 3 3 3 3 3 1 3 3 1 1 3 1 2 0 0 0 0 0 1 1 1 1 1 1 3 3 3 3 1 3 3 1 1 1 2 3 3 1 4 1 4 3 2 2 2 2 2 3 3 3 3 3 3 3 3 3 0 1 1 3 3 3 3 3 1 2 2 2 3 2 2 0 0 1 1 0 1 1 2 2 2 2 3 1 2 2 4 3 2 4 2 3 1
0 99 2 2 2 2 2 2 2 2 2 2 2 2 1 1 0 0 0 1 1 1 0 2 4 3 4 2 2 2 2 3 1 0 2 4 3 0 0 0 0 1 1 0 1 1 1 1 0 2 2 4 2 4 3 1 2 4 3 0 0 0 0 1 1 0 1 1 0 0 1 1 0 1 1 1 1 0 1 1 0 0 0 0 0 1 1 1 1 1 0 0 0 1 1 1 4 4 3 1 0
0 121 2 2 2 2 2 2 2 2 2 2 2 2 1 1 0 0 0 1 1 1 0 2 4 3 4 2 2 2 2 3 1 0 2 4 3 0 0 0 0 1 1 0 1 1 1 1 0 2 2 4 2 4 3 1 2 4 3 0 0 0 0 1 1 0 1 1 0 0 1 1 0 1 1 1 1 0 1 1 0 0 0 0 0 1 1 1 1 1 0 0 0 1 1 1 4 4 3 1 0 2 2 2 4 2 3 1 2 4 4 2 2 3 1 2 4 4 4 2 3 1 2
0 138 2 2 1 1 0 0 0 1 1 1 1 1 2 4 3 1 1 4 3 1 2 2 4 3 0 0 0 0 0 1 1 0 3 3 1 3 3 3 1 3 3 3 3 3 1 4 1 4 1 4 3 2 2 3 3 1 3 1 3 1 3 3 3 3 1 3 3 3 1 1 3 0 3 0 0 1 3 3 3 3 3 3 1 1 1 1 2 1 4 2 2 2 3 2 1 4 1 4 3 1 1 1 1 3 1 3 2 2 3 3 3 3 3 3 3 0 3 3 2 4 3 4 4 2 3 1 2 2 4 2 4 4 3 1 4 2 4 2
0 134 2 2 1 1 0 0 0 1 1 1 1 1 2 4 3 1 1 4 3 1 2 2 4 3 0 0 0 0 0 1 1 0 3 3 1 3 3 3 1 3 3 3 3 3 1 4 1 4 1 4 3 2 2 3 3 1 3 1 3 1 3 3 3 3 1 3 3 3 1 1 3 0 3 0 0 1 3 3 3 3 3 3 1 1 1 1 2 1 4 2 2 2 3 2 1 4 1 4 3 1 1 1 1 3 1 3 2 2 3 3 3 3 3 3 3 0 3 3 2 4 3 4 4 2 3 1 2 2 4 2 4 4 3 1
0 53 2 2 2 2 2 2 2 2 2 2 2 2 1 1 0 0 0 1 1 1 0 2 4 3 4 2 2 2 2 3 1 0 2 4 3 0 0 0 0 1 1 0 1 1 1 1 0 2 2 4 2 4 3
0 191 2 2 1 1 0 0 0 1 1 1 1 1 2 4 3 1 1 4 3 1 2 2 4 3 0 0 0 0 0 1 1 0 3 3 1 3 3 3 1 3 3 3 3 3 1 4 1 4 1 4 3 2 2 3 3 1 3 1 3 1 3 3 3 3 1 3 3 3 1 1 3 0 3 0 0 1 3 3 3 3 3 3 1 1 1 1 2 1 4 2 2 2 3 2 1 4 1 4 3 1 1 1 1 3 1 3 2 2 3 3 3 3 3 3 3 0 3 3 2 4 3 4 4 2 3 1 2 2 4 2 4 4 3 1 4 2 4 2 4 3 1 2 4 3 1 1 0 1 1 0 3 1 0 2 4 3 1 1 3 3 3 3 0 0 3 1 4 1 4 1 0 3 0 0 0 0 1 1 1 1 0 1 1 0 4 2 4 2 3 1 2
0 1 2
0 33 2 2 2 2 2 2 2 2 2 2 1 1 1 1 1 1 1 1 1 1 2 4 3 0 4 3 1 4 2 3 1 0 2
0 113 2 2 2 2 2 2 2 2 2 2 2 2 1 1 0 0 0 1 1 1 0 2 4 3 4 2 2 2 2 3 1 0 2 4 3 0 0 0 0 1 1 0 1 1 1 1 0 2 2 4 2 4 3 1 2 4 3 0 0 0 0 1 1 0 1 1 0 0 1 1 0 1 1 1 1 0 1 1 0 0 0 0 0 1 1 1 1 1 0 0 0 1 1 1 4 4 3 1 0 2 2 2 4 2 3 1 2 4 4 2 2 3 1
0 164 1 1 3 3 3 3 3 3 3 1 1 3 3 3 3 3 1 3 3 3 3 1 4 2 1 4 1 4 1 4 1 4 1 4 0 1 1 1 1 1 1 2 3 2 1 4 2 3 1 3 3 3 3 3 3 1 3 3 3 3 3 3 0 3 1 1 1 3 3 3 3 3 3 1 3 3 1 1 3 1 2 0 0 0 0 0 1 1 1 1 1 1 3 3 3 3 1 3 3 1 1 1 2 3 3 1 4 1 4 3 2 2 2 2 2 3 3 3 3 3 3 3 3 3 0 1 1 3 3 3 3 3 1 2 2 2 3 2 2 0 0 1 1 0 1 1 2 2 2 2 3 1 2 2 4 3 2 4 2 3 1 2 2 4
0 54 1 1 3 1 4 3 1 4 2 4 4 4 3 1 2 4 3 1 4 1 4 2 3 3 2 1 4 3 3 1 1 1 0 0 0 3 1 0 1 4 2 2 4 2 3 1 2 4 3 2 2 4 4 2
0 19 2 2 1 1 3 3 3 0 0 0 1 1 0 2 4 2 3 1 0
0 12 1 1 3 1 4 3 1 4 2 4 4 4
0 45 2 2 2 2 2 2 2 2 2 2 1 1 0 0 1 0 0 0 1 1 0 1 1 0 0 0 1 1 0 0 0 1 1 0 2 4 3 3 1 2 3 4 4 2 4
0 7 2 2 2 2 2 2 1
0 23 2 2 1 1 0 0 0 1 1 1 1 1 2 4 3 1 1 4 3 1 2 2 4
0 23 2 2 2 2 2 2 2 2 2 2 2 2 1 1 0 0 0 1 1 1 0 2 4
0 43 1 1 3 1 4 3 1 4 2 4 4 4 3 1 2 4 3 1 4 1 4 2 3 3 2 1 4 3 3 1 1 1 0 0 0 3 1 0 1 4 2 2 4
0 9 2 2 2 2 2 2 2 2 1
0 65 2 2 2 2 2 2 2 2 1 1 0 0 0 0 1 1 1 0 0 0 0 0 0 1 1 0 0 0 0 1 1 1 1 1 1 1 2 4 3 1 1 0 0 0 0 0 1 1 1 1 2 4 2 3 1 2 2 2 2 4 3 1 4 2 4
0 44 1 1 3 1 4 3 1 4 2 4 4 4 3 1 2 4 3 1 4 1 4 2 3 3 2 1 4 3 3 1 1 1 0 0 0 3 1 0 1 4 2 2 4 2
0 9 3 1 1 1 3 1 3 1 1
0 52 2 2 2 2 2 2 1 1 0 0 0 0 1 1 1 0 0 0 0 1 1 1 1 1 1 1 1 0 1 1 3 3 3 3 3 3 3 3 1 3 3 3 3 1 0 0 1 1 0 2 2 4
0 115 2 2 2 2 2 2 1 1 0 0 0 0 1 1 1 0 0 0 0 1 1 1 1 1 1 1 1 0 1 1 3 3 3 3 3 3 3 3 1 3 3 3 3 1 0 0 1 1 0 2 2 4 2 4 2 3 1 2 4 3 0 0 0 1 1 1 1 1 2 2 4 3 0 0 0 0 0 1 1 0 1 1 1 1 3 3 3 3 1 3 1 1 3 1 2 1 1 1 0 1 1 1 1 0 2 4 3 1 4 2 2 4 2 3 1
0 51 2 2 2 2 2 2 2 2 2 2 2 2 1 1 0 0 0 1 1 1 0 2 4 3 4 2 2 2 2 3 1 0 2 4 3 0 0 0 0 1 1 0 1 1 1 1 0 2 2 4 2
0 10 3 1 1 1 3 1 3 1 1 1
0 142 2 2 1 1 0 0 0 1 1 1 1 1 2 4 3 1 1 4 3 1 2 2 4 3 0 0 0 0 0 1 1 0 3 3 1 3 3 3 1 3 3 3 3 3 1 4 1 4 1 4 3 2 2 3 3 1 3 1 3 1 3 3 3 3 1 3 3 3 1 1 3 0 3 0 0 1 3 3 3 3 3 3 1 1 1 1 2 1 4 2 2 2 3 2 1 4 1 4 3 1 1 1 1 3 1 3 2 2 3 3 3 3 3 3 3 0 3 3 2 4 3 4 4 2 3 1 2 2 4 2 4 4 3 1 4 2 4 2 4 3 1 2
0 11 1 1 3 1 4 3 1 4 2 4 4
0 169 1 1 3 3 3 3 3 3 3 1 1 3 3 3 3 3 1 3 3 3 3 1 4 2 1 4 1 4 1 4 1 4 1 4 0 1 1 1 1 1 1 2 3 2 1 4 2 3 1 3 3 3 3 3 3 1 3 3 3 3 3 3 0 3 1 1 1 3 3 3 3 3 3 1 3 3 1 1 3 1 2 0 0 0 0 0 1 1 1 1 1 1 3 3 3 3 1 3 3 1 1 1 2 3 3 1 4 1 4 3 2 2 2 2 2 3 3 3 3 3 3 3 3 3 0 1 1 3 3 3 3 3 1 2 2 2 3 2 2 0 0 1 1 0 1 1 2 2 2 2 3 1 2 2 4 3 2 4 2 3 1 2 2 4 3 4 4 4 3
0 139 2 2 1 1 0 0 0 1 1 1 1 1 2 4 3 1 1 4 3 1 2 2 4 3 0 0 0 0 0 1 1 0 3 3 1 3 3 3 1 3 3 3 3 3 1 4 1 4 1 4 3 2 2 3 3 1 3 1 3 1 3 3 3 3 1 3 3 3 1 1 3 0 3 0 0 1 3 3 3 3 3 3 1 1 1 1 2 1 4 2 2 2 3 2 1 4 1 4 3 1 1 1 1 3 1 3 2 2 3 3 3 3 3 3 3 0 3 3 2 4 3 4 4 2 3 1 2 2 4 2 4 4 3 1 4 2 4 2 4
0 152 2 2 1 1 1 0 1 1 0 0 0 0 1 1 0 1 1 0 0 0 1 1 0 0 0 0 0 0 1 1 1 1 1 1 3 3 3 3 3 3 3 3 1 3 3 3 2 2 1 4 1 4 3 3 3 3 3 3 1 3 3 3 3 1 0 1 4 3 3 0 3 3 1 1 1 1 0 0 0 1 1 1 1 1 0 0 0 0 1 1 1 1 1 0 0 0 0 0 1 1 0 2 4 3 3 3 3 3 3 3 1 1 1 1 2 3 1 1 1 3 3 3 3 3 3 3 2 2 3 1 0 0 0 3 3 2 4 4 2 3 1 0 2 4 3 1 1 1 1 0 2 4
0 196 1 1 0 0 0 0 0 1 1 1 1 1 0 0 0 0 0 1 1 1 1 1 1 1 1 1 1 1 1 1 0 3 3 3 3 3 3 3 3 3 3 3 3 3 3 1 1 0 1 3 3 3 3 3 1 3 3 3 1 4 1 4 3 2 2 2 1 2 1 1 0 3 1 3 3 3 3 3 1 1 1 2 1 1 3 3 2 1 4 1 4 1 4 2 0 0 1 1 1 1 1 1 0 1 0 3 1 0 0 0 0 1 1 0 0 1 1 0 2 4 4 2 4 3 1 0 2 3 1 4 2 2 2 4 3 1 2 4 3 0 0 0 0 1 1 0 1 1 2 4 3 2 4 4 4 2 3 1 3 1 2 4 3 3 3 3 3 3 1 1 0 3 0 0 0 1 1 0 1 1 0 0 0 0 0 1 1 0 0 2 4 2 3 1 0 2
0 33 2 2 2 2 2 2 2 2 2 2 2 2 1 1 0 0 0 1 1 1 0 2 4 3 4 2 2 2 2 3 1 0 2
0 113 2 2 2 2 2 2 1 1 0 0 0 0 1 1 1 0 0 0 0 1 1 1 1 1 1 1 1 0 1 1 3 3 3 3 3 3 3 3 1 3 3 3 3 1 0 0 1 1 0 2 2 4 2 4 2 3 1 2 4 3 0 0 0 1 1 1 1 1 2 2 4 3 0 0 0 0 0 1 1 0 1 1 1 1 3 3 3 3 1 3 1 1 3 1 2 1 1 1 0 1 1 1 1 0 2 4 3 1 4 2 2 4 2
0 107 2 2 2 2 2 2 2 2 2 2 2 2 1 1 0 0 0 1 1 1 0 2 4 3 4 2 2 2 2 3 1 0 2 4 3 0 0 0 0 1 1 0 1 1 1 1 0 2 2 4 2 4 3 1 2 4 3 0 0 0 0 1 1 0 1 1 0 0 1 1 0 1 1 1 1 0 1 1 0 0 0 0 0 1 1 1 1 1 0 0 0 1 1 1 4 4 3 1 0 2 2 2 4 2 3 1 2
0 140 2 2 1 1 1 0 1 1 0 0 0 0 1 1 0 1 1 0 0 0 1 1 0 0 0 0 0 0 1 1 1 1 1 1 3 3 3 3 3 3 3 3 1 3 3 3 2 2 1 4 1 4 3 3 3 3 3 3 1 3 3 3 3 1 0 1 4 3 3 0 3 3 1 1 1 1 0 0 0 1 1 1 1 1 0 0 0 0 1 1 1 1 1 0 0 0 0 0 1 1 0 2 4 3 3 3 3 3 3 3 1 1 1 1 2 3 1 1 1 3 3 3 3 3 3 3 2 2 3 1 0 0 0 3 3 2 4 4 2 3
0 50 2 2 2 2 2 2 2 2 2 2 2 2 1 1 0 0 0 1 1 1 0 2 4 3 4 2 2 2 2 3 1 0 2 4 3 0 0 0 0 1 1 0 1 1 1 1 0 2 2 4
0 48 1 1 3 1 4 3 1 4 2 4 4 4 3 1 2 4 3 1 4 1 4 2 3 3 2 1 4 3 3 1 1 1 0 0 0 3 1 0 1 4 2 2 4 2 3 1 2 4
0 138 1 1 0 0 0 0 0 1 1 1 1 1 0 0 0 0 0 1 1 1 1 1 1 1 1 1 1 1 1 1 0 3 3 3 3 3 3 3 3 3 3 3 3 3 3 1 1 0 1 3 3 3 3 3 1 3 3 3 1 4 1 4 3 2 2 2 1 2 1 1 0 3 1 3 3 3 3 3 1 1 1 2 1 1 3 3 2 1 4 1 4 1 4 2 0 0 1 1 1 1 1 1 0 1 0 3 1 0 0 0 0 1 1 0 0 1 1 0 2 4 4 2 4 3 1 0 2 3 1 4 2 2 2 4 3 1 2 4
0 12 3 1 1 1 3 1 3 1 1 1 1 1
0 115 1 1 3 1 3 3 1 3 3 3 3 3 3 3 3 3 3 3 3 3 3 3 3 3 1 1 1 3 3 3 1 3 0 3 1 0 1 1 1 3 3 3 3 1 1 3 3 1 3 3 3 3 3 3 3 3 3 0 3 1 2 2 2 1 4 1 4 2 2 2 1 3 1 3 3 3 3 3 3 2 2 2 3 3 3 3 3 3 3 3 3 3 0 0 0 1 1 1 1 1 1 4 4 4 3 1 2 4 3 1 2 3 1 2 4
0 171 1 1 3 3 3 3 3 3 3 1 1 3 3 3 3 3 1 3 3 3 3 1 4 2 1 4 1 4 1 4 1 4 1 4 0 1 1 1 1 1 1 2 3 2 1 4 2 3 1 3 3 3 3 3 3 1 3 3 3 3 3 3 0 3 1 1 1 3 3 3 3 3 3 1 3 3 1 1 3 1 2 0 0 0 0 0 1 1 1 1 1 1 3 3 3 3 1 3 3 1 1 1 2 3 3 1 4 1 4 3 2 2 2 2 2 3 3 3 3 3 3 3 3 3 0 1 1 3 3 3 3 3 1 2 2 2 3 2 2 0 0 1 1 0 1 1 2 2 2 2 3 1 2 2 4 3 2 4 2 3 1 2 2 4 3 4 4 4 3 1 2
0 22 2 2 1 1 3 3 3 0 0 0 1 1 0 2 4 2 3 1 0 3 1 2
0 31 2 2 2 2 2 2 2 2 2 2 2 2 1 1 0 0 0 1 1 1 0 2 4 3 4 2 2 2 2 3 1
0 131 2 2 1 1 0 0 0 1 1 1 1 1 2 4 3 1 1 4 3 1 2 2 4 3 0 0 0 0 0 1 1 0 3 3 1 3 3 3 1 3 3 3 3 3 1 4 1 4 1 4 3 2 2 3 3 1 3 1 3 1 3 3 3 3 1 3 3 3 1 1 3 0 3 0 0 1 3 3 3 3 3 3 1 1 1 1 2 1 4 2 2 2 3 2 1 4 1 4 3 1 1 1 1 3 1 3 2 2 3 3 3 3 3 3 3 0 3 3 2 4 3 4 4 2 3 1 2 2 4 2 4
0 38 2 2 2 2 2 2 2 2 1 1 0 0 0 0 1 1 1 0 0 0 0 0 0 1 1 0 0 0 0 1 1 1 1 1 1 1 2 4
0 103 2 2 1 1 1 0 1 1 0 0 0 0 1 1 0 1 1 0 0 0 1 1 0 0 0 0 0 0 1 1 1 1 1 1 3 3 3 3 3 3 3 3 1 3 3 3 2 2 1 4 1 4 3 3 3 3 3 3 1 3 3 3 3 1 0 1 4 3 3 0 3 3 1 1 1 1 0 0 0 1 1 1 1 1 0 0 0 0 1 1 1 1 1 0 0 0 0 0 1 1 0 2 4
0 97 2 2 2 2 2 2 2 2 2 2 2 2 1 1 0 0 0 1 1 1 0 2 4 3 4 2 2 2 2 3 1 0 2 4 3 0 0 0 0 1 1 0 1 1 1 1 0 2 2 4 2 4 3 1 2 4 3 0 0 0 0 1 1 0 1 1 0 0 1 1 0 1 1 1 1 0 1 1 0 0 0 0 0 1 1 1 1 1 0 0 0 1 1 1 4 4 3
0 125 1 1 0 0 0 0 1 1 0 1 1 0 0 0 0 1 1 0 3 0 0 1 1 0 0 2 4 4 4 3 1 2 4 3 0 0 0 1 1 0 2 2 2 2 2 2 1 1 3 1 2 2 2 3 1 2 4 2 2 4 3 1 2 4 3 1 1 0 1 1 0 0 0 0 0 0 1 1 0 0 0 0 0 1 1 1 1 1 0 0 0 0 0 1 1 0 1 1 4 2 3 1 2 4 3 0 1 1 0 1 1 0 0 0 1 0 4 4 2 3 1 3 1 2 4
0 8 3 1 1 1 3 1 3 1
0 104 1 1 3 1 3 3 1 3 3 3 3 3 3 3 3 3 3 3 3 3 3 3 3 3 1 1 1 3 3 3 1 3 0 3 1 0 1 1 1 3 3 3 3 1 1 3 3 1 3 3 3 3 3 3 3 3 3 0 3 1 2 2 2 1 4 1 4 2 2 2 1 3 1 3 3 3 3 3 3 2 2 2 3 3 3 3 3 3 3 3 3 3 0 0 0 1 1 1 1 1 1 4 4 4
0 125 1 1 0 0 0 0 0 1 1 1 1 1 0 0 0 0 0 1 1 1 1 1 1 1 1 1 1 1 1 1 0 3 3 3 3 3 3 3 3 3 3 3 3 3 3 1 1 0 1 3 3 3 3 3 1 3 3 3 1 4 1 4 3 2 2 2 1 2 1 1 0 3 1 3 3 3 3 3 1 1 1 2 1 1 3 3 2 1 4 1 4 1 4 2 0 0 1 1 1 1 1 1 0 1 0 3 1 0 0 0 0 1 1 0 0 1 1 0 2 4 4 2 4 3 1
0 11 2 2 2 2 2 2 2 2 2 2 1
0 71 2 2 2 2 2 2 1 1 0 0 0 0 1 1 1 0 0 0 0 1 1 1 1 1 1 1 1 0 1 1 3 3 3 3 3 3 3 3 1 3 3 3 3 1 0 0 1 1 0 2 2 4 2 4 2 3 1 2 4 3 0 0 0 1 1 1 1 1 2 2 4
0 119 1 1 3 1 3 3 1 3 3 3 3 3 3 3 3 3 3 3 3 3 3 3 3 3 1 1 1 3 3 3 1 3 0 3 1 0 1 1 1 3 3 3 3 1 1 3 3 1 3 3 3 3 3 3 3 3 3 0 3 1 2 2 2 1 4 1 4 2 2 2 1 3 1 3 3 3 3 3 3 2 2 2 3 3 3 3 3 3 3 3 3 3 0 0 0 1 1 1 1 1 1 4 4 4 3 1 2 4 3 1 2 3 1 2 4 2 4 4 3
0 105 1 1 3 1 3 3 1 3 3 3 3 3 3 3 3 3 3 3 3 3 3 3 3 3 1 1 1 3 3 3 1 3 0 3 1 0 1 1 1 3 3 3 3 1 1 3 3 1 3 3 3 3 3 3 3 3 3 0 3 1 2 2 2 1 4 1 4 2 2 2 1 3 1 3 3 3 3 3 3 2 2 2 3 3 3 3 3 3 3 3 3 3 0 0 0 1 1 1 1 1 1 4 4 4 3
0 26 2 2 2 2 2 2 2 2 2 2 1 1 1 1 1 1 1 1 1 1 2 4 3 0 4 3
0 21 2 2 1 1 3 3 3 0 0 0 1 1 0 2 4 2 3 1 0 3 1
0 118 1 1 3 1 3 3 1 3 3 3 3 3 3 3 3 3 3 3 3 3 3 3 3 3 1 1 1 3 3 3 1 3 0 3 1 0 1 1 1 3 3 3 3 1 1 3 3 1 3 3 3 3 3 3 3 3 3 0 3 1 2 2 2 1 4 1 4 2 2 2 1 3 1 3 3 3 3 3 3 2 2 2 3 3 3 3 3 3 3 3 3 3 0 0 0 1 1 1 1 1 1 4 4 4 3 1 2 4 3 1 2 3 1 2 4 2 4 4
0 76 1 1 0 0 1 1 1 1 1 0 3 3 3 1 3 3 3 3 3 1 3 1 1 3 3 3 3 3 1 1 3 3 3 3 3 3 3 3 3 3 3 2 1 4 2 3 2 2 3 1 4 1 4 3 1 3 3 1 2 3 3 3 1 1 2 1 1 0 1 1 1 1 4 4 3 1
0 127 1 1 0 0 0 0 0 1 1 1 1 1 0 0 0 0 0 1 1 1 1 1 1 1 1 1 1 1 1 1 0 3 3 3 3 3 3 3 3 3 3 3 3 3 3 1 1 0 1 3 3 3 3 3 1 3 3 3 1 4 1 4 3 2 2 2 1 2 1 1 0 3 1 3 3 3 3 3 1 1 1 2 1 1 3 3 2 1 4 1 4 1 4 2 0 0 1 1 1 1 1 1 0 1 0 3 1 0 0 0 0 1 1 0 0 1 1 0 2 4 4 2 4 3 1 0 2
0 212 1 1 0 0 0 0 0 1 1 1 1 1 0 0 0 0 0 1 1 1 1 1 1 1 1 1 1 1 1 1 0 3 3 3 3 3 3 3 3 3 3 3 3 3 3 1 1 0 1 3 3 3 3 3 1 3 3 3 1 4 1 4 3 2 2 2 1 2 1 1 0 3 1 3 3 3 3 3 1 1 1 2 1 1 3 3 2 1 4 1 4 1 4 2 0 0 1 1 1 1 1 1 0 1 0 3 1 0 0 0 0 1 1 0 0 1 1 0 2 4 4 2 4 3 1 0 2 3 1 4 2 2 2 4 3 1 2 4 3 0 0 0 0 1 1 0 1 1 2 4 3 2 4 4 4 2 3 1 3 1 2 4 3 3 3 3 3 3 1 1 0 3 0 0 0 1 1 0 1 1 0 0 0 0 0 1 1 0 0 2 4 2 3 1 0 2 4 3 1 1 4 4 4 2 3 1 4 4 4 4 3 1
0 36 2 2 2 2 2 2 2 2 2 2 1 1 0 0 1 0 0 0 1 1 0 1 1 0 0 0 1 1 0 0 0 1 1 0 2 4
0 172 1 1 3 3 3 3 3 3 3 1 1 3 3 3 3 3 1 3 3 3 3 1 4 2 1 4 1 4 1 4 1 4 1 4 0 1 1 1 1 1 1 2 3 2 1 4 2 3 1 3 3 3 3 3 3 1 3 3 3 3 3 3 0 3 1 1 1 3 3 3 3 3 3 1 3 3 1 1 3 1 2 0 0 0 0 0 1 1 1 1 1 1 3 3 3 3 1 3 3 1 1 1 2 3 3 1 4 1 4 3 2 2 2 2 2 3 3 3 3 3 3 3 3 3 0 1 1 3 3 3 3 3 1 2 2 2 3 2 2 0 0 1 1 0 1 1 2 2 2 2 3 1 2 2 4 3 2 4 2 3 1 2 2 4 3 4 4 4 3 1 2 4
0 19 2 2 2 2 2 2 2 2 2 2 2 2 2 2 2 2 2 2 2
0 4 1 3 3 1
0 159 1 1 0 0 0 0 0 1 1 1 1 1 0 0 0 0 0 1 1 1 1 1 1 1 1 1 1 1 1 1 0 3 3 3 3 3 3 3 3 3 3 3 3 3 3 1 1 0 1 3 3 3 3 3 1 3 3 3 1 4 1 4 3 2 2 2 1 2 1 1 0 3 1 3 3 3 3 3 1 1 1 2 1 1 3 3 2 1 4 1 4 1 4 2 0 0 1 1 1 1 1 1 0 1 0 3 1 0 0 0 0 1 1 0 0 1 1 0 2 4 4 2 4 3 1 0 2 3 1 4 2 2 2 4 3 1 2 4 3 0 0 0 0 1 1 0 1 1 2 4 3 2 4 4 4 2 3 1 3
0 7 1 3 3 1 1 1 1
0 185 2 2 1 1 0 0 0 1 1 1 1 1 2 4 3 1 1 4 3 1 2 2 4 3 0 0 0 0 0 1 1 0 3 3 1 3 3 3 1 3 3 3 3 3 1 4 1 4 1 4 3 2 2 3 3 1 3 1 3 1 3 3 3 3 1 3 3 3 1 1 3 0 3 0 0 1 3 3 3 3 3 3 1 1 1 1 2 1 4 2 2 2 3 2 1 4 1 4 3 1 1 1 1 3 1 3 2 2 3 3 3 3 3 3 3 0 3 3 2 4 3 4 4 2 3 1 2 2 4 2 4 4 3 1 4 2 4 2 4 3 1 2 4 3 1 1 0 1 1 0 3 1 0 2 4 3 1 1 3 3 3 3 0 0 3 1 4 1 4 1 0 3 0 0 0 0 1 1 1 1 0 1 1 0 4
0 80 1 1 0 0 1 1 1 1 1 0 3 3 3 1 3 3 3 3 3 1 3 1 1 3 3 3 3 3 1 1 3 3 3 3 3 3 3 3 3 3 3 2 1 4 2 3 2 2 3 1 4 1 4 3 1 3 3 1 2 3 3 3 1 1 2 1 1 0 1 1 1 1 4 4 3 1 2 3 1 2
0 203 1 1 0 0 0 0 0 1 1 1 1 1 0 0 0 0 0 1 1 1 1 1 1 1 1 1 1 1 1 1 0 3 3 3 3 3 3 3 3 3 3 3 3 3 3 1 1 0 1 3 3 3 3 3 1 3 3 3 1 4 1 4 3 2 2 2 1 2 1 1 0 3 1 3 3 3 3 3 1 1 1 2 1 1 3 3 2 1 4 1 4 1 4 2 0 0 1 1 1 1 1 1 0 1 0 3 1 0 0 0 0 1 1 0 0 1 1 0 2 4 4 2 4 3 1 0 2 3 1 4 2 2 2 4 3 1 2 4 3 0 0 0 0 1 1 0 1 1 2 4 3 2 4 4 4 2 3 1 3 1 2 4 3 3 3 3 3 3 1 1 0 3 0 0 0 1 1 0 1 1 0 0 0 0 0 1 1 0 0 2 4 2 3 1 0 2 4 3 1 1 4 4 4
0 182 2 2 2 2 2 2 1 1 0 0 0 0 1 1 1 0 0 0 0 1 1 1 1 1 1 1 1 0 1 1 3 3 3 3 3 3 3 3 1 3 3 3 3 1 0 0 1 1 0 2 2 4 2 4 2 3 1 2 4 3 0 0 0 1 1 1 1 1 2 2 4 3 0 0 0 0 0 1 1 0 1 1 1 1 3 3 3 3 1 3 1 1 3 1 2 1 1 1 0 1 1 1 1 0 2 4 3 1 4 2 2 4 2 3 1 0 3 1 2 4 3 0 0 0 0 1 0 0 0 0 1 1 1 3 1 1 3 3 3 3 3 3 1 1 2 1 0 0 1 1 1 1 1 3 1 4 3 1 2 2 4 2 4 2 3 1 2 4 3 2 4 4 3 1 0 2 2 4 4 2 4 3
0 32 2 2 2 2 2 2 2 2 2 2 1 1 1 1 1 1 1 1 1 1 2 4 3 0 4 3 1 4 2 3 1 0
0 122 2 2 2 2 2 2 2 2 2 2 2 2 1 1 0 0 0 1 1 1 0 2 4 3 4 2 2 2 2 3 1 0 2 4 3 0 0 0 0 1 1 0 1 1 1 1 0 2 2 4 2 4 3 1 2 4 3 0 0 0 0 1 1 0 1 1 0 0 1 1 0 1 1 1 1 0 1 1 0 0 0 0 0 1 1 1 1 1 0 0 0 1 1 1 4 4 3 1 0 2 2 2 4 2 3 1 2 4 4 2 2 3 1 2 4 4 4 2 3 1 2 4
0 54 2 2 2 2 2 2 2 2 2 2 2 2 1 1 0 0 0 1 1 1 0 2 4 3 4 2 2 2 2 3 1 0 2 4 3 0 0 0 0 1 1 0 1 1 1 1 0 2 2 4 2 4 3 1
0 100 2 2 2 2 2 2 2 2 2 2 2 2 1 1 0 0 0 1 1 1 0 2 4 3 4 2 2 2 2 3 1 0 2 4 3 0 0 0 0 1 1 0 1 1 1 1 0 2 2 4 2 4 3 1 2 4 3 0 0 0 0 1 1 0 1 1 0 0 1 1 0 1 1 1 1 0 1 1 0 0 0 0 0 1 1 1 1 1 0 0 0 1 1 1 4 4 3 1 0 2
0 3 2 2 1
0 107 1 1 3 1 3 3 1 3 3 3 3 3 3 3 3 3 3 3 3 3 3 3 3 3 1 1 1 3 3 3 1 3 0 3 1 0 1 1 1 3 3 3 3 1 1 3 3 1 3 3 3 3 3 3 3 3 3 0 3 1 2 2 2 1 4 1 4 2 2 2 1 3 1 3 3 3 3 3 3 2 2 2 3 3 3 3 3 3 3 3 3 3 0 0 0 1 1 1 1 1 1 4 4 4 3 1 2
0 116 2 2 2 2 2 2 2 2 2 2 2 2 1 1 0 0 0 1 1 1 0 2 4 3 4 2 2 2 2 3 1 0 2 4 3 0 0 0 0 1 1 0 1 1 1 1 0 2 2 4 2 4 3 1 2 4 3 0 0 0 0 1 1 0 1 1 0 0 1 1 0 1 1 1 1 0 1 1 0 0 0 0 0 1 1 1 1 1 0 0 0 1 1 1 4 4 3 1 0 2 2 2 4 2 3 1 2 4 4 2 2 3 1 2 4 4
0 118 2 2 2 2 2 2 1 1 0 0 0 0 1 1 1 0 0 0 0 1 1 1 1 1 1 1 1 0 1 1 3 3 3 3 3 3 3 3 1 3 3 3 3 1 0 0 1 1 0 2 2 4 2 4 2 3 1 2 4 3 0 0 0 1 1 1 1 1 2 2 4 3 0 0 0 0 0 1 1 0 1 1 1 1 3 3 3 3 1 3 1 1 3 1 2 1 1 1 0 1 1 1 1 0 2 4 3 1 4 2 2 4 2 3 1 0 3 1
0 14 1 1 3 1 4 3 1 4 2 4 4 4 3 1
0 162 1 1 3 3 3 3 3 3 3 1 1 3 3 3 3 3 1 3 3 3 3 1 4 2 1 4 1 4 1 4 1 4 1 4 0 1 1 1 1 1 1 2 3 2 1 4 2 3 1 3 3 3 3 3 3 1 3 3 3 3 3 3 0 3 1 1 1 3 3 3 3 3 3 1 3 3 1 1 3 1 2 0 0 0 0 0 1 1 1 1 1 1 3 3 3 3 1 3 3 1 1 1 2 3 3 1 4 1 4 3 2 2 2 2 2 3 3 3 3 3 3 3 3 3 0 1 1 3 3 3 3 3 1 2 2 2 3 2 2 0 0 1 1 0 1 1 2 2 2 2 3 1 2 2 4 3 2 4 2 3 1 2
0 15 2 2 2 2 2 2 2 2 2 2 2 2 2 2 2
0 215 1 1 0 0 0 0 0 1 1 1 1 1 0 0 0 0 0 1 1 1 1 1 1 1 1 1 1 1 1 1 0 3 3 3 3 3 3 3 3 3 3 3 3 3 3 1 1 0 1 3 3 3 3 3 1 3 3 3 1 4 1 4 3 2 2 2 1 2 1 1 0 3 1 3 3 3 3 3 1 1 1 2 1 1 3 3 2 1 4 1 4 1 4 2 0 0 1 1 1 1 1 1 0 1 0 3 1 0 0 0 0 1 1 0 0 1 1 0 2 4 4 2 4 3 1 0 2 3 1 4 2 2 2 4 3 1 2 4 3 0 0 0 0 1 1 0 1 1 2 4 3 2 4 4 4 2 3 1 3 1 2 4 3 3 3 3 3 3 1 1 0 3 0 0 0 1 1 0 1 1 0 0 0 0 0 1 1 0 0 2 4 2 3 1 0 2 4 3 1 1 4 4 4 2 3 1 4 4 4 4 3 1 0 2 2
0 84 2 2 2 2 2 2 2 2 1 1 0 0 0 0 1 1 1 0 0 0 0 0 0 1 1 0 0 0 0 1 1 1 1 1 1 1 2 4 3 1 1 0 0 0 0 0 1 1 1 1 2 4 2 3 1 2 2 2 2 4 3 1 4 2 4 3 1 2 4 3 1 1 1 1 0 0 0 0 0 1 1 0 4 4
0 3 3 1 1
0 115 2 2 2 2 2 2 2 2 2 2 2 2 1 1 0 0 0 1 1 1 0 2 4 3 4 2 2 2 2 3 1 0 2 4 3 0 0 0 0 1 1 0 1 1 1 1 0 2 2 4 2 4 3 1 2 4 3 0 0 0 0 1 1 0 1 1 0 0 1 1 0 1 1 1 1 0 1 1 0 0 0 0 0 1 1 1 1 1 0 0 0 1 1 1 4 4 3 1 0 2 2 2 4 2 3 1 2 4 4 2 2 3 1 2 4
0 185 2 2 2 2 2 2 1 1 0 0 0 0 1 1 1 0 0 0 0 1 1 1 1 1 1 1 1 0 1 1 3 3 3 3 3 3 3 3 1 3 3 3 3 1 0 0 1 1 0 2 2 4 2 4 2 3 1 2 4 3 0 0 0 1 1 1 1 1 2 2 4 3 0 0 0 0 0 1 1 0 1 1 1 1 3 3 3 3 1 3 1 1 3 1 2 1 1 1 0 1 1 1 1 0 2 4 3 1 4 2 2 4 2 3 1 0 3 1 2 4 3 0 0 0 0 1 0 0 0 0 1 1 1 3 1 1 3 3 3 3 3 3 1 1 2 1 0 0 1 1 1 1 1 3 1 4 3 1 2 2 4 2 4 2 3 1 2 4 3 2 4 4 3 1 0 2 2 4 4 2 4 3 1 2 4
0 122 1 1 0 0 0 0 0 1 1 1 1 1 0 0 0 0 0 1 1 1 1 1 1 1 1 1 1 1 1 1 0 3 3 3 3 3 3 3 3 3 3 3 3 3 3 1 1 0 1 3 3 3 3 3 1 3 3 3 1 4 1 4 3 2 2 2 1 2 1 1 0 3 1 3 3 3 3 3 1 1 1 2 1 1 3 3 2 1 4 1 4 1 4 2 0 0 1 1 1 1 1 1 0 1 0 3 1 0 0 0 0 1 1 0 0 1 1 0 2 4 4 2
0 75 1 1 0 0 1 1 1 1 1 0 3 3 3 1 3 3 3 3 3 1 3 1 1 3 3 3 3 3 1 1 3 3 3 3 3 3 3 3 3 3 3 2 1 4 2 3 2 2 3 1 4 1 4 3 1 3 3 1 2 3 3 3 1 1 2 1 1 0 1 1 1 1 4 4 3
0 108 2 2 2 2 2 2 2 2 2 2 2 2 1 1 0 0 0 1 1 1 0 2 4 3 4 2 2 2 2 3 1 0 2 4 3 0 0 0 0 1 1 0 1 1 1 1 0 2 2 4 2 4 3 1 2 4 3 0 0 0 0 1 1 0 1 1 0 0 1 1 0 1 1 1 1 0 1 1 0 0 0 0 0 1 1 1 1 1 0 0 0 1 1 1 4 4 3 1 0 2 2 2 4 2 3 1 2 4
0 44 2 2 2 2 2 2 2 2 2 2 1 1 0 0 1 0 0 0 1 1 0 1 1 0 0 0 1 1 0 0 0 1 1 0 2 4 3 3 1 2 3 4 4 2
0 117 1 1 3 1 3 3 1 3 3 3 3 3 3 3 3 3 3 3 3 3 3 3 3 3 1 1 1 3 3 3 1 3 0 3 1 0 1 1 1 3 3 3 3 1 1 3 3 1 3 3 3 3 3 3 3 3 3 0 3 1 2 2 2 1 4 1 4 2 2 2 1 3 1 3 3 3 3 3 3 2 2 2 3 3 3 3 3 3 3 3 3 3 0 0 0 1 1 1 1 1 1 4 4 4 3 1 2 4 3 1 2 3 1 2 4 2 4
0 326 1 1 3 1 3 3 1 3 3 3 3 3 3 3 3 3 3 3 3 3 3 3 3 3 1 1 1 3 3 3 1 3 0 3 1 0 1 1 1 3 3 3 3 1 1 3 3 1 3 3 3 3 3 3 3 3 3 0 3 1 2 2 2 1 4 1 4 2 2 2 1 3 1 3 3 3 3 3 3 2 2 2 3 3 3 3 3 3 3 3 3 3 0 0 0 1 1 1 1 1 1 4 4 4 3 1 2 4 3 1 2 3 1 2 4 2 4 4 3 1 2 4 3 3 3 3 3 3 3 3 1 3 3 3 3 3 3 0 3 3 3 3 3 3 1 1 1 1 1 1 3 3 3 3 3 3 3 3 3 3 3 3 3 3 3 3 3 3 3 1 1 2 1 1 3 3 3 3 3 3 3 3 3 3 3 3 3 2 2 3 2 2 1 3 1 3 3 3 3 3 3 3 3 3 3 3 3 3 3 3 3 0 0 3 3 3 2 3 1 1 3 1 3 3 3 3 1 1 1 1 1 3 3 3 3 3 3 1 3 3 3 1 3 3 3 3 1 3 1 1 3 3 3 3 3 1 1 3 3 3 3 3 1 3 3 3 3 3 3 1 4 3 1 2 2 3 3 2 1 1 1 3 3 3 3 3 3 1 3 3 3 3 3 3 3 2 3 1 1 0 0 0 0 0 1 1 1 1 1 1 2 2 2 2 2 2 1 1 1 1 1 0 1 1 2 4
0 63 1 1 0 0 0 0 1 1 0 1 1 0 0 0 0 1 1 0 3 0 0 1 1 0 0 2 4 4 4 3 1 2 4 3 0 0 0 1 1 0 2 2 2 2 2 2 1 1 3 1 2 2 2 3 1 2 4 2 2 4 3 1 2
0 120 2 2 2 2 2 2 1 1 0 0 0 0 1 1 1 0 0 0 0 1 1 1 1 1 1 1 1 0 1 1 3 3 3 3 3 3 3 3 1 3 3 3 3 1 0 0 1 1 0 2 2 4 2 4 2 3 1 2 4 3 0 0 0 1 1 1 1 1 2 2 4 3 0 0 0 0 0 1 1 0 1 1 1 1 3 3 3 3 1 3 1 1 3 1 2 1 1 1 0 1 1 1 1 0 2 4 3 1 4 2 2 4 2 3 1 0 3 1 2 4
0 29 2 2 2 2 2 2 2 2 2 2 2 2 1 1 0 0 0 1 1 1 0 2 4 3 4 2 2 2 2
0 128 2 2 1 1 0 0 0 1 1 1 1 1 2 4 3 1 1 4 3 1 2 2 4 3 0 0 0 0 0 1 1 0 3 3 1 3 3 3 1 3 3 3 3 3 1 4 1 4 1 4 3 2 2 3 3 1 3 1 3 1 3 3 3 3 1 3 3 3 1 1 3 0 3 0 0 1 3 3 3 3 3 3 1 1 1 1 2 1 4 2 2 2 3 2 1 4 1 4 3 1 1 1 1 3 1 3 2 2 3 3 3 3 3 3 3 0 3 3 2 4 3 4 4 2 3 1 2 2
0 2 3 1
0 154 1 1 0 0 0 0 0 1 1 1 1 1 0 0 0 0 0 1 1 1 1 1 1 1 1 1 1 1 1 1 0 3 3 3 3 3 3 3 3 3 3 3 3 3 3 1 1 0 1 3 3 3 3 3 1 3 3 3 1 4 1 4 3 2 2 2 1 2 1 1 0 3 1 3 3 3 3 3 1 1 1 2 1 1 3 3 2 1 4 1 4 1 4 2 0 0 1 1 1 1 1 1 0 1 0 3 1 0 0 0 0 1 1 0 0 1 1 0 2 4 4 2 4 3 1 0 2 3 1 4 2 2 2 4 3 1 2 4 3 0 0 0 0 1 1 0 1 1 2 4 3 2 4 4
0 63 2 2 2 2 2 2 2 2 2 2 1 1 0 0 1 0 0 0 1 1 0 1 1 0 0 0 1 1 0 0 0 1 1 0 2 4 3 3 1 2 3 4 4 2 4 2 3 1 2 4 3 1 1 3 1 4 3 1 2 4 2 4 3
0 141 2 2 1 1 1 0 1 1 0 0 0 0 1 1 0 1 1 0 0 0 1 1 0 0 0 0 0 0 1 1 1 1 1 1 3 3 3 3 3 3 3 3 1 3 3 3 2 2 1 4 1 4 3 3 3 3 3 3 1 3 3 3 3 1 0 1 4 3 3 0 3 3 1 1 1 1 0 0 0 1 1 1 1 1 0 0 0 0 1 1 1 1 1 0 0 0 0 0 1 1 0 2 4 3 3 3 3 3 3 3 1 1 1 1 2 3 1 1 1 3 3 3 3 3 3 3 2 2 3 1 0 0 0 3 3 2 4 4 2 3 1
0 166 1 1 3 3 3 3 3 3 3 1 1 3 3 3 3 3 1 3 3 3 3 1 4 2 1 4 1 4 1 4 1 4 1 4 0 1 1 1 1 1 1 2 3 2 1 4 2 3 1 3 3 3 3 3 3 1 3 3 3 3 3 3 0 3 1 1 1 3 3 3 3 3 3 1 3 3 1 1 3 1 2 0 0 0 0 0 1 1 1 1 1 1 3 3 3 3 1 3 3 1 1 1 2 3 3 1 4 1 4 3 2 2 2 2 2 3 3 3 3 3 3 3 3 3 0 1 1 3 3 3 3 3 1 2 2 2 3 2 2 0 0 1 1 0 1 1 2 2 2 2 3 1 2 2 4 3 2 4 2 3 1 2 2 4 3 4
0 47 2 2 2 2 2 2 2 2 2 2 1 1 0 0 1 0 0 0 1 1 0 1 1 0 0 0 1 1 0 0 0 1 1 0 2 4 3 3 1 2 3 4 4 2 4 2 3
0 57 1 1 0 0 0 0 1 1 0 1 1 0 0 0 0 1 1 0 3 0 0 1 1 0 0 2 4 4 4 3 1 2 4 3 0 0 0 1 1 0 2 2 2 2 2 2 1 1 3 1 2 2 2 3 1 2 4
0 111 2 2 2 2 2 2 2 2 2 2 2 2 1 1 0 0 0 1 1 1 0 2 4 3 4 2 2 2 2 3 1 0 2 4 3 0 0 0 0 1 1 0 1 1 1 1 0 2 2 4 2 4 3 1 2 4 3 0 0 0 0 1 1 0 1 1 0 0 1 1 0 1 1 1 1 0 1 1 0 0 0 0 0 1 1 1 1 1 0 0 0 1 1 1 4 4 3 1 0 2 2 2 4 2 3 1 2 4 4 2 2
0 124 1 1 0 0 0 0 1 1 0 1 1 0 0 0 0 1 1 0 3 0 0 1 1 0 0 2 4 4 4 3 1 2 4 3 0 0 0 1 1 0 2 2 2 2 2 2 1 1 3 1 2 2 2 3 1 2 4 2 2 4 3 1 2 4 3 1 1 0 1 1 0 0 0 0 0 0 1 1 0 0 0 0 0 1 1 1 1 1 0 0 0 0 0 1 1 0 1 1 4 2 3 1 2 4 3 0 1 1 0 1 1 0 0 0 1 0 4 4 2 3 1 3 1 2
0 184 2 2 2 2 2 2 1 1 0 0 0 0 1 1 1 0 0 0 0 1 1 1 1 1 1 1 1 0 1 1 3 3 3 3 3 3 3 3 1 3 3 3 3 1 0 0 1 1 0 2 2 4 2 4 2 3 1 2 4 3 0 0 0 1 1 1 1 1 2 2 4 3 0 0 0 0 0 1 1 0 1 1 1 1 3 3 3 3 1 3 1 1 3 1 2 1 1 1 0 1 1 1 1 0 2 4 3 1 4 2 2 4 2 3 1 0 3 1 2 4 3 0 0 0 0 1 0 0 0 0 1 1 1 3 1 1 3 3 3 3 3 3 1 1 2 1 0 0 1 1 1 1 1 3 1 4 3 1 2 2 4 2 4 2 3 1 2 4 3 2 4 4 3 1 0 2 2 4 4 2 4 3 1 2
0 117 2 2 2 2 2 2 1 1 0 0 0 0 1 1 1 0 0 0 0 1 1 1 1 1 1 1 1 0 1 1 3 3 3 3 3 3 3 3 1 3 3 3 3 1 0 0 1 1 0 2 2 4 2 4 2 3 1 2 4 3 0 0 0 1 1 1 1 1 2 2 4 3 0 0 0 0 0 1 1 0 1 1 1 1 3 3 3 3 1 3 1 1 3 1 2 1 1 1 0 1 1 1 1 0 2 4 3 1 4 2 2 4 2 3 1 0 3
0 127 2 2 2 2 2 2 2 2 2 2 2 2 1 1 0 0 0 1 1 1 0 2 4 3 4 2 2 2 2 3 1 0 2 4 3 0 0 0 0 1 1 0 1 1 1 1 0 2 2 4 2 4 3 1 2 4 3 0 0 0 0 1 1 0 1 1 0 0 1 1 0 1 1 1 1 0 1 1 0 0 0 0 0 1 1 1 1 1 0 0 0 1 1 1 4 4 3 1 0 2 2 2 4 2 3 1 2 4 4 2 2 3 1 2 4 4 4 2 3 1 2 4 3 4 2 3 1
0 60 1 1 0 0 0 0 1 1 0 1 1 0 0 0 0 1 1 0 3 0 0 1 1 0 0 2 4 4 4 3 1 2 4 3 0 0 0 1 1 0 2 2 2 2 2 2 1 1 3 1 2 2 2 3 1 2 4 2 2 4
0 155 1 1 3 3 3 3 3 3 3 1 1 3 3 3 3 3 1 3 3 3 3 1 4 2 1 4 1 4 1 4 1 4 1 4 0 1 1 1 1 1 1 2 3 2 1 4 2 3 1 3 3 3 3 3 3 1 3 3 3 3 3 3 0 3 1 1 1 3 3 3 3 3 3 1 3 3 1 1 3 1 2 0 0 0 0 0 1 1 1 1 1 1 3 3 3 3 1 3 3 1 1 1 2 3 3 1 4 1 4 3 2 2 2 2 2 3 3 3 3 3 3 3 3 3 0 1 1 3 3 3 3 3 1 2 2 2 3 2 2 0 0 1 1 0 1 1 2 2 2 2 3 1 2 2 4
0 165 2 2 2 2 2 2 1 1 0 0 0 0 1 1 1 0 0 0 0 1 1 1 1 1 1 1 1 0 1 1 3 3 3 3 3 3 3 3 1 3 3 3 3 1 0 0 1 1 0 2 2 4 2 4 2 3 1 2 4 3 0 0 0 1 1 1 1 1 2 2 4 3 0 0 0 0 0 1 1 0 1 1 1 1 3 3 3 3 1 3 1 1 3 1 2 1 1 1 0 1 1 1 1 0 2 4 3 1 4 2 2 4 2 3 1 0 3 1 2 4 3 0 0 0 0 1 0 0 0 0 1 1 1 3 1 1 3 3 3 3 3 3 1 1 2 1 0 0 1 1 1 1 1 3 1 4 3 1 2 2 4 2 4 2 3
0 119 2 2 2 2 2 2 1 1 0 0 0 0 1 1 1 0 0 0 0 1 1 1 1 1 1 1 1 0 1 1 3 3 3 3 3 3 3 3 1 3 3 3 3 1 0 0 1 1 0 2 2 4 2 4 2 3 1 2 4 3 0 0 0 1 1 1 1 1 2 2 4 3 0 0 0 0 0 1 1 0 1 1 1 1 3 3 3 3 1 3 1 1 3 1 2 1 1 1 0 1 1 1 1 0 2 4 3 1 4 2 2 4 2 3 1 0 3 1 2
0 120 1 1 3 1 3 3 1 3 3 3 3 3 3 3 3 3 3 3 3 3 3 3 3 3 1 1 1 3 3 3 1 3 0 3 1 0 1 1 1 3 3 3 3 1 1 3 3 1 3 3 3 3 3 3 3 3 3 0 3 1 2 2 2 1 4 1 4 2 2 2 1 3 1 3 3 3 3 3 3 2 2 2 3 3 3 3 3 3 3 3 3 3 0 0 0 1 1 1 1 1 1 4 4 4 3 1 2 4 3 1 2 3 1 2 4 2 4 4 3 1
0 34 2 2 2 2 2 2 2 2 2 2 1 1 1 1 1 1 1 1 1 1 2 4 3 0 4 3 1 4 2 3 1 0 2 4
0 168 1 1 3 3 3 3 3 3 3 1 1 3 3 3 3 3 1 3 3 3 3 1 4 2 1 4 1 4 1 4 1 4 1 4 0 1 1 1 1 1 1 2 3 2 1 4 2 3 1 3 3 3 3 3 3 1 3 3 3 3 3 3 0 3 1 1 1 3 3 3 3 3 3 1 3 3 1 1 3 1 2 0 0 0 0 0 1 1 1 1 1 1 3 3 3 3 1 3 3 1 1 1 2 3 3 1 4 1 4 3 2 2 2 2 2 3 3 3 3 3 3 3 3 3 0 1 1 3 3 3 3 3 1 2 2 2 3 2 2 0 0 1 1 0 1 1 2 2 2 2 3 1 2 2 4 3 2 4 2 3 1 2 2 4 3 4 4 4
0 176 2 2 2 2 2 2 1 1 0 0 0 0 1 1 1 0 0 0 0 1 1 1 1 1 1 1 1 0 1 1 3 3 3 3 3 3 3 3 1 3 3 3 3 1 0 0 1 1 0 2 2 4 2 4 2 3 1 2 4 3 0 0 0 1 1 1 1 1 2 2 4 3 0 0 0 0 0 1 1 0 1 1 1 1 3 3 3 3 1 3 1 1 3 1 2 1 1 1 0 1 1 1 1 0 2 4 3 1 4 2 2 4 2 3 1 0 3 1 2 4 3 0 0 0 0 1 0 0 0 0 1 1 1 3 1 1 3 3 3 3 3 3 1 1 2 1 0 0 1 1 1 1 1 3 1 4 3 1 2 2 4 2 4 2 3 1 2 4 3 2 4 4 3 1 0 2
0 9 1 3 3 1 1 1 1 3 1
0 96 2 2 2 2 2 2 2 2 2 2 2 2 1 1 0 0 0 1 1 1 0 2 4 3 4 2 2 2 2 3 1 0 2 4 3 0 0 0 0 1 1 0 1 1 1 1 0 2 2 4 2 4 3 1 2 4 3 0 0 0 0 1 1 0 1 1 0 0 1 1 0 1 1 1 1 0 1 1 0 0 0 0 0 1 1 1 1 1 0 0 0 1 1 1 4 4
0 82 1 1 0 0 1 1 1 1 1 0 3 3 3 1 3 3 3 3 3 1 3 1 1 3 3 3 3 3 1 1 3 3 3 3 3 3 3 3 3 3 3 2 1 4 2 3 2 2 3 1 4 1 4 3 1 3 3 1 2 3 3 3 1 1 2 1 1 0 1 1 1 1 4 4 3 1 2 3 1 2 2 4
0 53 2 2 2 2 2 2 1 1 0 0 0 0 1 1 1 0 0 0 0 1 1 1 1 1 1 1 1 0 1 1 3 3 3 3 3 3 3 3 1 3 3 3 3 1 0 0 1 1 0 2 2 4 2
0 120 1 1 0 0 0 0 1 1 0 1 1 0 0 0 0 1 1 0 3 0 0 1 1 0 0 2 4 4 4 3 1 2 4 3 0 0 0 1 1 0 2 2 2 2 2 2 1 1 3 1 2 2 2 3 1 2 4 2 2 4 3 1 2 4 3 1 1 0 1 1 0 0 0 0 0 0 1 1 0 0 0 0 0 1 1 1 1 1 0 0 0 0 0 1 1 0 1 1 4 2 3 1 2 4 3 0 1 1 0 1 1 0 0 0 1 0 4 4 2 3
0 42 2 2 2 2 2 2 2 2 2 2 1 1 0 0 1 0 0 0 1 1 0 1 1 0 0 0 1 1 0 0 0 1 1 0 2 4 3 3 1 2 3 4
