266 6
1 44 5 5 1 0 1 0 2 4 5 1 5 5 0 4 5 5 4 4 5 5 1 2 3 5 5 1 4 5 5 1 4 5 5 1 2 5 5 1 2 5 5 0 2 1
1 95 5 5 5 5 5 5 5 5 5 5 4 5 5 4 2 5 5 3 2 1 1 1 1 4 2 5 5 4 3 3 3 2 2 1 2 5 5 0 2 5 5 0 4 5 5 0 4 5 5 1 4 5 5 4 2 3 5 5 4 2 5 5 4 2 5 5 1 4 5 5 0 4 5 4 5 5 1 4 5 5 1 2 5 5 0 2 5 5 4 2 5 5 1 2 1
1 7 5 5 5 5 5 1 1
1 52 2 2 2 5 5 4 3 1 1 1 1 1 3 2 3 1 3 5 5 0 2 5 5 4 4 5 5 1 4 5 5 1 4 5 5 5 4 2 5 5 4 4 5 5 5 1 4 5 5 1 4 1
1 39 5 5 5 5 4 5 5 4 3 1 4 3 3 5 5 4 4 5 5 4 2 5 5 1 4 5 5 4 2 5 5 1 4 1 4 3 0 3 0
1 77 5 5 5 5 5 5 5 5 4 5 5 4 2 1 1 1 1 1 4 2 5 5 4 2 1 1 1 1 3 3 5 1 3 2 2 1 2 1 2 1 2 1 2 5 5 4 2 5 5 1 2 5 5 1 4 5 5 0 4 5 5 5 4 2 5 5 4 4 5 5 1 2 5 5 4 4 5
1 9 2 2 4 3 1 0 5 1 4
1 41 5 5 5 5 5 5 5 5 5 5 5 1 3 5 3 3 2 1 1 5 5 1 4 5 5 1 2 5 5 1 2 5 5 4 2 1 5 5 4 4 3
1 26 5 5 5 5 5 5 5 5 5 5 4 5 5 3 3 5 1 1 2 0 2 5 5 1 4 4
1 17 5 5 5 5 4 5 5 3 2 5 5 4 3 5 1 5 5
1 63 5 5 5 5 5 5 1 0 2 4 4 4 4 5 5 4 3 5 5 4 3 5 5 3 3 5 5 3 3 3 5 2 1 1 3 2 1 1 1 1 1 2 1 1 3 0 2 2 1 2 5 5 4 2 5 5 0 2 5 5 0 4 5
1 52 5 5 5 5 4 5 5 4 3 1 1 1 1 1 4 2 5 1 1 3 2 1 3 2 2 1 2 1 2 1 2 1 2 5 5 5 1 2 2 2 2 1 2 5 5 4 4 5 5 0 4 5
1 16 4 5 1 3 2 2 1 2 1 2 1 2 1 2 1 2
1 82 5 5 5 5 5 5 5 5 5 5 4 1 4 2 5 5 4 3 4 3 1 1 1 1 1 4 3 5 1 5 5 5 1 4 5 5 1 4 5 5 4 4 5 5 1 2 5 5 4 2 4 5 5 4 2 1 5 5 4 2 5 5 1 2 3 5 5 1 2 5 5 4 2 5 5 1 4 5 5 0 2 1
1 62 4 1 1 4 3 1 1 1 3 3 5 5 3 2 5 5 4 3 5 1 4 1 2 2 1 2 1 2 1 2 1 2 5 5 0 4 5 5 1 2 5 5 0 2 5 5 1 4 5 5 1 4 1 5 5 1 4 5 5 1 4 1
1 42 5 5 5 5 5 5 1 0 2 4 2 1 1 1 1 1 4 3 5 5 3 3 1 1 1 3 2 3 1 5 2 2 1 2 1 2 1 2 1 2 1 2
1 19 5 5 1 0 2 4 4 4 4 1 0 5 5 3 2 3 3 2 5
1 14 5 5 5 5 2 4 4 1 0 5 1 3 2 1
1 74 5 5 4 1 1 3 2 1 1 1 1 1 3 3 5 5 4 2 4 2 1 1 1 4 3 5 1 3 3 3 2 1 1 5 5 1 2 5 5 1 2 1 5 5 4 4 5 5 0 4 5 5 4 2 5 5 1 4 5 5 4 2 1 1 5 1 5 1 2 2 1 2 1 2
1 55 5 5 5 5 5 5 5 5 4 5 5 3 2 5 5 4 2 5 5 3 3 5 5 4 3 1 4 2 5 1 3 3 5 5 5 5 0 4 5 5 0 2 5 5 0 4 5 5 1 2 5 5 1 2 5
1 35 5 5 5 5 5 5 5 5 2 2 2 2 5 5 4 3 3 3 1 3 0 4 5 5 1 4 5 5 1 2 5 5 0 2 5
1 50 5 5 5 5 5 5 3 3 3 2 1 1 1 1 4 2 1 3 3 1 0 2 1 3 3 5 5 1 4 5 5 1 4 4 2 0 2 5 5 0 4 5 5 4 2 5 5 4 2 5
1 44 5 5 5 5 4 5 5 3 2 5 5 3 2 5 5 4 3 3 5 3 5 5 1 2 5 5 1 2 5 5 0 2 5 5 1 4 5 5 1 2 1 2 0 2
1 16 5 5 5 5 5 5 5 5 4 5 1 5 2 2 3 0
1 17 4 1 0 3 5 3 5 1 5 5 0 4 5 5 4 4 1
1 42 5 5 5 5 1 0 2 4 2 4 4 4 1 0 1 0 5 5 4 3 3 3 5 5 3 5 5 5 1 2 5 3 0 2 2 2 2 1 2 1 2 3
1 51 5 5 5 5 4 5 5 3 3 5 5 3 2 1 0 3 2 1 1 1 1 1 3 3 5 5 1 2 5 5 0 4 5 5 1 2 5 5 1 4 5 5 5 4 2 5 5 4 2 3 1
1 23 5 5 5 5 4 5 5 3 2 1 1 1 4 3 1 1 1 1 3 3 3 1 1
1 47 4 5 1 3 2 1 1 1 1 3 3 5 5 1 4 1 5 5 0 4 5 5 1 2 5 5 0 2 5 5 0 4 1 2 2 2 2 2 1 2 1 2 1 2 1 2 0
1 44 5 5 5 5 5 5 5 5 5 5 4 2 1 1 1 4 3 1 3 3 5 5 3 3 5 5 4 2 1 0 3 3 3 3 3 5 5 1 2 5 5 1 2 1
1 12 5 5 4 3 3 2 1 1 1 1 3 1
0 7 5 5 5 5 2 1 1
0 17 5 5 5 5 2 2 2 2 5 5 3 3 1 1 1 1 3
0 4 4 5 5 4
0 12 5 5 2 1 1 1 4 2 5 5 4 2
0 8 5 5 2 1 1 1 4 2
0 8 5 5 5 5 5 5 5 5
0 15 5 5 5 5 5 5 4 5 5 3 3 1 1 3 2
0 7 5 5 5 5 5 5 2
0 6 5 5 5 5 4 1
0 11 5 5 5 5 5 5 5 5 2 2 4
0 23 5 5 5 5 5 5 5 5 4 4 2 1 1 1 1 1 3 3 1 1 1 3 3
0 7 5 5 4 5 5 4 2
0 10 5 5 5 5 5 5 2 2 2 2
0 14 5 5 5 5 5 5 5 5 5 5 4 5 5 4
0 15 5 5 5 5 5 5 5 5 5 5 2 4 4 5 5
0 6 5 5 5 5 5 5
0 15 5 5 5 5 2 2 2 2 5 5 3 3 1 1 1
0 34 5 5 5 5 5 5 5 5 5 5 4 1 1 1 1 1 3 2 5 5 4 2 5 5 3 3 1 1 1 1 1 4 2 5
0 21 5 5 5 5 4 1 1 1 1 1 4 2 5 5 4 3 1 1 1 1 4
0 2 2 2
0 23 5 5 4 5 5 3 2 1 3 3 5 5 3 3 5 5 3 3 5 5 4 2 5
0 12 5 5 5 5 2 1 1 1 1 3 3 5
0 11 5 5 5 5 5 5 4 5 5 3 3
0 19 5 5 4 5 5 3 2 1 3 3 5 5 3 3 5 5 3 3 5
0 21 5 5 5 5 5 5 5 5 5 5 4 1 3 2 1 1 3 3 1 1 4
0 9 5 5 5 5 5 5 2 2 2
0 4 5 5 4 1
0 22 5 5 5 5 5 5 5 5 5 5 4 1 1 1 1 1 3 2 5 5 4 2
0 12 5 5 5 5 5 5 5 5 2 2 4 4
0 12 5 5 5 5 5 5 4 5 5 3 3 1
0 13 5 5 4 1 1 1 1 4 2 5 5 3 3
0 19 5 5 5 5 5 5 5 5 4 4 2 1 1 1 1 1 3 3 1
0 17 5 5 5 5 5 5 5 5 5 5 4 1 3 2 1 1 3
0 11 5 5 4 5 5 3 3 5 5 4 2
0 8 5 5 4 5 5 4 2 4
0 14 5 5 5 5 5 5 5 5 5 5 4 1 3 2
0 13 4 5 5 4 3 5 5 4 2 5 5 3 2
0 15 5 5 5 5 4 1 1 1 1 1 4 2 5 5 4
0 14 5 5 2 1 1 1 4 2 5 5 4 2 5 5
0 8 5 5 5 5 2 2 2 2
0 13 5 5 5 5 4 1 1 1 1 1 4 2 5
0 14 5 5 5 5 5 5 5 5 5 5 2 4 4 5
0 17 5 5 5 5 5 5 5 5 5 5 4 5 5 4 2 1 1
0 29 5 5 5 5 5 5 5 5 5 5 4 1 1 1 1 1 3 2 5 5 4 2 5 5 3 3 1 1 1
0 2 4 5
0 18 5 5 5 5 5 5 5 5 5 5 4 1 3 2 1 1 3 3
0 18 5 5 5 5 4 1 1 1 1 1 4 2 5 5 4 3 1 1
0 6 5 5 5 5 2 2
0 13 5 5 5 5 5 5 5 5 5 5 4 5 5
0 5 5 5 4 5 5
0 14 5 5 4 5 5 3 2 1 3 3 5 5 3 3
0 8 5 5 4 5 5 3 2 1
0 1 5
0 20 5 5 4 5 5 3 2 1 3 3 5 5 3 3 5 5 3 3 5 5
0 21 5 5 5 5 5 5 5 5 5 5 4 1 1 1 1 1 3 2 5 5 4
0 10 5 5 5 5 2 1 1 1 1 3
0 16 5 5 5 5 5 5 5 5 5 5 4 5 5 4 2 1
0 13 5 5 5 5 5 5 4 5 5 3 3 1 1
0 12 4 5 5 4 3 5 5 4 2 5 5 3
0 7 5 5 2 1 1 1 4
0 20 5 5 5 5 5 5 5 5 5 5 4 1 1 1 1 1 3 2 5 5
0 7 5 5 5 5 4 1 1
0 11 5 5 5 5 5 5 4 5 5 4 3
0 9 5 5 4 5 5 3 3 5 5
0 15 5 5 5 5 5 5 5 5 5 5 4 1 3 2 1
0 16 5 5 4 5 5 3 2 1 3 3 5 5 3 3 5 5
0 11 5 5 2 1 1 1 4 2 5 5 4
0 10 5 5 4 5 5 4 2 4 3 5
0 10 5 5 5 5 5 5 5 5 4 4
0 9 5 5 4 1 1 1 1 4 2
0 18 5 5 5 5 5 5 5 5 4 4 2 1 1 1 1 1 3 3
0 17 5 5 4 5 5 3 2 1 3 3 5 5 3 3 5 5 3
0 6 5 5 4 5 5 4
0 9 5 5 5 5 5 5 5 5 5
0 4 5 5 4 5
0 21 5 5 4 5 5 3 2 1 3 3 5 5 3 3 5 5 3 3 5 5 4
0 14 5 5 5 5 2 2 2 2 5 5 3 3 1 1
0 7 5 5 5 5 4 5 5
0 8 5 5 5 5 5 5 2 2
0 2 5 5
0 9 5 5 4 5 5 4 2 4 3
0 13 5 5 2 1 1 1 4 2 5 5 4 2 5
0 15 5 5 5 5 5 5 5 5 5 5 4 1 1 1 1
0 13 5 5 4 5 5 3 3 5 5 4 2 1 1
0 4 2 2 2 5
0 18 5 5 5 5 5 5 5 5 5 5 2 4 4 5 5 4 3 5
0 18 5 5 5 5 2 2 2 2 5 5 3 3 1 1 1 1 3 2
0 8 5 5 5 5 4 1 1 1
0 18 5 5 5 5 5 5 5 5 5 5 4 1 1 1 1 1 3 2
0 10 5 5 5 5 2 2 2 2 5 5
0 5 5 5 4 1 1
0 15 5 5 5 5 5 5 5 5 5 5 4 5 5 4 3
0 11 5 5 5 5 5 5 5 5 5 5 2
0 3 4 5 5
0 7 5 5 5 5 2 2 2
0 12 5 5 5 5 5 5 5 5 4 4 2 1
0 9 5 5 5 5 5 5 4 5 5
0 15 5 5 2 1 1 1 4 2 5 5 4 2 5 5 4
0 16 5 5 2 1 1 1 4 2 5 5 4 2 5 5 4 3
0 1 2
0 10 5 5 5 5 5 5 5 5 5 5
0 10 5 5 2 1 1 1 4 2 5 5
0 6 5 5 4 5 5 3
0 17 5 5 5 5 5 5 5 5 4 4 2 1 1 1 1 1 3
0 20 5 5 5 5 5 5 5 5 4 4 2 1 1 1 1 1 3 3 1 1
0 16 5 5 5 5 5 5 5 5 4 4 2 1 1 1 1 1
0 5 4 5 5 4 3
0 7 5 5 4 5 5 3 2
0 1 4
0 5 5 5 5 5 2
0 16 5 5 5 5 5 5 5 5 5 5 2 4 4 5 5 4
0 21 5 5 5 5 5 5 5 5 5 5 4 5 5 4 2 1 1 1 1 1 4
0 17 5 5 5 5 4 1 1 1 1 1 4 2 5 5 4 3 1
0 13 5 5 4 5 5 3 2 1 3 3 5 5 3
0 8 5 5 4 1 1 1 1 4
0 22 5 5 5 5 5 5 5 5 4 4 2 1 1 1 1 1 3 3 1 1 1 3
0 6 5 5 2 1 1 1
0 12 5 5 5 5 5 5 5 5 5 5 4 1
0 6 5 5 5 5 2 1
0 8 4 5 5 4 3 5 5 4
0 5 5 5 5 5 5
0 35 5 5 5 5 5 5 5 5 5 5 4 1 1 1 1 1 3 2 5 5 4 2 5 5 3 3 1 1 1 1 1 4 2 5 5
0 15 5 5 4 5 5 3 2 1 3 3 5 5 3 3 5
0 4 5 5 2 1
0 6 5 5 4 1 1 1
0 12 5 5 4 5 5 3 2 1 3 3 5 5
0 32 5 5 5 5 5 5 5 5 5 5 4 1 1 1 1 1 3 2 5 5 4 2 5 5 3 3 1 1 1 1 1 4
0 16 5 5 4 5 5 3 3 5 5 4 2 1 1 4 2 5
0 13 5 5 5 5 2 2 2 2 5 5 3 3 1
0 30 5 5 5 5 5 5 5 5 5 5 4 1 1 1 1 1 3 2 5 5 4 2 5 5 3 3 1 1 1 1
0 24 5 5 5 5 5 5 5 5 5 5 4 1 1 1 1 1 3 2 5 5 4 2 5 5
0 16 5 5 5 5 5 5 5 5 5 5 4 1 3 2 1 1
0 22 5 5 5 5 5 5 5 5 5 5 4 1 3 2 1 1 3 3 1 1 4 2
0 10 4 5 5 4 3 5 5 4 2 5
0 17 5 5 5 5 5 5 5 5 5 5 2 4 4 5 5 4 3
0 19 5 5 5 5 5 5 5 5 5 5 4 1 1 1 1 1 3 2 5
0 7 4 5 5 4 3 5 5
0 5 5 5 2 1 1
0 10 5 5 4 5 5 3 3 5 5 4
0 11 5 5 5 5 5 5 5 5 5 5 4
0 20 5 5 5 5 4 1 1 1 1 1 4 2 5 5 4 3 1 1 1 1
0 9 5 5 5 5 2 2 2 2 5
0 19 5 5 5 5 2 2 2 2 5 5 3 3 1 1 1 1 3 2 1
0 31 5 5 5 5 5 5 5 5 5 5 4 1 1 1 1 1 3 2 5 5 4 2 5 5 3 3 1 1 1 1 1
0 13 5 5 5 5 5 5 5 5 4 4 2 1 1
0 11 5 5 4 5 5 3 2 1 3 3 5
0 8 5 5 5 5 4 5 5 4
0 3 5 5 2
0 15 5 5 4 5 5 3 3 5 5 4 2 1 1 4 2
0 19 5 5 5 5 5 5 5 5 5 5 4 1 3 2 1 1 3 3 1
0 22 5 5 4 5 5 3 2 1 3 3 5 5 3 3 5 5 3 3 5 5 4 2
0 16 5 5 5 5 4 1 1 1 1 1 4 2 5 5 4 3
0 24 5 5 5 5 5 5 5 5 4 4 2 1 1 1 1 1 3 3 1 1 1 3 3 4
0 12 5 5 5 5 5 5 4 5 5 4 3 1
0 22 5 5 5 5 4 1 1 1 1 1 4 2 5 5 4 3 1 1 1 1 4 2
0 9 5 5 5 5 5 5 5 5 2
0 10 5 5 5 5 5 5 5 5 2 2
0 11 5 5 5 5 2 1 1 1 1 3 3
0 3 5 5 5
0 3 2 2 2
0 11 4 5 5 4 3 5 5 4 2 5 5
0 15 5 5 5 5 5 5 5 5 4 4 2 1 1 1 1
0 18 5 5 4 5 5 3 2 1 3 3 5 5 3 3 5 5 3 3
0 10 5 5 4 1 1 1 1 4 2 5
0 14 5 5 5 5 5 5 5 5 5 5 4 1 1 1
0 12 5 5 4 1 1 1 1 4 2 5 5 3
0 20 5 5 5 5 5 5 5 5 5 5 4 5 5 4 2 1 1 1 1 1
0 13 5 5 5 5 5 5 5 5 5 5 2 4 4
0 6 4 5 5 4 3 5
0 9 4 5 5 4 3 5 5 4 2
0 12 5 5 5 5 2 2 2 2 5 5 3 3
0 12 5 5 5 5 5 5 5 5 5 5 4 5
0 11 5 5 5 5 4 1 1 1 1 1 4
0 12 5 5 4 5 5 3 3 5 5 4 2 1
0 16 5 5 5 5 2 2 2 2 5 5 3 3 1 1 1 1
0 5 5 5 5 5 4
0 20 5 5 5 5 5 5 5 5 5 5 4 1 3 2 1 1 3 3 1 1
0 9 5 5 4 5 5 3 2 1 3
0 15 5 5 5 5 5 5 5 5 5 5 4 5 5 4 2
0 10 5 5 5 5 5 5 4 5 5 3
0 10 5 5 4 5 5 3 2 1 3 3
0 11 5 5 4 1 1 1 1 4 2 5 5
0 11 5 5 5 5 5 5 5 5 4 4 2
0 19 5 5 5 5 5 5 5 5 5 5 4 5 5 4 2 1 1 1 1
0 11 5 5 5 5 2 2 2 2 5 5 3
0 7 5 5 4 1 1 1 1
0 37 5 5 5 5 5 5 5 5 5 5 4 1 1 1 1 1 3 2 5 5 4 2 5 5 3 3 1 1 1 1 1 4 2 5 5 4 3
0 12 5 5 5 5 4 1 1 1 1 1 4 2
0 19 5 5 5 5 4 1 1 1 1 1 4 2 5 5 4 3 1 1 1
0 25 5 5 5 5 5 5 5 5 5 5 4 1 1 1 1 1 3 2 5 5 4 2 5 5 3
0 14 5 5 5 5 5 5 4 5 5 3 3 1 1 3
0 9 5 5 5 5 2 1 1 1 1
0 33 5 5 5 5 5 5 5 5 5 5 4 1 1 1 1 1 3 2 5 5 4 2 5 5 3 3 1 1 1 1 1 4 2
0 7 5 5 5 5 5 5 4
0 36 5 5 5 5 5 5 5 5 5 5 4 1 1 1 1 1 3 2 5 5 4 2 5 5 3 3 1 1 1 1 1 4 2 5 5 4
0 23 5 5 5 5 4 1 1 1 1 1 4 2 5 5 4 3 1 1 1 1 4 2 5
0 8 5 5 4 5 5 3 3 5
0 8 5 5 5 5 2 1 1 1
0 26 5 5 5 5 5 5 5 5 5 5 4 1 1 1 1 1 3 2 5 5 4 2 5 5 3 3
0 12 5 5 5 5 5 5 5 5 2 2 2 5
0 18 5 5 5 5 5 5 5 5 5 5 4 5 5 4 2 1 1 1
0 8 5 5 5 5 5 5 4 5
0 22 5 5 5 5 5 5 5 5 5 5 4 5 5 4 2 1 1 1 1 1 4 3
0 3 5 5 4
0 23 5 5 5 5 5 5 5 5 5 5 4 1 1 1 1 1 3 2 5 5 4 2 5
0 21 5 5 5 5 5 5 5 5 4 4 2 1 1 1 1 1 3 3 1 1 1
0 13 5 5 5 5 5 5 5 5 5 5 4 1 1
0 17 5 5 5 5 5 5 5 5 5 5 4 1 1 1 1 1 3
0 14 5 5 5 5 4 1 1 1 1 1 4 2 5 5
0 10 5 5 5 5 5 5 4 5 5 4
0 9 5 5 5 5 4 1 1 1 1
0 9 5 5 5 5 5 5 5 5 4
0 12 5 5 5 5 5 5 5 5 5 5 2 4
0 7 5 5 5 5 5 5 1
0 14 5 5 4 1 1 1 1 4 2 5 5 3 3 1
0 13 5 5 5 5 5 5 5 5 2 2 4 4 4
0 11 5 5 5 5 5 5 5 5 2 2 2
0 10 5 5 5 5 4 5 5 4 2 5
0 14 5 5 5 5 5 5 5 5 4 4 2 1 1 1
0 4 5 5 5 5
0 7 5 5 4 5 5 3 3
0 9 5 5 2 1 1 1 4 2 5
0 7 5 5 5 5 5 5 5
0 9 5 5 5 5 4 5 5 4 2
0 25 5 5 5 5 5 5 5 5 4 4 2 1 1 1 1 1 3 3 1 1 1 3 3 4 3
0 8 5 5 5 5 5 5 4 1
0 14 5 5 4 5 5 3 3 5 5 4 2 1 1 4
0 14 5 5 5 5 5 5 5 5 2 2 4 4 4 1
0 13 5 5 5 5 5 5 5 5 5 5 4 1 3
0 16 5 5 5 5 5 5 5 5 5 5 4 1 1 1 1 1
0 6 5 5 5 5 4 5
0 16 5 5 5 5 5 5 4 5 5 3 3 1 1 3 2 5
0 27 5 5 5 5 5 5 5 5 5 5 4 1 1 1 1 1 3 2 5 5 4 2 5 5 3 3 1
0 10 5 5 5 5 4 1 1 1 1 1
0 28 5 5 5 5 5 5 5 5 5 5 4 1 1 1 1 1 3 2 5 5 4 2 5 5 3 3 1 1
