459 6
1 0 
1 89 5 5 5 1 2 1 0 1 0 1 1 5 5 5 3 3 3 5 0 2 4 4 2 3 4 2 2 3 3 3 3 3 2 3 4 5 0 5 2 5 0 0 5 0 2 0 0 0 0 0 0 0 0 0 0 0 0 1 0 0 0 0 1 0 4 1 4 5 4 0 5 5 5 5 3 5 3 4 5 3 1 0 3 2 3 2 3 2 2
1 24 3 5 2 5 5 5 5 0 3 0 5 5 5 5 3 2 4 3 2 3 2 3 2 2
1 2 3 5
1 64 5 5 5 5 0 0 0 0 0 0 0 0 0 0 1 1 1 1 0 0 0 0 0 0 0 0 0 0 1 1 1 1 1 0 0 0 0 0 0 0 0 0 0 1 0 0 0 0 0 0 1 0 0 0 0 0 0 5 4 5 4 5 4 0
1 14 3 5 3 5 3 5 3 5 3 5 5 0 1 1
1 34 5 0 1 2 1 0 1 2 1 0 1 1 5 5 5 1 0 1 2 1 1 5 1 0 1 0 1 0 1 2 1 1 2 5
1 46 3 5 3 5 0 5 4 0 5 1 0 0 5 4 5 3 5 3 5 3 4 3 2 3 2 2 5 5 2 3 2 3 2 4 4 1 4 2 2 5 2 5 2 5 2 5
1 7 1 4 2 2 3 2 2
1 25 2 5 2 5 2 5 3 5 2 5 2 5 1 4 1 4 1 4 1 4 0 5 0 1 1
1 52 0 0 0 0 0 0 0 0 1 1 0 0 1 1 1 4 0 4 1 4 1 4 5 4 0 1 4 1 4 0 4 1 4 0 4 5 4 5 4 5 4 5 4 5 4 0 5 5 0 5 0 2
1 73 0 0 0 0 0 0 0 0 0 0 0 0 1 1 1 0 0 1 1 1 1 0 0 0 0 0 0 0 0 1 1 1 1 1 1 1 1 1 5 4 0 3 2 2 5 1 4 3 2 4 2 5 5 3 5 5 5 5 5 5 3 0 0 2 3 3 3 4 3 5 5 0 2
1 104 2 5 3 5 2 5 2 5 2 5 5 5 5 5 5 3 3 4 3 0 0 5 2 5 5 0 2 0 0 5 2 3 3 3 3 3 0 5 2 3 5 0 5 2 0 5 5 2 4 3 3 3 3 0 0 0 0 0 0 0 0 0 0 1 1 1 1 0 0 0 0 0 0 0 0 0 0 1 1 1 1 1 0 0 0 0 0 0 0 0 0 0 1 1 1 1 1 0 4 0 4 0 3 5
1 8 1 1 3 5 3 5 3 5
1 33 5 1 2 5 1 5 1 5 1 5 1 5 1 2 5 3 5 3 5 5 0 1 2 1 0 1 2 1 0 1 2 1 1
1 53 5 1 0 1 2 1 2 1 2 1 1 3 5 2 5 0 0 0 0 0 0 1 1 1 1 1 1 0 0 0 0 0 0 0 0 0 0 1 1 1 0 0 0 0 1 1 0 4 5 4 0 3 5
1 33 3 5 2 5 3 5 2 5 3 5 3 5 2 5 2 5 3 5 4 4 5 3 5 3 4 0 5 1 0 5 5 5 5
1 12 5 5 5 3 2 4 1 4 2 2 4 2
1 45 5 4 0 0 0 1 1 1 1 0 0 1 1 1 1 1 0 0 0 0 0 0 0 0 1 1 1 0 4 5 4 0 5 5 3 2 1 4 1 4 1 4 1 4 2
1 24 2 5 3 5 2 3 2 4 3 2 3 2 2 5 5 3 2 4 2 1 4 1 4 2
1 6 3 5 2 5 3 5
1 44 2 2 5 2 5 3 5 2 5 2 5 0 5 4 5 3 5 3 5 3 4 4 1 0 0 5 1 0 0 5 4 1 0 3 2 1 4 2 0 5 1 0 1 0
1 130 2 5 5 3 3 3 3 5 5 0 5 2 5 0 0 0 2 5 2 3 3 3 3 3 3 0 5 0 0 2 0 5 0 0 0 2 3 3 3 3 5 5 0 0 2 4 3 2 3 3 3 0 0 0 0 1 1 1 1 1 0 0 0 0 0 0 0 0 0 0 1 1 1 0 4 0 4 5 4 5 4 0 5 0 4 4 0 5 5 5 2 5 0 2 0 2 3 3 3 5 5 0 5 5 2 5 0 2 3 3 3 3 3 3 3 2 2 0 5 1 0 3 2 1 4 2 2 5 5 2
1 16 1 0 5 1 5 1 5 0 3 5 2 5 2 5 2 5
1 22 3 5 3 5 2 5 3 5 3 5 3 5 5 3 2 1 4 2 1 4 2 5
1 59 5 5 3 2 4 2 4 5 3 4 0 5 4 4 1 0 5 3 4 4 5 3 1 0 4 0 0 1 1 1 1 0 0 0 0 0 0 0 0 1 0 4 0 4 0 4 1 4 0 4 5 4 5 4 0 2 5 2 5
1 39 1 1 1 1 0 0 0 0 0 0 0 0 0 0 1 1 1 1 0 0 0 0 0 0 0 0 1 4 5 4 5 4 5 4 0 3 5 3 5
1 74 0 0 0 0 0 0 0 0 1 1 0 0 0 0 0 0 1 1 1 1 1 4 0 4 1 4 1 4 5 4 5 4 5 4 0 0 0 1 1 0 0 0 0 1 1 1 0 0 0 0 0 0 0 0 0 0 1 1 1 0 0 1 1 1 4 0 4 1 4 5 4 5 4 0
1 3 0 3 5
1 27 1 4 0 4 1 4 5 4 5 4 5 4 5 4 0 0 0 1 5 4 5 4 5 4 5 4 0
0 28 0 0 1 1 1 1 1 0 0 0 0 0 0 1 1 1 1 4 1 4 0 4 0 4 1 4 5 4
0 4 1 4 3 2
0 41 3 5 2 5 2 5 3 5 2 5 2 5 2 5 5 0 5 2 0 2 5 2 5 0 0 2 0 0 2 4 4 4 3 3 3 3 3 3 3 1 4
0 18 0 0 0 4 1 4 1 4 1 4 5 4 5 4 5 4 5 4
0 32 3 5 3 5 2 5 2 5 2 5 5 5 1 4 3 2 3 2 3 2 4 2 3 2 3 2 3 2 1 4 2 1
0 133 0 0 0 0 0 0 0 0 0 0 0 0 0 0 0 0 0 0 1 0 0 0 0 0 0 0 0 0 0 0 0 1 1 1 1 0 4 0 4 1 4 1 4 5 4 5 4 5 4 0 5 5 5 0 0 5 2 4 3 5 0 5 0 0 2 4 2 0 2 3 3 4 3 0 0 5 0 2 3 3 3 3 0 5 2 0 2 5 5 2 4 4 0 0 0 0 1 1 1 0 0 0 0 1 1 1 1 1 0 0 0 0 0 0 0 0 0 0 1 0 0 0 0 0 0 0 0 0 0 1 4 5 4
0 16 3 2 4 3 2 3 2 1 4 2 1 4 2 1 4 1
0 22 0 4 1 4 0 0 0 1 1 0 0 1 5 4 5 4 0 0 0 1 1 1
0 55 5 0 3 3 3 3 0 5 5 5 2 3 3 3 5 5 0 0 5 2 3 3 3 3 3 5 5 5 5 5 2 5 5 2 0 2 0 2 3 3 3 3 3 0 0 0 4 0 4 1 4 1 4 5 4
0 23 2 5 2 5 3 5 2 5 0 0 1 1 1 1 0 0 0 0 0 0 0 0 1
0 44 0 0 0 0 0 0 0 0 0 0 0 0 0 0 0 0 0 0 1 0 0 0 0 0 0 0 0 0 0 0 0 1 1 1 1 0 4 0 4 1 4 1 4 5
0 30 0 0 0 0 1 1 1 1 0 4 0 4 0 4 5 4 5 4 5 4 0 5 3 5 3 4 5 3 4 1
0 51 2 5 2 5 2 5 4 4 1 4 4 2 5 5 5 5 1 4 3 2 3 2 3 2 2 5 0 0 4 1 4 0 4 0 4 1 4 5 4 5 4 5 4 0 0 0 1 1 1 1 1
0 28 0 0 0 0 0 0 1 1 1 0 0 0 0 0 0 1 1 1 1 1 1 0 0 0 0 0 0 1
0 43 2 5 2 5 2 5 4 4 1 4 4 2 5 5 5 5 1 4 3 2 3 2 3 2 2 5 0 0 4 1 4 0 4 0 4 1 4 5 4 5 4 5 4
0 79 0 0 0 0 0 0 0 0 0 0 1 1 1 1 0 0 0 0 0 0 0 0 0 0 0 0 0 0 0 0 1 0 0 0 0 1 0 4 1 4 5 4 5 4 5 4 0 0 0 0 0 1 1 1 1 1 1 1 0 0 0 0 0 0 1 0 0 0 0 1 1 4 1 4 5 4 5 4 5
0 54 3 5 3 5 2 5 2 5 2 5 5 5 1 4 3 2 3 2 3 2 4 2 3 2 3 2 3 2 1 4 2 1 4 2 5 5 5 5 5 5 1 0 4 0 4 1 4 5 4 5 4 5 4 5
0 65 3 5 0 0 0 0 1 1 1 1 1 1 0 0 0 0 0 0 0 0 0 0 1 1 1 4 1 4 0 4 0 4 5 4 5 4 0 3 5 2 5 2 5 1 4 0 4 1 4 5 4 0 0 0 0 0 1 1 1 1 0 0 0 0 1
0 108 0 0 0 0 0 0 1 1 1 0 0 0 0 0 0 1 1 1 1 1 1 0 0 0 0 0 0 1 1 1 1 0 0 0 4 0 4 1 4 0 4 5 4 5 4 0 5 5 5 3 4 4 4 4 0 5 4 3 2 3 2 3 2 3 2 3 2 2 0 0 1 1 1 1 1 0 0 0 0 0 0 0 0 1 0 0 0 0 0 0 1 1 1 0 0 0 0 0 0 0 0 0 0 1 4 0 4 1
0 3 0 0 1
0 70 3 5 0 0 0 0 1 1 1 1 1 1 0 0 0 0 0 0 0 0 0 0 1 1 1 4 1 4 0 4 0 4 5 4 5 4 0 3 5 2 5 2 5 1 4 0 4 1 4 5 4 0 0 0 0 0 1 1 1 1 0 0 0 0 1 4 5 4 5 4
0 39 0 0 0 0 0 0 1 1 1 0 0 0 0 0 0 1 1 1 1 1 1 0 0 0 0 0 0 1 1 1 1 0 0 0 4 0 4 1 4
0 73 0 0 0 0 0 0 1 1 1 0 0 0 0 0 0 1 1 1 1 1 1 0 0 0 0 0 0 1 1 1 1 0 0 0 4 0 4 1 4 0 4 5 4 5 4 0 5 5 5 3 4 4 4 4 0 5 4 3 2 3 2 3 2 3 2 3 2 2 0 0 1 1 1
0 40 0 0 0 0 0 0 0 0 0 0 1 1 1 1 0 0 0 0 0 0 0 0 0 0 0 0 0 0 0 0 1 0 0 0 0 1 0 4 1 4
0 7 1 1 1 1 0 4 1
0 15 0 0 0 0 0 0 0 0 1 1 0 0 1 1 1
0 33 1 4 3 2 3 2 3 2 1 4 2 2 5 2 5 5 1 2 1 0 1 0 1 2 1 4 1 4 5 4 5 4 5
0 77 3 5 2 5 3 5 0 5 0 5 5 5 3 2 1 4 3 2 4 2 5 5 5 5 1 2 1 2 1 2 1 0 1 0 3 5 2 5 3 5 0 0 0 0 0 0 0 0 0 0 0 0 0 0 0 0 0 0 1 1 0 0 1 0 0 0 0 1 4 1 4 1 4 0 4 1 4
0 10 1 4 3 2 3 2 3 2 1 4
0 57 2 5 3 5 1 1 1 0 0 1 1 1 1 0 0 0 0 0 0 0 0 0 0 0 0 0 0 0 0 0 0 0 0 1 1 1 1 0 0 0 0 0 0 1 1 1 4 1 4 0 0 0 0 0 1 1 1
0 30 3 5 3 5 2 5 2 5 2 5 5 5 1 4 3 2 3 2 3 2 4 2 3 2 3 2 3 2 1 4
0 30 0 0 0 0 1 1 1 0 0 0 0 0 0 0 0 0 0 1 1 1 1 1 1 1 1 0 0 1 1 1
0 174 0 0 0 0 0 0 0 0 0 0 0 0 0 0 0 0 0 0 1 0 0 0 0 0 0 0 0 0 0 0 0 1 1 1 1 0 4 0 4 1 4 1 4 5 4 5 4 5 4 0 5 5 5 0 0 5 2 4 3 5 0 5 0 0 2 4 2 0 2 3 3 4 3 0 0 5 0 2 3 3 3 3 0 5 2 0 2 5 5 2 4 4 0 0 0 0 1 1 1 0 0 0 0 1 1 1 1 1 0 0 0 0 0 0 0 0 0 0 1 0 0 0 0 0 0 0 0 0 0 1 4 5 4 5 4 0 0 0 0 0 0 0 1 1 1 0 0 0 0 0 0 0 0 0 0 0 0 0 0 0 0 0 0 0 0 1 1 1 0 0 1 1 1 4
0 11 2 5 2 5 3 5 2 5 0 0 1
0 3 1 1 1
0 113 0 0 0 0 0 0 1 1 1 0 0 0 0 0 0 1 1 1 1 1 1 0 0 0 0 0 0 1 1 1 1 0 0 0 4 0 4 1 4 0 4 5 4 5 4 0 5 5 5 3 4 4 4 4 0 5 4 3 2 3 2 3 2 3 2 3 2 2 0 0 1 1 1 1 1 0 0 0 0 0 0 0 0 1 0 0 0 0 0 0 1 1 1 0 0 0 0 0 0 0 0 0 0 1 4 0 4 1 4 1 4 1 4
0 18 0 0 0 0 1 1 1 0 0 0 0 0 0 0 0 0 0 1
0 11 2 5 2 5 2 5 4 4 1 4 4
0 27 1 4 3 2 3 2 3 2 1 4 2 2 5 2 5 5 1 2 1 0 1 0 1 2 1 4 1
0 19 0 0 1 1 1 1 1 0 0 0 0 0 0 1 1 1 1 4 1
0 26 0 0 0 0 0 0 0 0 1 1 1 1 0 0 1 1 1 0 0 0 0 0 0 1 1 1
0 4 5 1 2 1
0 30 5 2 3 2 2 1 4 3 2 4 2 4 2 2 5 5 5 5 5 5 5 5 5 5 2 1 4 3 2 3
0 6 3 2 1 4 3 2
0 45 1 1 1 1 0 4 1 4 0 4 1 4 5 4 5 4 5 4 0 4 4 1 4 1 4 2 5 5 1 4 2 3 2 3 2 2 2 5 5 5 5 5 1 2 1
0 26 0 0 1 1 1 1 1 0 0 0 0 0 0 1 1 1 1 4 1 4 0 4 0 4 1 4
0 27 0 0 1 1 1 1 1 0 0 0 0 0 0 1 1 1 1 4 1 4 0 4 0 4 1 4 5
0 36 2 5 2 5 3 5 2 5 0 0 1 1 1 1 0 0 0 0 0 0 0 0 1 1 1 1 1 0 0 0 0 0 0 0 0 1
0 130 0 0 0 0 0 0 0 0 0 0 0 0 0 0 0 0 0 0 1 0 0 0 0 0 0 0 0 0 0 0 0 1 1 1 1 0 4 0 4 1 4 1 4 5 4 5 4 5 4 0 5 5 5 0 0 5 2 4 3 5 0 5 0 0 2 4 2 0 2 3 3 4 3 0 0 5 0 2 3 3 3 3 0 5 2 0 2 5 5 2 4 4 0 0 0 0 1 1 1 0 0 0 0 1 1 1 1 1 0 0 0 0 0 0 0 0 0 0 1 0 0 0 0 0 0 0 0 0 0 1
0 15 0 0 0 0 0 0 0 0 1 1 1 1 0 0 1
0 35 1 4 3 2 3 2 3 2 1 4 2 2 5 2 5 5 1 2 1 0 1 0 1 2 1 4 1 4 5 4 5 4 5 4 5
0 20 0 4 1 4 0 0 0 1 1 0 0 1 5 4 5 4 0 0 0 1
0 22 0 0 0 0 1 1 1 0 0 0 0 0 0 0 0 0 0 1 1 1 1 1
0 30 5 0 0 5 1 0 2 5 2 5 3 5 3 5 5 5 1 4 3 2 2 3 2 4 1 4 3 2 3 2
0 73 3 5 2 5 3 5 0 5 0 5 5 5 3 2 1 4 3 2 4 2 5 5 5 5 1 2 1 2 1 2 1 0 1 0 3 5 2 5 3 5 0 0 0 0 0 0 0 0 0 0 0 0 0 0 0 0 0 0 1 1 0 0 1 0 0 0 0 1 4 1 4 1 4
0 28 5 2 3 2 2 1 4 3 2 4 2 4 2 2 5 5 5 5 5 5 5 5 5 5 2 1 4 3
0 39 0 0 0 0 0 0 0 0 0 0 1 1 1 1 0 0 0 0 0 0 0 0 0 0 0 0 0 0 0 0 1 0 0 0 0 1 0 4 1
0 32 0 4 1 4 0 0 0 1 1 0 0 1 5 4 5 4 0 0 0 1 1 1 1 0 0 0 0 0 0 0 0 1
0 49 1 1 1 1 0 4 1 4 0 4 1 4 5 4 5 4 5 4 0 4 4 1 4 1 4 2 5 5 1 4 2 3 2 3 2 2 2 5 5 5 5 5 1 2 1 0 1 2 1
0 87 5 0 3 3 3 3 0 5 5 5 2 3 3 3 5 5 0 0 5 2 3 3 3 3 3 5 5 5 5 5 2 5 5 2 0 2 0 2 3 3 3 3 3 0 0 0 4 0 4 1 4 1 4 5 4 5 4 5 4 5 4 0 1 0 0 0 0 0 0 0 0 0 0 1 0 0 0 0 0 0 1 1 1 1 0 0 1
0 56 5 0 3 3 3 3 0 5 5 5 2 3 3 3 5 5 0 0 5 2 3 3 3 3 3 5 5 5 5 5 2 5 5 2 0 2 0 2 3 3 3 3 3 0 0 0 4 0 4 1 4 1 4 5 4 5
0 38 2 5 2 5 2 5 4 4 1 4 4 2 5 5 5 5 1 4 3 2 3 2 3 2 2 5 0 0 4 1 4 0 4 0 4 1 4 5
0 37 1 4 3 2 3 2 3 2 1 4 2 2 5 2 5 5 1 2 1 0 1 0 1 2 1 4 1 4 5 4 5 4 5 4 5 4 5
0 11 0 0 0 0 0 0 0 0 0 0 1
0 17 3 2 4 3 2 3 2 1 4 2 1 4 2 1 4 1 4
0 106 0 0 0 0 0 0 0 0 0 0 0 0 0 0 0 0 0 0 1 0 0 0 0 0 0 0 0 0 0 0 0 1 1 1 1 0 4 0 4 1 4 1 4 5 4 5 4 5 4 0 5 5 5 0 0 5 2 4 3 5 0 5 0 0 2 4 2 0 2 3 3 4 3 0 0 5 0 2 3 3 3 3 0 5 2 0 2 5 5 2 4 4 0 0 0 0 1 1 1 0 0 0 0 1 1 1
0 65 0 0 0 0 1 1 1 0 0 0 0 0 0 0 0 0 0 1 1 1 1 1 1 1 1 0 0 1 1 1 1 1 1 4 0 4 5 4 5 4 5 4 5 4 0 3 5 2 5 2 5 2 5 2 5 0 0 0 0 1 0 0 1 1 1
0 31 1 1 1 0 0 0 0 0 0 0 0 1 1 0 0 0 0 0 0 0 0 1 1 1 1 1 0 4 1 4 1
0 33 3 5 3 5 2 5 2 5 2 5 5 5 1 4 3 2 3 2 3 2 4 2 3 2 3 2 3 2 1 4 2 1 4
0 102 5 0 3 3 3 3 0 5 5 5 2 3 3 3 5 5 0 0 5 2 3 3 3 3 3 5 5 5 5 5 2 5 5 2 0 2 0 2 3 3 3 3 3 0 0 0 4 0 4 1 4 1 4 5 4 5 4 5 4 5 4 0 1 0 0 0 0 0 0 0 0 0 0 1 0 0 0 0 0 0 1 1 1 1 0 0 1 1 1 0 0 0 0 0 0 0 0 0 0 1 1 1
0 38 0 4 1 4 0 0 0 1 1 0 0 1 5 4 5 4 0 0 0 1 1 1 1 0 0 0 0 0 0 0 0 1 1 1 1 1 1 1
0 75 0 0 0 0 0 0 0 0 0 0 1 1 1 1 0 0 0 0 0 0 0 0 0 0 0 0 0 0 0 0 1 0 0 0 0 1 0 4 1 4 5 4 5 4 5 4 0 0 0 0 0 1 1 1 1 1 1 1 0 0 0 0 0 0 1 0 0 0 0 1 1 4 1 4 5
0 132 0 0 0 0 0 0 0 0 0 0 0 0 0 0 0 0 0 0 1 0 0 0 0 0 0 0 0 0 0 0 0 1 1 1 1 0 4 0 4 1 4 1 4 5 4 5 4 5 4 0 5 5 5 0 0 5 2 4 3 5 0 5 0 0 2 4 2 0 2 3 3 4 3 0 0 5 0 2 3 3 3 3 0 5 2 0 2 5 5 2 4 4 0 0 0 0 1 1 1 0 0 0 0 1 1 1 1 1 0 0 0 0 0 0 0 0 0 0 1 0 0 0 0 0 0 0 0 0 0 1 4 5
0 44 2 5 2 5 3 5 2 5 0 0 1 1 1 1 0 0 0 0 0 0 0 0 1 1 1 1 1 0 0 0 0 0 0 0 0 1 1 1 1 1 1 1 1 1
0 6 5 1 2 1 2 1
0 29 5 2 3 2 2 1 4 3 2 4 2 4 2 2 5 5 5 5 5 5 5 5 5 5 2 1 4 3 2
0 9 0 0 0 0 0 0 0 0 1
0 11 3 2 4 3 2 3 2 1 4 2 1
0 8 5 1 2 1 2 1 2 1
0 62 0 4 1 4 0 0 0 1 1 0 0 1 5 4 5 4 0 0 0 1 1 1 1 0 0 0 0 0 0 0 0 1 1 1 1 1 1 1 0 0 0 0 0 0 0 0 0 0 1 1 4 5 4 5 4 5 4 0 5 1 0 1
0 29 1 1 1 0 0 0 0 0 0 0 0 1 1 0 0 0 0 0 0 0 0 1 1 1 1 1 0 4 1
0 30 1 4 3 2 3 2 3 2 1 4 2 2 5 2 5 5 1 2 1 0 1 0 1 2 1 4 1 4 5 4
0 26 1 1 1 0 0 0 0 0 0 0 0 1 1 0 0 0 0 0 0 0 0 1 1 1 1 1
0 41 5 2 5 4 5 3 5 3 5 3 4 1 0 5 3 4 4 4 1 4 3 2 2 3 2 3 2 3 2 3 2 3 2 2 2 2 1 4 3 2 1
0 52 5 0 3 3 3 3 0 5 5 5 2 3 3 3 5 5 0 0 5 2 3 3 3 3 3 5 5 5 5 5 2 5 5 2 0 2 0 2 3 3 3 3 3 0 0 0 4 0 4 1 4 1
0 60 2 5 2 5 2 5 4 4 1 4 4 2 5 5 5 5 1 4 3 2 3 2 3 2 2 5 0 0 4 1 4 0 4 0 4 1 4 5 4 5 4 5 4 0 0 0 1 1 1 1 1 0 0 0 0 0 0 1 1 1
0 25 2 5 2 5 3 5 2 5 0 0 1 1 1 1 0 0 0 0 0 0 0 0 1 1 1
0 45 0 0 0 0 0 0 0 0 0 0 0 0 0 0 0 0 0 0 1 0 0 0 0 0 0 0 0 0 0 0 0 1 1 1 1 0 4 0 4 1 4 1 4 5 4
0 46 0 0 0 0 0 0 0 0 1 1 0 0 1 1 1 1 1 0 0 0 0 0 0 0 0 0 0 0 0 0 0 1 1 1 0 4 5 4 5 4 0 4 3 2 1 4
0 8 3 2 1 4 3 2 1 4
0 38 1 4 3 2 3 2 3 2 1 4 2 2 5 2 5 5 1 2 1 0 1 0 1 2 1 4 1 4 5 4 5 4 5 4 5 4 5 4
0 55 2 5 3 5 1 1 1 0 0 1 1 1 1 0 0 0 0 0 0 0 0 0 0 0 0 0 0 0 0 0 0 0 0 1 1 1 1 0 0 0 0 0 0 1 1 1 4 1 4 0 0 0 0 0 1
0 15 1 1 1 1 0 4 1 4 0 4 1 4 5 4 5
0 60 0 0 0 0 1 1 1 0 0 0 0 0 0 0 0 0 0 1 1 1 1 1 1 1 1 0 0 1 1 1 1 1 1 4 0 4 5 4 5 4 5 4 5 4 0 3 5 2 5 2 5 2 5 2 5 0 0 0 0 1
0 99 0 0 0 0 0 0 0 0 0 0 0 0 0 0 0 0 0 0 1 0 0 0 0 0 0 0 0 0 0 0 0 1 1 1 1 0 4 0 4 1 4 1 4 5 4 5 4 5 4 0 5 5 5 0 0 5 2 4 3 5 0 5 0 0 2 4 2 0 2 3 3 4 3 0 0 5 0 2 3 3 3 3 0 5 2 0 2 5 5 2 4 4 0 0 0 0 1 1 1
0 18 3 5 2 5 3 5 0 5 0 5 5 5 3 2 1 4 3 2
0 168 0 0 0 0 0 0 0 0 0 0 0 0 0 0 0 0 0 0 1 0 0 0 0 0 0 0 0 0 0 0 0 1 1 1 1 0 4 0 4 1 4 1 4 5 4 5 4 5 4 0 5 5 5 0 0 5 2 4 3 5 0 5 0 0 2 4 2 0 2 3 3 4 3 0 0 5 0 2 3 3 3 3 0 5 2 0 2 5 5 2 4 4 0 0 0 0 1 1 1 0 0 0 0 1 1 1 1 1 0 0 0 0 0 0 0 0 0 0 1 0 0 0 0 0 0 0 0 0 0 1 4 5 4 5 4 0 0 0 0 0 0 0 1 1 1 0 0 0 0 0 0 0 0 0 0 0 0 0 0 0 0 0 0 0 0 1 1 1
0 50 3 5 2 5 2 5 3 5 2 5 2 5 2 5 5 0 5 2 0 2 5 2 5 0 0 2 0 0 2 4 4 4 3 3 3 3 3 3 3 1 4 2 5 3 2 3 2 1 4 1
0 36 2 5 2 5 2 5 4 4 1 4 4 2 5 5 5 5 1 4 3 2 3 2 3 2 2 5 0 0 4 1 4 0 4 0 4 1
0 115 0 0 0 0 0 0 1 1 1 0 0 0 0 0 0 1 1 1 1 1 1 0 0 0 0 0 0 1 1 1 1 0 0 0 4 0 4 1 4 0 4 5 4 5 4 0 5 5 5 3 4 4 4 4 0 5 4 3 2 3 2 3 2 3 2 3 2 2 0 0 1 1 1 1 1 0 0 0 0 0 0 0 0 1 0 0 0 0 0 0 1 1 1 0 0 0 0 0 0 0 0 0 0 1 4 0 4 1 4 1 4 1 4 5 4
0 41 2 5 2 5 2 5 4 4 1 4 4 2 5 5 5 5 1 4 3 2 3 2 3 2 2 5 0 0 4 1 4 0 4 0 4 1 4 5 4 5 4
0 73 0 0 0 0 0 0 0 0 0 0 1 1 1 1 0 0 0 0 0 0 0 0 0 0 0 0 0 0 0 0 1 0 0 0 0 1 0 4 1 4 5 4 5 4 5 4 0 0 0 0 0 1 1 1 1 1 1 1 0 0 0 0 0 0 1 0 0 0 0 1 1 4 1
0 11 3 5 0 0 0 0 1 1 1 1 1
0 71 5 4 0 5 0 0 2 4 3 5 2 3 3 3 3 3 5 0 5 2 0 0 0 5 2 3 3 3 3 3 0 5 5 5 2 3 3 3 3 3 3 4 2 4 3 5 5 5 5 0 2 3 3 3 3 3 3 5 3 5 3 5 0 0 0 0 0 0 1 1 1
0 116 0 0 0 0 0 0 1 1 1 0 0 0 0 0 0 1 1 1 1 1 1 0 0 0 0 0 0 1 1 1 1 0 0 0 4 0 4 1 4 0 4 5 4 5 4 0 5 5 5 3 4 4 4 4 0 5 4 3 2 3 2 3 2 3 2 3 2 2 0 0 1 1 1 1 1 0 0 0 0 0 0 0 0 1 0 0 0 0 0 0 1 1 1 0 0 0 0 0 0 0 0 0 0 1 4 0 4 1 4 1 4 1 4 5 4 5
0 12 0 4 1 4 0 0 0 1 1 0 0 1
0 45 2 5 2 5 3 5 2 5 0 0 1 1 1 1 0 0 0 0 0 0 0 0 1 1 1 1 1 0 0 0 0 0 0 0 0 1 1 1 1 1 1 1 1 1 5
0 104 0 0 0 0 0 0 0 0 0 0 0 0 0 0 0 0 0 0 1 0 0 0 0 0 0 0 0 0 0 0 0 1 1 1 1 0 4 0 4 1 4 1 4 5 4 5 4 5 4 0 5 5 5 0 0 5 2 4 3 5 0 5 0 0 2 4 2 0 2 3 3 4 3 0 0 5 0 2 3 3 3 3 0 5 2 0 2 5 5 2 4 4 0 0 0 0 1 1 1 0 0 0 0 1
0 40 3 5 2 5 2 5 3 5 2 5 2 5 2 5 5 0 5 2 0 2 5 2 5 0 0 2 0 0 2 4 4 4 3 3 3 3 3 3 3 1
0 48 3 5 2 5 2 5 3 5 2 5 2 5 2 5 5 0 5 2 0 2 5 2 5 0 0 2 0 0 2 4 4 4 3 3 3 3 3 3 3 1 4 2 5 3 2 3 2 1
0 58 0 0 0 0 0 0 0 0 0 0 1 1 1 1 0 0 0 0 0 0 0 0 0 0 0 0 0 0 0 0 1 0 0 0 0 1 0 4 1 4 5 4 5 4 5 4 0 0 0 0 0 1 1 1 1 1 1 1
0 7 1 4 3 2 3 2 3
0 46 0 0 0 0 0 0 0 0 0 0 0 0 0 0 0 0 0 0 1 0 0 0 0 0 0 0 0 0 0 0 0 1 1 1 1 0 4 0 4 1 4 1 4 5 4 5
0 12 1 1 1 0 0 0 0 0 0 0 0 1
0 51 3 5 0 0 0 0 1 1 1 1 1 1 0 0 0 0 0 0 0 0 0 0 1 1 1 4 1 4 0 4 0 4 5 4 5 4 0 3 5 2 5 2 5 1 4 0 4 1 4 5 4
0 11 0 0 0 4 1 4 1 4 1 4 5
0 61 2 5 3 5 1 1 1 0 0 1 1 1 1 0 0 0 0 0 0 0 0 0 0 0 0 0 0 0 0 0 0 0 0 1 1 1 1 0 0 0 0 0 0 1 1 1 4 1 4 0 0 0 0 0 1 1 1 0 5 0 1
0 38 5 2 5 4 5 3 5 3 5 3 4 1 0 5 3 4 4 4 1 4 3 2 2 3 2 3 2 3 2 3 2 3 2 2 2 2 1 4
0 59 5 0 3 3 3 3 0 5 5 5 2 3 3 3 5 5 0 0 5 2 3 3 3 3 3 5 5 5 5 5 2 5 5 2 0 2 0 2 3 3 3 3 3 0 0 0 4 0 4 1 4 1 4 5 4 5 4 5 4
0 5 3 2 1 4 3
0 19 1 4 3 2 3 2 3 2 1 4 2 2 5 2 5 5 1 2 1
0 56 0 0 0 0 0 0 0 0 0 0 1 1 1 1 0 0 0 0 0 0 0 0 0 0 0 0 0 0 0 0 1 0 0 0 0 1 0 4 1 4 5 4 5 4 5 4 0 0 0 0 0 1 1 1 1 1
0 28 5 0 0 5 1 0 2 5 2 5 3 5 3 5 5 5 1 4 3 2 2 3 2 4 1 4 3 2
0 66 3 5 0 0 0 0 1 1 1 1 1 1 0 0 0 0 0 0 0 0 0 0 1 1 1 4 1 4 0 4 0 4 5 4 5 4 0 3 5 2 5 2 5 1 4 0 4 1 4 5 4 0 0 0 0 0 1 1 1 1 0 0 0 0 1 4
0 67 0 0 0 0 1 1 1 0 0 0 0 0 0 0 0 0 0 1 1 1 1 1 1 1 1 0 0 1 1 1 1 1 1 4 0 4 5 4 5 4 5 4 5 4 0 3 5 2 5 2 5 2 5 2 5 0 0 0 0 1 0 0 1 1 1 4 1
0 26 5 2 3 2 2 1 4 3 2 4 2 4 2 2 5 5 5 5 5 5 5 5 5 5 2 1
0 105 0 0 0 0 0 0 1 1 1 0 0 0 0 0 0 1 1 1 1 1 1 0 0 0 0 0 0 1 1 1 1 0 0 0 4 0 4 1 4 0 4 5 4 5 4 0 5 5 5 3 4 4 4 4 0 5 4 3 2 3 2 3 2 3 2 3 2 2 0 0 1 1 1 1 1 0 0 0 0 0 0 0 0 1 0 0 0 0 0 0 1 1 1 0 0 0 0 0 0 0 0 0 0 1 4
0 69 5 4 0 5 0 0 2 4 3 5 2 3 3 3 3 3 5 0 5 2 0 0 0 5 2 3 3 3 3 3 0 5 5 5 2 3 3 3 3 3 3 4 2 4 3 5 5 5 5 0 2 3 3 3 3 3 3 5 3 5 3 5 0 0 0 0 0 0 1
0 44 0 0 0 0 0 0 0 0 0 0 1 1 1 1 0 0 0 0 0 0 0 0 0 0 0 0 0 0 0 0 1 0 0 0 0 1 0 4 1 4 5 4 5 4
0 28 1 4 3 2 3 2 3 2 1 4 2 2 5 2 5 5 1 2 1 0 1 0 1 2 1 4 1 4
0 40 2 5 2 5 3 5 2 5 0 0 1 1 1 1 0 0 0 0 0 0 0 0 1 1 1 1 1 0 0 0 0 0 0 0 0 1 1 1 1 1
0 27 5 0 0 5 1 0 2 5 2 5 3 5 3 5 5 5 1 4 3 2 2 3 2 4 1 4 3
0 22 1 1 1 0 0 0 0 0 0 0 0 1 1 0 0 0 0 0 0 0 0 1
0 50 5 0 3 3 3 3 0 5 5 5 2 3 3 3 5 5 0 0 5 2 3 3 3 3 3 5 5 5 5 5 2 5 5 2 0 2 0 2 3 3 3 3 3 0 0 0 4 0 4 1
0 7 3 2 1 4 3 2 4
0 19 5 2 5 4 5 3 5 3 5 3 4 1 0 5 3 4 4 4 1
0 25 5 0 0 5 1 0 2 5 2 5 3 5 3 5 5 5 1 4 3 2 2 3 2 4 1
0 13 0 0 0 0 0 0 0 0 1 1 0 0 1
0 34 1 4 3 2 3 2 3 2 1 4 2 2 5 2 5 5 1 2 1 0 1 0 1 2 1 4 1 4 5 4 5 4 5 4
0 71 0 0 0 0 1 1 1 0 0 0 0 0 0 0 0 0 0 1 1 1 1 1 1 1 1 0 0 1 1 1 1 1 1 4 0 4 5 4 5 4 5 4 5 4 0 3 5 2 5 2 5 2 5 2 5 0 0 0 0 1 0 0 1 1 1 4 1 4 1 4 1
0 29 3 5 3 5 2 5 2 5 2 5 5 5 1 4 3 2 3 2 3 2 4 2 3 2 3 2 3 2 1
0 10 0 0 0 4 1 4 1 4 1 4
0 12 2 5 3 5 1 1 1 0 0 1 1 1
0 74 5 0 3 3 3 3 0 5 5 5 2 3 3 3 5 5 0 0 5 2 3 3 3 3 3 5 5 5 5 5 2 5 5 2 0 2 0 2 3 3 3 3 3 0 0 0 4 0 4 1 4 1 4 5 4 5 4 5 4 5 4 0 1 0 0 0 0 0 0 0 0 0 0 1
0 57 3 5 0 0 0 0 1 1 1 1 1 1 0 0 0 0 0 0 0 0 0 0 1 1 1 4 1 4 0 4 0 4 5 4 5 4 0 3 5 2 5 2 5 1 4 0 4 1 4 5 4 0 0 0 0 0 1
0 78 5 4 0 5 0 0 2 4 3 5 2 3 3 3 3 3 5 0 5 2 0 0 0 5 2 3 3 3 3 3 0 5 5 5 2 3 3 3 3 3 3 4 2 4 3 5 5 5 5 0 2 3 3 3 3 3 3 5 3 5 3 5 0 0 0 0 0 0 1 1 1 0 0 0 0 1 1 1
0 52 3 5 2 5 2 5 3 5 2 5 2 5 2 5 5 0 5 2 0 2 5 2 5 0 0 2 0 0 2 4 4 4 3 3 3 3 3 3 3 1 4 2 5 3 2 3 2 1 4 1 4 4
0 24 0 0 0 0 1 1 1 0 0 0 0 0 0 0 0 0 0 1 1 1 1 1 1 1
0 68 3 5 2 5 3 5 0 5 0 5 5 5 3 2 1 4 3 2 4 2 5 5 5 5 1 2 1 2 1 2 1 0 1 0 3 5 2 5 3 5 0 0 0 0 0 0 0 0 0 0 0 0 0 0 0 0 0 0 1 1 0 0 1 0 0 0 0 1
0 119 0 0 0 0 0 0 0 0 0 0 0 0 0 0 0 0 0 0 1 0 0 0 0 0 0 0 0 0 0 0 0 1 1 1 1 0 4 0 4 1 4 1 4 5 4 5 4 5 4 0 5 5 5 0 0 5 2 4 3 5 0 5 0 0 2 4 2 0 2 3 3 4 3 0 0 5 0 2 3 3 3 3 0 5 2 0 2 5 5 2 4 4 0 0 0 0 1 1 1 0 0 0 0 1 1 1 1 1 0 0 0 0 0 0 0 0 0 0 1
0 118 0 0 0 0 0 0 1 1 1 0 0 0 0 0 0 1 1 1 1 1 1 0 0 0 0 0 0 1 1 1 1 0 0 0 4 0 4 1 4 0 4 5 4 5 4 0 5 5 5 3 4 4 4 4 0 5 4 3 2 3 2 3 2 3 2 3 2 2 0 0 1 1 1 1 1 0 0 0 0 0 0 0 0 1 0 0 0 0 0 0 1 1 1 0 0 0 0 0 0 0 0 0 0 1 4 0 4 1 4 1 4 1 4 5 4 5 4 5
0 16 1 1 1 1 0 4 1 4 0 4 1 4 5 4 5 4
0 91 0 0 0 0 0 0 1 1 1 0 0 0 0 0 0 1 1 1 1 1 1 0 0 0 0 0 0 1 1 1 1 0 0 0 4 0 4 1 4 0 4 5 4 5 4 0 5 5 5 3 4 4 4 4 0 5 4 3 2 3 2 3 2 3 2 3 2 2 0 0 1 1 1 1 1 0 0 0 0 0 0 0 0 1 0 0 0 0 0 0 1
0 49 2 5 3 5 1 1 1 0 0 1 1 1 1 0 0 0 0 0 0 0 0 0 0 0 0 0 0 0 0 0 0 0 0 1 1 1 1 0 0 0 0 0 0 1 1 1 4 1 4
0 25 0 0 1 1 1 1 1 0 0 0 0 0 0 1 1 1 1 4 1 4 0 4 0 4 1
0 100 5 4 0 5 0 0 2 4 3 5 2 3 3 3 3 3 5 0 5 2 0 0 0 5 2 3 3 3 3 3 0 5 5 5 2 3 3 3 3 3 3 4 2 4 3 5 5 5 5 0 2 3 3 3 3 3 3 5 3 5 3 5 0 0 0 0 0 0 1 1 1 0 0 0 0 1 1 1 0 0 0 0 1 0 0 0 0 0 0 0 0 0 0 0 0 0 0 0 0 1
0 7 0 0 0 0 1 1 1
0 40 0 0 0 0 0 0 0 0 0 0 0 0 0 0 0 0 0 0 1 0 0 0 0 0 0 0 0 0 0 0 0 1 1 1 1 0 4 0 4 1
0 49 3 5 0 0 0 0 1 1 1 1 1 1 0 0 0 0 0 0 0 0 0 0 1 1 1 4 1 4 0 4 0 4 5 4 5 4 0 3 5 2 5 2 5 1 4 0 4 1 4
0 72 3 5 2 5 3 5 0 5 0 5 5 5 3 2 1 4 3 2 4 2 5 5 5 5 1 2 1 2 1 2 1 0 1 0 3 5 2 5 3 5 0 0 0 0 0 0 0 0 0 0 0 0 0 0 0 0 0 0 1 1 0 0 1 0 0 0 0 1 4 1 4 1
0 31 5 2 3 2 2 1 4 3 2 4 2 4 2 2 5 5 5 5 5 5 5 5 5 5 2 1 4 3 2 3 2
0 80 0 0 0 0 0 0 0 0 0 0 1 1 1 1 0 0 0 0 0 0 0 0 0 0 0 0 0 0 0 0 1 0 0 0 0 1 0 4 1 4 5 4 5 4 5 4 0 0 0 0 0 1 1 1 1 1 1 1 0 0 0 0 0 0 1 0 0 0 0 1 1 4 1 4 5 4 5 4 5 4
0 79 3 5 2 5 3 5 0 5 0 5 5 5 3 2 1 4 3 2 4 2 5 5 5 5 1 2 1 2 1 2 1 0 1 0 3 5 2 5 3 5 0 0 0 0 0 0 0 0 0 0 0 0 0 0 0 0 0 0 1 1 0 0 1 0 0 0 0 1 4 1 4 1 4 0 4 1 4 5 4
0 51 5 0 3 3 3 3 0 5 5 5 2 3 3 3 5 5 0 0 5 2 3 3 3 3 3 5 5 5 5 5 2 5 5 2 0 2 0 2 3 3 3 3 3 0 0 0 4 0 4 1 4
0 20 0 0 1 1 1 1 1 0 0 0 0 0 0 1 1 1 1 4 1 4
0 54 0 0 0 0 0 0 0 0 0 0 1 1 1 1 0 0 0 0 0 0 0 0 0 0 0 0 0 0 0 0 1 0 0 0 0 1 0 4 1 4 5 4 5 4 5 4 0 0 0 0 0 1 1 1
0 78 0 0 0 0 0 0 0 0 0 0 1 1 1 1 0 0 0 0 0 0 0 0 0 0 0 0 0 0 0 0 1 0 0 0 0 1 0 4 1 4 5 4 5 4 5 4 0 0 0 0 0 1 1 1 1 1 1 1 0 0 0 0 0 0 1 0 0 0 0 1 1 4 1 4 5 4 5 4
0 46 0 0 0 0 0 0 0 0 0 0 1 1 1 1 0 0 0 0 0 0 0 0 0 0 0 0 0 0 0 0 1 0 0 0 0 1 0 4 1 4 5 4 5 4 5 4
0 49 2 5 2 5 2 5 4 4 1 4 4 2 5 5 5 5 1 4 3 2 3 2 3 2 2 5 0 0 4 1 4 0 4 0 4 1 4 5 4 5 4 5 4 0 0 0 1 1 1
0 36 0 0 0 0 1 1 1 1 0 4 0 4 0 4 5 4 5 4 5 4 0 5 3 5 3 4 5 3 4 1 0 0 5 4 4 1
0 28 0 0 0 0 1 1 1 0 0 0 0 0 0 0 0 0 0 1 1 1 1 1 1 1 1 0 0 1
0 112 0 0 0 0 0 0 1 1 1 0 0 0 0 0 0 1 1 1 1 1 1 0 0 0 0 0 0 1 1 1 1 0 0 0 4 0 4 1 4 0 4 5 4 5 4 0 5 5 5 3 4 4 4 4 0 5 4 3 2 3 2 3 2 3 2 3 2 2 0 0 1 1 1 1 1 0 0 0 0 0 0 0 0 1 0 0 0 0 0 0 1 1 1 0 0 0 0 0 0 0 0 0 0 1 4 0 4 1 4 1 4 1
0 20 0 0 0 0 1 1 1 0 0 0 0 0 0 0 0 0 0 1 1 1
0 62 3 2 4 3 2 3 2 1 4 2 1 4 2 1 4 1 4 0 4 0 4 5 4 5 4 5 4 5 4 0 2 0 5 4 0 5 4 4 5 3 5 3 5 3 5 3 4 4 0 5 1 0 0 5 4 2 2 0 5 1 0 1
0 68 2 5 2 5 2 5 4 4 1 4 4 2 5 5 5 5 1 4 3 2 3 2 3 2 2 5 0 0 4 1 4 0 4 0 4 1 4 5 4 5 4 5 4 0 0 0 1 1 1 1 1 0 0 0 0 0 0 1 1 1 0 0 0 0 1 1 1 4
0 12 3 2 4 3 2 3 2 1 4 2 1 4
0 68 0 4 1 4 0 0 0 1 1 0 0 1 5 4 5 4 0 0 0 1 1 1 1 0 0 0 0 0 0 0 0 1 1 1 1 1 1 1 0 0 0 0 0 0 0 0 0 0 1 1 4 5 4 5 4 5 4 0 5 1 0 1 2 1 2 1 0 1
0 36 0 4 1 4 0 0 0 1 1 0 0 1 5 4 5 4 0 0 0 1 1 1 1 0 0 0 0 0 0 0 0 1 1 1 1 1
0 70 3 5 2 5 3 5 0 5 0 5 5 5 3 2 1 4 3 2 4 2 5 5 5 5 1 2 1 2 1 2 1 0 1 0 3 5 2 5 3 5 0 0 0 0 0 0 0 0 0 0 0 0 0 0 0 0 0 0 1 1 0 0 1 0 0 0 0 1 4 1
0 3 1 4 3
0 13 0 0 0 0 0 0 0 0 0 0 1 1 1
0 66 0 0 0 0 1 1 1 0 0 0 0 0 0 0 0 0 0 1 1 1 1 1 1 1 1 0 0 1 1 1 1 1 1 4 0 4 5 4 5 4 5 4 5 4 0 3 5 2 5 2 5 2 5 2 5 0 0 0 0 1 0 0 1 1 1 4
0 16 3 5 2 5 3 5 0 5 0 5 5 5 3 2 1 4
0 108 0 0 0 0 0 0 0 0 0 0 0 0 0 0 0 0 0 0 1 0 0 0 0 0 0 0 0 0 0 0 0 1 1 1 1 0 4 0 4 1 4 1 4 5 4 5 4 5 4 0 5 5 5 0 0 5 2 4 3 5 0 5 0 0 2 4 2 0 2 3 3 4 3 0 0 5 0 2 3 3 3 3 0 5 2 0 2 5 5 2 4 4 0 0 0 0 1 1 1 0 0 0 0 1 1 1 1 1
0 173 0 0 0 0 0 0 0 0 0 0 0 0 0 0 0 0 0 0 1 0 0 0 0 0 0 0 0 0 0 0 0 1 1 1 1 0 4 0 4 1 4 1 4 5 4 5 4 5 4 0 5 5 5 0 0 5 2 4 3 5 0 5 0 0 2 4 2 0 2 3 3 4 3 0 0 5 0 2 3 3 3 3 0 5 2 0 2 5 5 2 4 4 0 0 0 0 1 1 1 0 0 0 0 1 1 1 1 1 0 0 0 0 0 0 0 0 0 0 1 0 0 0 0 0 0 0 0 0 0 1 4 5 4 5 4 0 0 0 0 0 0 0 1 1 1 0 0 0 0 0 0 0 0 0 0 0 0 0 0 0 0 0 0 0 0 1 1 1 0 0 1 1 1
0 7 0 0 0 4 1 4 1
0 70 0 0 0 0 0 0 0 0 0 0 1 1 1 1 0 0 0 0 0 0 0 0 0 0 0 0 0 0 0 0 1 0 0 0 0 1 0 4 1 4 5 4 5 4 5 4 0 0 0 0 0 1 1 1 1 1 1 1 0 0 0 0 0 0 1 0 0 0 0 1
0 46 3 5 3 5 2 5 2 5 2 5 5 5 1 4 3 2 3 2 3 2 4 2 3 2 3 2 3 2 1 4 2 1 4 2 5 5 5 5 5 5 1 0 4 0 4 1
0 53 5 0 3 3 3 3 0 5 5 5 2 3 3 3 5 5 0 0 5 2 3 3 3 3 3 5 5 5 5 5 2 5 5 2 0 2 0 2 3 3 3 3 3 0 0 0 4 0 4 1 4 1 4
0 32 0 0 0 0 0 0 0 0 1 1 1 1 0 0 1 1 1 0 0 0 0 0 0 1 1 1 1 0 4 0 4 1
0 39 2 5 2 5 2 5 4 4 1 4 4 2 5 5 5 5 1 4 3 2 3 2 3 2 2 5 0 0 4 1 4 0 4 0 4 1 4 5 4
0 41 0 0 0 0 0 0 0 0 0 0 0 0 0 0 0 0 0 0 1 0 0 0 0 0 0 0 0 0 0 0 0 1 1 1 1 0 4 0 4 1 4
0 50 3 5 3 5 2 5 2 5 2 5 5 5 1 4 3 2 3 2 3 2 4 2 3 2 3 2 3 2 1 4 2 1 4 2 5 5 5 5 5 5 1 0 4 0 4 1 4 5 4 5
0 15 0 4 1 4 0 0 0 1 1 0 0 1 5 4 5
0 42 5 2 5 4 5 3 5 3 5 3 4 1 0 5 3 4 4 4 1 4 3 2 2 3 2 3 2 3 2 3 2 3 2 2 2 2 1 4 3 2 1 4
0 13 0 4 1 4 0 0 0 1 1 0 0 1 5
0 25 3 5 0 0 0 0 1 1 1 1 1 1 0 0 0 0 0 0 0 0 0 0 1 1 1
0 22 1 1 1 1 0 4 1 4 0 4 1 4 5 4 5 4 5 4 0 4 4 1
0 143 0 0 0 0 0 0 0 0 0 0 0 0 0 0 0 0 0 0 1 0 0 0 0 0 0 0 0 0 0 0 0 1 1 1 1 0 4 0 4 1 4 1 4 5 4 5 4 5 4 0 5 5 5 0 0 5 2 4 3 5 0 5 0 0 2 4 2 0 2 3 3 4 3 0 0 5 0 2 3 3 3 3 0 5 2 0 2 5 5 2 4 4 0 0 0 0 1 1 1 0 0 0 0 1 1 1 1 1 0 0 0 0 0 0 0 0 0 0 1 0 0 0 0 0 0 0 0 0 0 1 4 5 4 5 4 0 0 0 0 0 0 0 1
0 49 3 5 3 5 2 5 2 5 2 5 5 5 1 4 3 2 3 2 3 2 4 2 3 2 3 2 3 2 1 4 2 1 4 2 5 5 5 5 5 5 1 0 4 0 4 1 4 5 4
0 104 0 0 0 0 0 0 1 1 1 0 0 0 0 0 0 1 1 1 1 1 1 0 0 0 0 0 0 1 1 1 1 0 0 0 4 0 4 1 4 0 4 5 4 5 4 0 5 5 5 3 4 4 4 4 0 5 4 3 2 3 2 3 2 3 2 3 2 2 0 0 1 1 1 1 1 0 0 0 0 0 0 0 0 1 0 0 0 0 0 0 1 1 1 0 0 0 0 0 0 0 0 0 0 1
0 10 5 3 5 5 5 5 0 4 1 4
0 76 3 5 2 5 3 5 0 5 0 5 5 5 3 2 1 4 3 2 4 2 5 5 5 5 1 2 1 2 1 2 1 0 1 0 3 5 2 5 3 5 0 0 0 0 0 0 0 0 0 0 0 0 0 0 0 0 0 0 1 1 0 0 1 0 0 0 0 1 4 1 4 1 4 0 4 1
0 47 1 1 1 1 0 4 1 4 0 4 1 4 5 4 5 4 5 4 0 4 4 1 4 1 4 2 5 5 1 4 2 3 2 3 2 2 2 5 5 5 5 5 1 2 1 0 1
0 39 5 2 5 4 5 3 5 3 5 3 4 1 0 5 3 4 4 4 1 4 3 2 2 3 2 3 2 3 2 3 2 3 2 2 2 2 1 4 3
0 34 0 4 1 4 0 0 0 1 1 0 0 1 5 4 5 4 0 0 0 1 1 1 1 0 0 0 0 0 0 0 0 1 1 1
0 12 5 2 5 4 5 3 5 3 5 3 4 1
0 81 5 0 3 3 3 3 0 5 5 5 2 3 3 3 5 5 0 0 5 2 3 3 3 3 3 5 5 5 5 5 2 5 5 2 0 2 0 2 3 3 3 3 3 0 0 0 4 0 4 1 4 1 4 5 4 5 4 5 4 5 4 0 1 0 0 0 0 0 0 0 0 0 0 1 0 0 0 0 0 0 1
0 63 2 5 3 5 1 1 1 0 0 1 1 1 1 0 0 0 0 0 0 0 0 0 0 0 0 0 0 0 0 0 0 0 0 1 1 1 1 0 0 0 0 0 0 1 1 1 4 1 4 0 0 0 0 0 1 1 1 0 5 0 1 0 1
0 42 0 0 0 0 0 0 0 0 0 0 0 0 0 0 0 0 0 0 1 0 0 0 0 0 0 0 0 0 0 0 0 1 1 1 1 0 4 0 4 1 4 1
0 7 3 2 1 4 3 2 1
0 146 0 0 0 0 0 0 1 1 1 0 0 0 0 0 0 1 1 1 1 1 1 0 0 0 0 0 0 1 1 1 1 0 0 0 4 0 4 1 4 0 4 5 4 5 4 0 5 5 5 3 4 4 4 4 0 5 4 3 2 3 2 3 2 3 2 3 2 2 0 0 1 1 1 1 1 0 0 0 0 0 0 0 0 1 0 0 0 0 0 0 1 1 1 0 0 0 0 0 0 0 0 0 0 1 4 0 4 1 4 1 4 1 4 5 4 5 4 5 4 5 4 0 5 1 4 3 2 2 3 2 2 2 2 0 0 0 0 0 0 0 0 0 0 1 1 1
0 18 0 0 0 0 0 0 1 1 1 0 0 0 0 0 0 1 1 1
0 76 0 0 0 0 0 0 0 0 0 0 1 1 1 1 0 0 0 0 0 0 0 0 0 0 0 0 0 0 0 0 1 0 0 0 0 1 0 4 1 4 5 4 5 4 5 4 0 0 0 0 0 1 1 1 1 1 1 1 0 0 0 0 0 0 1 0 0 0 0 1 1 4 1 4 5 4
0 153 0 0 0 0 0 0 1 1 1 0 0 0 0 0 0 1 1 1 1 1 1 0 0 0 0 0 0 1 1 1 1 0 0 0 4 0 4 1 4 0 4 5 4 5 4 0 5 5 5 3 4 4 4 4 0 5 4 3 2 3 2 3 2 3 2 3 2 2 0 0 1 1 1 1 1 0 0 0 0 0 0 0 0 1 0 0 0 0 0 0 1 1 1 0 0 0 0 0 0 0 0 0 0 1 4 0 4 1 4 1 4 1 4 5 4 5 4 5 4 5 4 0 5 1 4 3 2 2 3 2 2 2 2 0 0 0 0 0 0 0 0 0 0 1 1 1 1 1 0 0 1 1 1
0 65 2 5 2 5 2 5 4 4 1 4 4 2 5 5 5 5 1 4 3 2 3 2 3 2 2 5 0 0 4 1 4 0 4 0 4 1 4 5 4 5 4 5 4 0 0 0 1 1 1 1 1 0 0 0 0 0 0 1 1 1 0 0 0 0 1
0 48 3 5 3 5 2 5 2 5 2 5 5 5 1 4 3 2 3 2 3 2 4 2 3 2 3 2 3 2 1 4 2 1 4 2 5 5 5 5 5 5 1 0 4 0 4 1 4 5
0 24 1 1 1 1 0 4 1 4 0 4 1 4 5 4 5 4 5 4 0 4 4 1 4 1
0 3 0 4 1
0 76 5 4 0 5 0 0 2 4 3 5 2 3 3 3 3 3 5 0 5 2 0 0 0 5 2 3 3 3 3 3 0 5 5 5 2 3 3 3 3 3 3 4 2 4 3 5 5 5 5 0 2 3 3 3 3 3 3 5 3 5 3 5 0 0 0 0 0 0 1 1 1 0 0 0 0 1
0 17 3 5 2 5 3 5 0 5 0 5 5 5 3 2 1 4 3
0 53 3 5 3 5 2 5 2 5 2 5 5 5 1 4 3 2 3 2 3 2 4 2 3 2 3 2 3 2 1 4 2 1 4 2 5 5 5 5 5 5 1 0 4 0 4 1 4 5 4 5 4 5 4
0 27 3 5 0 0 0 0 1 1 1 1 1 1 0 0 0 0 0 0 0 0 0 0 1 1 1 4 1
0 47 2 5 2 5 2 5 4 4 1 4 4 2 5 5 5 5 1 4 3 2 3 2 3 2 2 5 0 0 4 1 4 0 4 0 4 1 4 5 4 5 4 5 4 0 0 0 1
0 37 2 5 2 5 2 5 4 4 1 4 4 2 5 5 5 5 1 4 3 2 3 2 3 2 2 5 0 0 4 1 4 0 4 0 4 1 4
0 166 0 0 0 0 0 0 1 1 1 0 0 0 0 0 0 1 1 1 1 1 1 0 0 0 0 0 0 1 1 1 1 0 0 0 4 0 4 1 4 0 4 5 4 5 4 0 5 5 5 3 4 4 4 4 0 5 4 3 2 3 2 3 2 3 2 3 2 2 0 0 1 1 1 1 1 0 0 0 0 0 0 0 0 1 0 0 0 0 0 0 1 1 1 0 0 0 0 0 0 0 0 0 0 1 4 0 4 1 4 1 4 1 4 5 4 5 4 5 4 5 4 0 5 1 4 3 2 2 3 2 2 2 2 0 0 0 0 0 0 0 0 0 0 1 1 1 1 1 0 0 1 1 1 0 0 0 0 0 0 0 0 1 1 1 1 1
0 148 0 0 0 0 0 0 1 1 1 0 0 0 0 0 0 1 1 1 1 1 1 0 0 0 0 0 0 1 1 1 1 0 0 0 4 0 4 1 4 0 4 5 4 5 4 0 5 5 5 3 4 4 4 4 0 5 4 3 2 3 2 3 2 3 2 3 2 2 0 0 1 1 1 1 1 0 0 0 0 0 0 0 0 1 0 0 0 0 0 0 1 1 1 0 0 0 0 0 0 0 0 0 0 1 4 0 4 1 4 1 4 1 4 5 4 5 4 5 4 5 4 0 5 1 4 3 2 2 3 2 2 2 2 0 0 0 0 0 0 0 0 0 0 1 1 1 1 1
0 43 0 0 0 0 0 0 0 0 0 0 1 1 1 1 0 0 0 0 0 0 0 0 0 0 0 0 0 0 0 0 1 0 0 0 0 1 0 4 1 4 5 4 5
0 52 0 0 0 0 0 0 0 0 0 0 1 1 1 1 0 0 0 0 0 0 0 0 0 0 0 0 0 0 0 0 1 0 0 0 0 1 0 4 1 4 5 4 5 4 5 4 0 0 0 0 0 1
0 30 0 0 0 0 0 0 1 1 1 0 0 0 0 0 0 1 1 1 1 1 1 0 0 0 0 0 0 1 1 1
0 54 5 0 3 3 3 3 0 5 5 5 2 3 3 3 5 5 0 0 5 2 3 3 3 3 3 5 5 5 5 5 2 5 5 2 0 2 0 2 3 3 3 3 3 0 0 0 4 0 4 1 4 1 4 5
0 8 0 4 1 4 0 0 0 1
0 5 0 0 1 1 1
0 48 0 0 0 0 0 0 0 0 0 0 0 0 0 0 0 0 0 0 1 0 0 0 0 0 0 0 0 0 0 0 0 1 1 1 1 0 4 0 4 1 4 1 4 5 4 5 4 5
0 33 0 0 0 0 0 0 0 0 1 1 1 1 0 0 1 1 1 0 0 0 0 0 0 1 1 1 1 0 4 0 4 1 4
0 7 5 2 3 2 2 1 4
0 111 0 0 0 0 0 0 1 1 1 0 0 0 0 0 0 1 1 1 1 1 1 0 0 0 0 0 0 1 1 1 1 0 0 0 4 0 4 1 4 0 4 5 4 5 4 0 5 5 5 3 4 4 4 4 0 5 4 3 2 3 2 3 2 3 2 3 2 2 0 0 1 1 1 1 1 0 0 0 0 0 0 0 0 1 0 0 0 0 0 0 1 1 1 0 0 0 0 0 0 0 0 0 0 1 4 0 4 1 4 1 4
0 60 5 0 3 3 3 3 0 5 5 5 2 3 3 3 5 5 0 0 5 2 3 3 3 3 3 5 5 5 5 5 2 5 5 2 0 2 0 2 3 3 3 3 3 0 0 0 4 0 4 1 4 1 4 5 4 5 4 5 4 5
0 77 0 0 0 0 0 0 0 0 0 0 1 1 1 1 0 0 0 0 0 0 0 0 0 0 0 0 0 0 0 0 1 0 0 0 0 1 0 4 1 4 5 4 5 4 5 4 0 0 0 0 0 1 1 1 1 1 1 1 0 0 0 0 0 0 1 0 0 0 0 1 1 4 1 4 5 4 5
0 7 0 0 1 1 1 1 1
0 9 3 5 0 0 0 0 1 1 1
0 119 0 0 0 0 0 0 1 1 1 0 0 0 0 0 0 1 1 1 1 1 1 0 0 0 0 0 0 1 1 1 1 0 0 0 4 0 4 1 4 0 4 5 4 5 4 0 5 5 5 3 4 4 4 4 0 5 4 3 2 3 2 3 2 3 2 3 2 2 0 0 1 1 1 1 1 0 0 0 0 0 0 0 0 1 0 0 0 0 0 0 1 1 1 0 0 0 0 0 0 0 0 0 0 1 4 0 4 1 4 1 4 1 4 5 4 5 4 5 4
0 71 0 0 0 0 0 0 1 1 1 0 0 0 0 0 0 1 1 1 1 1 1 0 0 0 0 0 0 1 1 1 1 0 0 0 4 0 4 1 4 0 4 5 4 5 4 0 5 5 5 3 4 4 4 4 0 5 4 3 2 3 2 3 2 3 2 3 2 2 0 0 1
0 45 0 0 0 0 1 1 1 1 0 4 0 4 0 4 5 4 5 4 5 4 0 5 3 5 3 4 5 3 4 1 0 0 5 4 4 1 0 4 5 3 4 4 5 3 1
0 43 0 0 0 0 0 0 0 0 0 0 0 0 0 0 0 0 0 0 1 0 0 0 0 0 0 0 0 0 0 0 0 1 1 1 1 0 4 0 4 1 4 1 4
0 40 5 2 5 4 5 3 5 3 5 3 4 1 0 5 3 4 4 4 1 4 3 2 2 3 2 3 2 3 2 3 2 3 2 2 2 2 1 4 3 2
0 32 1 1 1 0 0 0 0 0 0 0 0 1 1 0 0 0 0 0 0 0 0 1 1 1 1 1 0 4 1 4 1 4
0 72 0 0 0 0 1 1 1 0 0 0 0 0 0 0 0 0 0 1 1 1 1 1 1 1 1 0 0 1 1 1 1 1 1 4 0 4 5 4 5 4 5 4 5 4 0 3 5 2 5 2 5 2 5 2 5 0 0 0 0 1 0 0 1 1 1 4 1 4 1 4 1 4
0 110 0 0 0 0 0 0 1 1 1 0 0 0 0 0 0 1 1 1 1 1 1 0 0 0 0 0 0 1 1 1 1 0 0 0 4 0 4 1 4 0 4 5 4 5 4 0 5 5 5 3 4 4 4 4 0 5 4 3 2 3 2 3 2 3 2 3 2 2 0 0 1 1 1 1 1 0 0 0 0 0 0 0 0 1 0 0 0 0 0 0 1 1 1 0 0 0 0 0 0 0 0 0 0 1 4 0 4 1 4 1
0 24 0 0 0 0 0 0 0 0 1 1 1 1 0 0 1 1 1 0 0 0 0 0 0 1
0 29 3 5 2 5 3 5 0 5 0 5 5 5 3 2 1 4 3 2 4 2 5 5 5 5 1 2 1 2 1
0 17 0 0 0 0 0 0 0 0 1 1 1 1 0 0 1 1 1
0 36 0 0 0 0 0 0 0 0 0 0 1 1 1 1 0 0 0 0 0 0 0 0 0 0 0 0 0 0 0 0 1 0 0 0 0 1
0 14 0 0 0 4 1 4 1 4 1 4 5 4 5 4
0 84 0 0 0 0 0 0 1 1 1 0 0 0 0 0 0 1 1 1 1 1 1 0 0 0 0 0 0 1 1 1 1 0 0 0 4 0 4 1 4 0 4 5 4 5 4 0 5 5 5 3 4 4 4 4 0 5 4 3 2 3 2 3 2 3 2 3 2 2 0 0 1 1 1 1 1 0 0 0 0 0 0 0 0 1
0 114 0 0 0 0 0 0 1 1 1 0 0 0 0 0 0 1 1 1 1 1 1 0 0 0 0 0 0 1 1 1 1 0 0 0 4 0 4 1 4 0 4 5 4 5 4 0 5 5 5 3 4 4 4 4 0 5 4 3 2 3 2 3 2 3 2 3 2 2 0 0 1 1 1 1 1 0 0 0 0 0 0 0 0 1 0 0 0 0 0 0 1 1 1 0 0 0 0 0 0 0 0 0 0 1 4 0 4 1 4 1 4 1 4 5
0 31 1 4 3 2 3 2 3 2 1 4 2 2 5 2 5 5 1 2 1 0 1 0 1 2 1 4 1 4 5 4 5
0 74 0 0 0 0 0 0 0 0 0 0 1 1 1 1 0 0 0 0 0 0 0 0 0 0 0 0 0 0 0 0 1 0 0 0 0 1 0 4 1 4 5 4 5 4 5 4 0 0 0 0 0 1 1 1 1 1 1 1 0 0 0 0 0 0 1 0 0 0 0 1 1 4 1 4
0 25 1 4 3 2 3 2 3 2 1 4 2 2 5 2 5 5 1 2 1 0 1 0 1 2 1
0 5 0 0 0 0 1
0 6 1 4 3 2 3 2
0 48 2 5 3 5 1 1 1 0 0 1 1 1 1 0 0 0 0 0 0 0 0 0 0 0 0 0 0 0 0 0 0 0 0 1 1 1 1 0 0 0 0 0 0 1 1 1 4 1
0 67 3 5 0 0 0 0 1 1 1 1 1 1 0 0 0 0 0 0 0 0 0 0 1 1 1 4 1 4 0 4 0 4 5 4 5 4 0 3 5 2 5 2 5 1 4 0 4 1 4 5 4 0 0 0 0 0 1 1 1 1 0 0 0 0 1 4 5
0 21 1 4 3 2 3 2 3 2 1 4 2 2 5 2 5 5 1 2 1 0 1
0 14 0 4 1 4 0 0 0 1 1 0 0 1 5 4
0 3 3 2 1
0 32 0 0 0 0 0 0 0 0 1 1 0 0 1 1 1 1 1 0 0 0 0 0 0 0 0 0 0 0 0 0 0 1
0 121 0 0 0 0 0 0 1 1 1 0 0 0 0 0 0 1 1 1 1 1 1 0 0 0 0 0 0 1 1 1 1 0 0 0 4 0 4 1 4 0 4 5 4 5 4 0 5 5 5 3 4 4 4 4 0 5 4 3 2 3 2 3 2 3 2 3 2 2 0 0 1 1 1 1 1 0 0 0 0 0 0 0 0 1 0 0 0 0 0 0 1 1 1 0 0 0 0 0 0 0 0 0 0 1 4 0 4 1 4 1 4 1 4 5 4 5 4 5 4 5 4
0 66 0 4 1 4 0 0 0 1 1 0 0 1 5 4 5 4 0 0 0 1 1 1 1 0 0 0 0 0 0 0 0 1 1 1 1 1 1 1 0 0 0 0 0 0 0 0 0 0 1 1 4 5 4 5 4 5 4 0 5 1 0 1 2 1 2 1
0 14 0 0 1 1 1 1 1 0 0 0 0 0 0 1
0 57 5 0 3 3 3 3 0 5 5 5 2 3 3 3 5 5 0 0 5 2 3 3 3 3 3 5 5 5 5 5 2 5 5 2 0 2 0 2 3 3 3 3 3 0 0 0 4 0 4 1 4 1 4 5 4 5 4
0 15 3 2 4 3 2 3 2 1 4 2 1 4 2 1 4
0 8 3 2 1 4 3 2 4 4
0 69 3 5 2 5 3 5 0 5 0 5 5 5 3 2 1 4 3 2 4 2 5 5 5 5 1 2 1 2 1 2 1 0 1 0 3 5 2 5 3 5 0 0 0 0 0 0 0 0 0 0 0 0 0 0 0 0 0 0 1 1 0 0 1 0 0 0 0 1 4
0 24 1 1 1 0 0 0 0 0 0 0 0 1 1 0 0 0 0 0 0 0 0 1 1 1
0 15 3 5 2 5 3 5 0 5 0 5 5 5 3 2 1
0 47 3 5 3 5 2 5 2 5 2 5 5 5 1 4 3 2 3 2 3 2 4 2 3 2 3 2 3 2 1 4 2 1 4 2 5 5 5 5 5 5 1 0 4 0 4 1 4
0 34 2 5 3 5 1 1 1 0 0 1 1 1 1 0 0 0 0 0 0 0 0 0 0 0 0 0 0 0 0 0 0 0 0 1
0 22 5 2 5 4 5 3 5 3 5 3 4 1 0 5 3 4 4 4 1 4 3 2
0 166 0 0 0 0 0 0 0 0 0 0 0 0 0 0 0 0 0 0 1 0 0 0 0 0 0 0 0 0 0 0 0 1 1 1 1 0 4 0 4 1 4 1 4 5 4 5 4 5 4 0 5 5 5 0 0 5 2 4 3 5 0 5 0 0 2 4 2 0 2 3 3 4 3 0 0 5 0 2 3 3 3 3 0 5 2 0 2 5 5 2 4 4 0 0 0 0 1 1 1 0 0 0 0 1 1 1 1 1 0 0 0 0 0 0 0 0 0 0 1 0 0 0 0 0 0 0 0 0 0 1 4 5 4 5 4 0 0 0 0 0 0 0 1 1 1 0 0 0 0 0 0 0 0 0 0 0 0 0 0 0 0 0 0 0 0 1
0 31 0 0 0 0 0 0 0 0 0 0 1 1 1 1 0 0 0 0 0 0 0 0 0 0 0 0 0 0 0 0 1
0 70 0 0 0 0 1 1 1 0 0 0 0 0 0 0 0 0 0 1 1 1 1 1 1 1 1 0 0 1 1 1 1 1 1 4 0 4 5 4 5 4 5 4 5 4 0 3 5 2 5 2 5 2 5 2 5 0 0 0 0 1 0 0 1 1 1 4 1 4 1 4
0 9 3 2 4 3 2 3 2 1 4
0 32 0 0 0 0 0 0 0 0 0 0 0 0 0 0 0 0 0 0 1 0 0 0 0 0 0 0 0 0 0 0 0 1
0 145 0 0 0 0 0 0 0 0 0 0 0 0 0 0 0 0 0 0 1 0 0 0 0 0 0 0 0 0 0 0 0 1 1 1 1 0 4 0 4 1 4 1 4 5 4 5 4 5 4 0 5 5 5 0 0 5 2 4 3 5 0 5 0 0 2 4 2 0 2 3 3 4 3 0 0 5 0 2 3 3 3 3 0 5 2 0 2 5 5 2 4 4 0 0 0 0 1 1 1 0 0 0 0 1 1 1 1 1 0 0 0 0 0 0 0 0 0 0 1 0 0 0 0 0 0 0 0 0 0 1 4 5 4 5 4 0 0 0 0 0 0 0 1 1 1
0 6 5 2 3 2 2 1
0 135 0 0 0 0 0 0 0 0 0 0 0 0 0 0 0 0 0 0 1 0 0 0 0 0 0 0 0 0 0 0 0 1 1 1 1 0 4 0 4 1 4 1 4 5 4 5 4 5 4 0 5 5 5 0 0 5 2 4 3 5 0 5 0 0 2 4 2 0 2 3 3 4 3 0 0 5 0 2 3 3 3 3 0 5 2 0 2 5 5 2 4 4 0 0 0 0 1 1 1 0 0 0 0 1 1 1 1 1 0 0 0 0 0 0 0 0 0 0 1 0 0 0 0 0 0 0 0 0 0 1 4 5 4 5 4
0 42 2 5 2 5 3 5 2 5 0 0 1 1 1 1 0 0 0 0 0 0 0 0 1 1 1 1 1 0 0 0 0 0 0 0 0 1 1 1 1 1 1 1
0 69 3 5 0 0 0 0 1 1 1 1 1 1 0 0 0 0 0 0 0 0 0 0 1 1 1 4 1 4 0 4 0 4 5 4 5 4 0 3 5 2 5 2 5 1 4 0 4 1 4 5 4 0 0 0 0 0 1 1 1 1 0 0 0 0 1 4 5 4 5
0 45 0 0 0 0 0 0 0 0 0 0 1 1 1 1 0 0 0 0 0 0 0 0 0 0 0 0 0 0 0 0 1 0 0 0 0 1 0 4 1 4 5 4 5 4 5
0 18 1 1 1 1 0 4 1 4 0 4 1 4 5 4 5 4 5 4
0 13 0 0 0 4 1 4 1 4 1 4 5 4 5
0 9 1 4 3 2 3 2 3 2 1
0 52 3 5 3 5 2 5 2 5 2 5 5 5 1 4 3 2 3 2 3 2 4 2 3 2 3 2 3 2 1 4 2 1 4 2 5 5 5 5 5 5 1 0 4 0 4 1 4 5 4 5 4 5
0 49 0 4 1 4 0 0 0 1 1 0 0 1 5 4 5 4 0 0 0 1 1 1 1 0 0 0 0 0 0 0 0 1 1 1 1 1 1 1 0 0 0 0 0 0 0 0 0 0 1
0 23 3 5 0 0 0 0 1 1 1 1 1 1 0 0 0 0 0 0 0 0 0 0 1
0 81 3 5 2 5 3 5 0 5 0 5 5 5 3 2 1 4 3 2 4 2 5 5 5 5 1 2 1 2 1 2 1 0 1 0 3 5 2 5 3 5 0 0 0 0 0 0 0 0 0 0 0 0 0 0 0 0 0 0 1 1 0 0 1 0 0 0 0 1 4 1 4 1 4 0 4 1 4 5 4 5 4
0 63 0 0 0 0 1 1 1 0 0 0 0 0 0 0 0 0 0 1 1 1 1 1 1 1 1 0 0 1 1 1 1 1 1 4 0 4 5 4 5 4 5 4 5 4 0 3 5 2 5 2 5 2 5 2 5 0 0 0 0 1 0 0 1
0 47 0 0 0 0 0 0 0 0 0 0 0 0 0 0 0 0 0 0 1 0 0 0 0 0 0 0 0 0 0 0 0 1 1 1 1 0 4 0 4 1 4 1 4 5 4 5 4
0 97 0 0 0 0 0 0 0 0 0 0 0 0 0 0 0 0 0 0 1 0 0 0 0 0 0 0 0 0 0 0 0 1 1 1 1 0 4 0 4 1 4 1 4 5 4 5 4 5 4 0 5 5 5 0 0 5 2 4 3 5 0 5 0 0 2 4 2 0 2 3 3 4 3 0 0 5 0 2 3 3 3 3 0 5 2 0 2 5 5 2 4 4 0 0 0 0 1
0 10 2 5 3 5 1 1 1 0 0 1
0 93 0 0 0 0 0 0 1 1 1 0 0 0 0 0 0 1 1 1 1 1 1 0 0 0 0 0 0 1 1 1 1 0 0 0 4 0 4 1 4 0 4 5 4 5 4 0 5 5 5 3 4 4 4 4 0 5 4 3 2 3 2 3 2 3 2 3 2 2 0 0 1 1 1 1 1 0 0 0 0 0 0 0 0 1 0 0 0 0 0 0 1 1 1
0 117 0 0 0 0 0 0 1 1 1 0 0 0 0 0 0 1 1 1 1 1 1 0 0 0 0 0 0 1 1 1 1 0 0 0 4 0 4 1 4 0 4 5 4 5 4 0 5 5 5 3 4 4 4 4 0 5 4 3 2 3 2 3 2 3 2 3 2 2 0 0 1 1 1 1 1 0 0 0 0 0 0 0 0 1 0 0 0 0 0 0 1 1 1 0 0 0 0 0 0 0 0 0 0 1 4 0 4 1 4 1 4 1 4 5 4 5 4
0 10 2 5 2 5 2 5 4 4 1 4
0 2 1 4
0 51 3 5 3 5 2 5 2 5 2 5 5 5 1 4 3 2 3 2 3 2 4 2 3 2 3 2 3 2 1 4 2 1 4 2 5 5 5 5 5 5 1 0 4 0 4 1 4 5 4 5 4
0 11 1 1 1 1 0 4 1 4 0 4 1
0 19 2 5 3 5 3 5 2 5 5 5 0 5 1 0 4 5 3 4 1
0 162 0 0 0 0 0 0 1 1 1 0 0 0 0 0 0 1 1 1 1 1 1 0 0 0 0 0 0 1 1 1 1 0 0 0 4 0 4 1 4 0 4 5 4 5 4 0 5 5 5 3 4 4 4 4 0 5 4 3 2 3 2 3 2 3 2 3 2 2 0 0 1 1 1 1 1 0 0 0 0 0 0 0 0 1 0 0 0 0 0 0 1 1 1 0 0 0 0 0 0 0 0 0 0 1 4 0 4 1 4 1 4 1 4 5 4 5 4 5 4 5 4 0 5 1 4 3 2 2 3 2 2 2 2 0 0 0 0 0 0 0 0 0 0 1 1 1 1 1 0 0 1 1 1 0 0 0 0 0 0 0 0 1
0 75 0 0 0 0 0 0 1 1 1 0 0 0 0 0 0 1 1 1 1 1 1 0 0 0 0 0 0 1 1 1 1 0 0 0 4 0 4 1 4 0 4 5 4 5 4 0 5 5 5 3 4 4 4 4 0 5 4 3 2 3 2 3 2 3 2 3 2 2 0 0 1 1 1 1 1
0 45 0 0 0 0 0 0 0 0 1 1 0 0 1 1 1 1 1 0 0 0 0 0 0 0 0 0 0 0 0 0 0 1 1 1 0 4 5 4 5 4 0 4 3 2 1
0 54 3 5 2 5 2 5 3 5 2 5 2 5 2 5 5 0 5 2 0 2 5 2 5 0 0 2 0 0 2 4 4 4 3 3 3 3 3 3 3 1 4 2 5 3 2 3 2 1 4 1 4 4 2 1
0 58 2 5 2 5 2 5 4 4 1 4 4 2 5 5 5 5 1 4 3 2 3 2 3 2 2 5 0 0 4 1 4 0 4 0 4 1 4 5 4 5 4 5 4 0 0 0 1 1 1 1 1 0 0 0 0 0 0 1
0 51 1 1 1 1 0 4 1 4 0 4 1 4 5 4 5 4 5 4 0 4 4 1 4 1 4 2 5 5 1 4 2 3 2 3 2 2 2 5 5 5 5 5 1 2 1 0 1 2 1 0 1
0 151 0 0 0 0 0 0 1 1 1 0 0 0 0 0 0 1 1 1 1 1 1 0 0 0 0 0 0 1 1 1 1 0 0 0 4 0 4 1 4 0 4 5 4 5 4 0 5 5 5 3 4 4 4 4 0 5 4 3 2 3 2 3 2 3 2 3 2 2 0 0 1 1 1 1 1 0 0 0 0 0 0 0 0 1 0 0 0 0 0 0 1 1 1 0 0 0 0 0 0 0 0 0 0 1 4 0 4 1 4 1 4 1 4 5 4 5 4 5 4 5 4 0 5 1 4 3 2 2 3 2 2 2 2 0 0 0 0 0 0 0 0 0 0 1 1 1 1 1 0 0 1
0 23 1 4 3 2 3 2 3 2 1 4 2 2 5 2 5 5 1 2 1 0 1 0 1
0 134 0 0 0 0 0 0 0 0 0 0 0 0 0 0 0 0 0 0 1 0 0 0 0 0 0 0 0 0 0 0 0 1 1 1 1 0 4 0 4 1 4 1 4 5 4 5 4 5 4 0 5 5 5 0 0 5 2 4 3 5 0 5 0 0 2 4 2 0 2 3 3 4 3 0 0 5 0 2 3 3 3 3 0 5 2 0 2 5 5 2 4 4 0 0 0 0 1 1 1 0 0 0 0 1 1 1 1 1 0 0 0 0 0 0 0 0 0 0 1 0 0 0 0 0 0 0 0 0 0 1 4 5 4 5
0 36 1 4 3 2 3 2 3 2 1 4 2 2 5 2 5 5 1 2 1 0 1 0 1 2 1 4 1 4 5 4 5 4 5 4 5 4
0 56 3 5 3 5 2 5 2 5 2 5 5 5 1 4 3 2 3 2 3 2 4 2 3 2 3 2 3 2 1 4 2 1 4 2 5 5 5 5 5 5 1 0 4 0 4 1 4 5 4 5 4 5 4 5 4 5
0 28 3 5 0 0 0 0 1 1 1 1 1 1 0 0 0 0 0 0 0 0 0 0 1 1 1 4 1 4
0 17 0 0 0 0 0 0 0 0 1 1 0 0 1 1 1 1 1
0 30 0 0 1 1 1 1 1 0 0 0 0 0 0 1 1 1 1 4 1 4 0 4 0 4 1 4 5 4 5 4
0 27 2 5 2 5 3 5 2 5 0 0 1 1 1 1 0 0 0 0 0 0 0 0 1 1 1 1 1
0 26 5 0 0 5 1 0 2 5 2 5 3 5 3 5 5 5 1 4 3 2 2 3 2 4 1 4
0 30 2 5 2 5 2 5 4 4 1 4 4 2 5 5 5 5 1 4 3 2 3 2 3 2 2 5 0 0 4 1
0 59 3 5 0 0 0 0 1 1 1 1 1 1 0 0 0 0 0 0 0 0 0 0 1 1 1 4 1 4 0 4 0 4 5 4 5 4 0 3 5 2 5 2 5 1 4 0 4 1 4 5 4 0 0 0 0 0 1 1 1
0 57 3 5 3 5 2 5 2 5 2 5 5 5 1 4 3 2 3 2 3 2 4 2 3 2 3 2 3 2 1 4 2 1 4 2 5 5 5 5 5 5 1 0 4 0 4 1 4 5 4 5 4 5 4 5 4 5 4
0 9 5 2 3 2 2 1 4 3 2
0 13 1 1 1 1 0 4 1 4 0 4 1 4 5
0 63 3 5 2 5 3 5 0 5 0 5 5 5 3 2 1 4 3 2 4 2 5 5 5 5 1 2 1 2 1 2 1 0 1 0 3 5 2 5 3 5 0 0 0 0 0 0 0 0 0 0 0 0 0 0 0 0 0 0 1 1 0 0 1
0 14 3 2 4 3 2 3 2 1 4 2 1 4 2 1
0 69 2 5 2 5 2 5 4 4 1 4 4 2 5 5 5 5 1 4 3 2 3 2 3 2 2 5 0 0 4 1 4 0 4 0 4 1 4 5 4 5 4 5 4 0 0 0 1 1 1 1 1 0 0 0 0 0 0 1 1 1 0 0 0 0 1 1 1 4 1
0 109 0 0 0 0 0 0 1 1 1 0 0 0 0 0 0 1 1 1 1 1 1 0 0 0 0 0 0 1 1 1 1 0 0 0 4 0 4 1 4 0 4 5 4 5 4 0 5 5 5 3 4 4 4 4 0 5 4 3 2 3 2 3 2 3 2 3 2 2 0 0 1 1 1 1 1 0 0 0 0 0 0 0 0 1 0 0 0 0 0 0 1 1 1 0 0 0 0 0 0 0 0 0 0 1 4 0 4 1 4
0 31 3 5 2 5 3 5 0 5 0 5 5 5 3 2 1 4 3 2 4 2 5 5 5 5 1 2 1 2 1 2 1
0 26 3 5 0 0 0 0 1 1 1 1 1 1 0 0 0 0 0 0 0 0 0 0 1 1 1 4
0 9 0 0 0 4 1 4 1 4 1
0 120 0 0 0 0 0 0 1 1 1 0 0 0 0 0 0 1 1 1 1 1 1 0 0 0 0 0 0 1 1 1 1 0 0 0 4 0 4 1 4 0 4 5 4 5 4 0 5 5 5 3 4 4 4 4 0 5 4 3 2 3 2 3 2 3 2 3 2 2 0 0 1 1 1 1 1 0 0 0 0 0 0 0 0 1 0 0 0 0 0 0 1 1 1 0 0 0 0 0 0 0 0 0 0 1 4 0 4 1 4 1 4 1 4 5 4 5 4 5 4 5
0 25 1 1 1 1 0 4 1 4 0 4 1 4 5 4 5 4 5 4 0 4 4 1 4 1 4
0 8 1 4 3 2 3 2 3 2
0 46 2 5 2 5 3 5 2 5 0 0 1 1 1 1 0 0 0 0 0 0 0 0 1 1 1 1 1 0 0 0 0 0 0 0 0 1 1 1 1 1 1 1 1 1 5 4
0 55 3 5 2 5 2 5 3 5 2 5 2 5 2 5 5 0 5 2 0 2 5 2 5 0 0 2 0 0 2 4 4 4 3 3 3 3 3 3 3 1 4 2 5 3 2 3 2 1 4 1 4 4 2 1 4
0 89 5 0 3 3 3 3 0 5 5 5 2 3 3 3 5 5 0 0 5 2 3 3 3 3 3 5 5 5 5 5 2 5 5 2 0 2 0 2 3 3 3 3 3 0 0 0 4 0 4 1 4 1 4 5 4 5 4 5 4 5 4 0 1 0 0 0 0 0 0 0 0 0 0 1 0 0 0 0 0 0 1 1 1 1 0 0 1 1 1
0 16 0 0 1 1 1 1 1 0 0 0 0 0 0 1 1 1
0 26 1 4 3 2 3 2 3 2 1 4 2 2 5 2 5 5 1 2 1 0 1 0 1 2 1 4
0 11 0 0 0 0 0 0 0 0 1 1 1
0 32 1 4 3 2 3 2 3 2 1 4 2 2 5 2 5 5 1 2 1 0 1 0 1 2 1 4 1 4 5 4 5 4
0 49 0 0 0 0 0 0 0 0 0 0 0 0 0 0 0 0 0 0 1 0 0 0 0 0 0 0 0 0 0 0 0 1 1 1 1 0 4 0 4 1 4 1 4 5 4 5 4 5 4
0 33 3 5 2 5 3 5 0 5 0 5 5 5 3 2 1 4 3 2 4 2 5 5 5 5 1 2 1 2 1 2 1 0 1
0 20 5 2 5 4 5 3 5 3 5 3 4 1 0 5 3 4 4 4 1 4
0 70 2 5 2 5 2 5 4 4 1 4 4 2 5 5 5 5 1 4 3 2 3 2 3 2 2 5 0 0 4 1 4 0 4 0 4 1 4 5 4 5 4 5 4 0 0 0 1 1 1 1 1 0 0 0 0 0 0 1 1 1 0 0 0 0 1 1 1 4 1 4
0 38 2 5 2 5 3 5 2 5 0 0 1 1 1 1 0 0 0 0 0 0 0 0 1 1 1 1 1 0 0 0 0 0 0 0 0 1 1 1
0 34 0 0 0 0 0 0 0 0 1 1 0 0 1 1 1 1 1 0 0 0 0 0 0 0 0 0 0 0 0 0 0 1 1 1
0 27 5 2 3 2 2 1 4 3 2 4 2 4 2 2 5 5 5 5 5 5 5 5 5 5 2 1 4
0 1 1
0 42 2 5 2 5 2 5 4 4 1 4 4 2 5 5 5 5 1 4 3 2 3 2 3 2 2 5 0 0 4 1 4 0 4 0 4 1 4 5 4 5 4 5
0 7 0 0 0 0 0 0 1
0 8 5 2 3 2 2 1 4 3
0 144 0 0 0 0 0 0 1 1 1 0 0 0 0 0 0 1 1 1 1 1 1 0 0 0 0 0 0 1 1 1 1 0 0 0 4 0 4 1 4 0 4 5 4 5 4 0 5 5 5 3 4 4 4 4 0 5 4 3 2 3 2 3 2 3 2 3 2 2 0 0 1 1 1 1 1 0 0 0 0 0 0 0 0 1 0 0 0 0 0 0 1 1 1 0 0 0 0 0 0 0 0 0 0 1 4 0 4 1 4 1 4 1 4 5 4 5 4 5 4 5 4 0 5 1 4 3 2 2 3 2 2 2 2 0 0 0 0 0 0 0 0 0 0 1
0 13 2 5 2 5 3 5 2 5 0 0 1 1 1
0 83 5 4 0 5 0 0 2 4 3 5 2 3 3 3 3 3 5 0 5 2 0 0 0 5 2 3 3 3 3 3 0 5 5 5 2 3 3 3 3 3 3 4 2 4 3 5 5 5 5 0 2 3 3 3 3 3 3 5 3 5 3 5 0 0 0 0 0 0 1 1 1 0 0 0 0 1 1 1 0 0 0 0 1
0 49 3 5 2 5 2 5 3 5 2 5 2 5 2 5 5 0 5 2 0 2 5 2 5 0 0 2 0 0 2 4 4 4 3 3 3 3 3 3 3 1 4 2 5 3 2 3 2 1 4
0 12 1 1 1 1 0 4 1 4 0 4 1 4
0 29 0 0 1 1 1 1 1 0 0 0 0 0 0 1 1 1 1 4 1 4 0 4 0 4 1 4 5 4 5
0 47 2 5 3 5 1 1 1 0 0 1 1 1 1 0 0 0 0 0 0 0 0 0 0 0 0 0 0 0 0 0 0 0 0 1 1 1 1 0 0 0 0 0 0 1 1 1 4
0 71 3 5 2 5 3 5 0 5 0 5 5 5 3 2 1 4 3 2 4 2 5 5 5 5 1 2 1 2 1 2 1 0 1 0 3 5 2 5 3 5 0 0 0 0 0 0 0 0 0 0 0 0 0 0 0 0 0 0 1 1 0 0 1 0 0 0 0 1 4 1 4
0 16 0 4 1 4 0 0 0 1 1 0 0 1 5 4 5 4
0 17 0 0 0 4 1 4 1 4 1 4 5 4 5 4 5 4 5
0 32 0 0 0 0 1 1 1 0 0 0 0 0 0 0 0 0 0 1 1 1 1 1 1 1 1 0 0 1 1 1 1 1
0 20 0 0 0 0 0 0 1 1 1 0 0 0 0 0 0 1 1 1 1 1
0 31 2 5 2 5 2 5 4 4 1 4 4 2 5 5 5 5 1 4 3 2 3 2 3 2 2 5 0 0 4 1 4
0 9 5 3 5 5 5 5 0 4 1
0 8 3 2 4 3 2 3 2 1
0 16 0 0 0 0 0 0 1 1 1 0 0 0 0 0 0 1
0 8 1 1 1 1 0 4 1 4
0 12 0 0 0 4 1 4 1 4 1 4 5 4
0 164 0 0 0 0 0 0 1 1 1 0 0 0 0 0 0 1 1 1 1 1 1 0 0 0 0 0 0 1 1 1 1 0 0 0 4 0 4 1 4 0 4 5 4 5 4 0 5 5 5 3 4 4 4 4 0 5 4 3 2 3 2 3 2 3 2 3 2 2 0 0 1 1 1 1 1 0 0 0 0 0 0 0 0 1 0 0 0 0 0 0 1 1 1 0 0 0 0 0 0 0 0 0 0 1 4 0 4 1 4 1 4 1 4 5 4 5 4 5 4 5 4 0 5 1 4 3 2 2 3 2 2 2 2 0 0 0 0 0 0 0 0 0 0 1 1 1 1 1 0 0 1 1 1 0 0 0 0 0 0 0 0 1 1 1
0 171 0 0 0 0 0 0 0 0 0 0 0 0 0 0 0 0 0 0 1 0 0 0 0 0 0 0 0 0 0 0 0 1 1 1 1 0 4 0 4 1 4 1 4 5 4 5 4 5 4 0 5 5 5 0 0 5 2 4 3 5 0 5 0 0 2 4 2 0 2 3 3 4 3 0 0 5 0 2 3 3 3 3 0 5 2 0 2 5 5 2 4 4 0 0 0 0 1 1 1 0 0 0 0 1 1 1 1 1 0 0 0 0 0 0 0 0 0 0 1 0 0 0 0 0 0 0 0 0 0 1 4 5 4 5 4 0 0 0 0 0 0 0 1 1 1 0 0 0 0 0 0 0 0 0 0 0 0 0 0 0 0 0 0 0 0 1 1 1 0 0 1
0 8 0 0 0 4 1 4 1 4
0 83 5 0 3 3 3 3 0 5 5 5 2 3 3 3 5 5 0 0 5 2 3 3 3 3 3 5 5 5 5 5 2 5 5 2 0 2 0 2 3 3 3 3 3 0 0 0 4 0 4 1 4 1 4 5 4 5 4 5 4 5 4 0 1 0 0 0 0 0 0 0 0 0 0 1 0 0 0 0 0 0 1 1 1
0 49 5 3 3 3 3 3 3 5 0 5 5 2 2 5 5 5 5 2 3 5 0 0 5 2 3 3 3 3 4 3 3 0 2 3 3 5 0 0 0 2 4 3 3 3 3 5 1 2 1
0 61 5 0 3 3 3 3 0 5 5 5 2 3 3 3 5 5 0 0 5 2 3 3 3 3 3 5 5 5 5 5 2 5 5 2 0 2 0 2 3 3 3 3 3 0 0 0 4 0 4 1 4 1 4 5 4 5 4 5 4 5 4
0 37 5 2 5 4 5 3 5 3 5 3 4 1 0 5 3 4 4 4 1 4 3 2 2 3 2 3 2 3 2 3 2 3 2 2 2 2 1
0 68 0 0 0 0 1 1 1 0 0 0 0 0 0 0 0 0 0 1 1 1 1 1 1 1 1 0 0 1 1 1 1 1 1 4 0 4 5 4 5 4 5 4 5 4 0 3 5 2 5 2 5 2 5 2 5 0 0 0 0 1 0 0 1 1 1 4 1 4
0 19 0 0 0 0 0 0 0 0 0 0 0 0 0 0 0 0 0 0 1
0 14 1 1 1 1 0 4 1 4 0 4 1 4 5 4
0 38 0 0 0 0 0 0 1 1 1 0 0 0 0 0 0 1 1 1 1 1 1 0 0 0 0 0 0 1 1 1 1 0 0 0 4 0 4 1
0 7 3 5 0 0 0 0 1
0 4 0 4 1 4
0 50 3 5 0 0 0 0 1 1 1 1 1 1 0 0 0 0 0 0 0 0 0 0 1 1 1 4 1 4 0 4 0 4 5 4 5 4 0 3 5 2 5 2 5 1 4 0 4 1 4 5
0 17 1 1 1 1 0 4 1 4 0 4 1 4 5 4 5 4 5
0 42 0 0 0 0 0 0 0 0 0 0 1 1 1 1 0 0 0 0 0 0 0 0 0 0 0 0 0 0 0 0 1 0 0 0 0 1 0 4 1 4 5 4
0 68 3 5 0 0 0 0 1 1 1 1 1 1 0 0 0 0 0 0 0 0 0 0 1 1 1 4 1 4 0 4 0 4 5 4 5 4 0 3 5 2 5 2 5 1 4 0 4 1 4 5 4 0 0 0 0 0 1 1 1 1 0 0 0 0 1 4 5 4
0 48 3 5 0 0 0 0 1 1 1 1 1 1 0 0 0 0 0 0 0 0 0 0 1 1 1 4 1 4 0 4 0 4 5 4 5 4 0 3 5 2 5 2 5 1 4 0 4 1
0 64 0 4 1 4 0 0 0 1 1 0 0 1 5 4 5 4 0 0 0 1 1 1 1 0 0 0 0 0 0 0 0 1 1 1 1 1 1 1 0 0 0 0 0 0 0 0 0 0 1 1 4 5 4 5 4 5 4 0 5 1 0 1 2 1
0 40 2 5 2 5 2 5 4 4 1 4 4 2 5 5 5 5 1 4 3 2 3 2 3 2 2 5 0 0 4 1 4 0 4 0 4 1 4 5 4 5
0 9 2 5 2 5 2 5 4 4 1
0 29 5 0 0 5 1 0 2 5 2 5 3 5 3 5 5 5 1 4 3 2 2 3 2 4 1 4 3 2 3
0 67 2 5 2 5 2 5 4 4 1 4 4 2 5 5 5 5 1 4 3 2 3 2 3 2 2 5 0 0 4 1 4 0 4 0 4 1 4 5 4 5 4 5 4 0 0 0 1 1 1 1 1 0 0 0 0 0 0 1 1 1 0 0 0 0 1 1 1
0 23 1 1 1 1 0 4 1 4 0 4 1 4 5 4 5 4 5 4 0 4 4 1 4
0 63 5 0 3 3 3 3 0 5 5 5 2 3 3 3 5 5 0 0 5 2 3 3 3 3 3 5 5 5 5 5 2 5 5 2 0 2 0 2 3 3 3 3 3 0 0 0 4 0 4 1 4 1 4 5 4 5 4 5 4 5 4 0 1
0 29 1 4 3 2 3 2 3 2 1 4 2 2 5 2 5 5 1 2 1 0 1 0 1 2 1 4 1 4 5
0 30 1 1 1 0 0 0 0 0 0 0 0 1 1 0 0 0 0 0 0 0 0 1 1 1 1 1 0 4 1 4
0 102 5 4 0 5 0 0 2 4 3 5 2 3 3 3 3 3 5 0 5 2 0 0 0 5 2 3 3 3 3 3 0 5 5 5 2 3 3 3 3 3 3 4 2 4 3 5 5 5 5 0 2 3 3 3 3 3 3 5 3 5 3 5 0 0 0 0 0 0 1 1 1 0 0 0 0 1 1 1 0 0 0 0 1 0 0 0 0 0 0 0 0 0 0 0 0 0 0 0 0 1 1 1
0 9 0 0 0 0 0 0 1 1 1
0 19 3 5 2 5 3 5 0 5 0 5 5 5 3 2 1 4 3 2 4
0 6 0 0 0 4 1 4
0 69 0 0 0 0 1 1 1 0 0 0 0 0 0 0 0 0 0 1 1 1 1 1 1 1 1 0 0 1 1 1 1 1 1 4 0 4 5 4 5 4 5 4 5 4 0 3 5 2 5 2 5 2 5 2 5 0 0 0 0 1 0 0 1 1 1 4 1 4 1
0 27 3 5 2 5 3 5 0 5 0 5 5 5 3 2 1 4 3 2 4 2 5 5 5 5 1 2 1
0 78 3 5 2 5 3 5 0 5 0 5 5 5 3 2 1 4 3 2 4 2 5 5 5 5 1 2 1 2 1 2 1 0 1 0 3 5 2 5 3 5 0 0 0 0 0 0 0 0 0 0 0 0 0 0 0 0 0 0 1 1 0 0 1 0 0 0 0 1 4 1 4 1 4 0 4 1 4 5
0 10 5 2 3 2 2 1 4 3 2 4
0 46 2 5 3 5 1 1 1 0 0 1 1 1 1 0 0 0 0 0 0 0 0 0 0 0 0 0 0 0 0 0 0 0 0 1 1 1 1 0 0 0 0 0 0 1 1 1
0 100 5 0 3 3 3 3 0 5 5 5 2 3 3 3 5 5 0 0 5 2 3 3 3 3 3 5 5 5 5 5 2 5 5 2 0 2 0 2 3 3 3 3 3 0 0 0 4 0 4 1 4 1 4 5 4 5 4 5 4 5 4 0 1 0 0 0 0 0 0 0 0 0 0 1 0 0 0 0 0 0 1 1 1 1 0 0 1 1 1 0 0 0 0 0 0 0 0 0 0 1
0 5 1 4 3 2 3
0 41 0 0 0 0 0 0 0 0 0 0 1 1 1 1 0 0 0 0 0 0 0 0 0 0 0 0 0 0 0 0 1 0 0 0 0 1 0 4 1 4 5
0 80 3 5 2 5 3 5 0 5 0 5 5 5 3 2 1 4 3 2 4 2 5 5 5 5 1 2 1 2 1 2 1 0 1 0 3 5 2 5 3 5 0 0 0 0 0 0 0 0 0 0 0 0 0 0 0 0 0 0 1 1 0 0 1 0 0 0 0 1 4 1 4 1 4 0 4 1 4 5 4 5
0 58 5 0 3 3 3 3 0 5 5 5 2 3 3 3 5 5 0 0 5 2 3 3 3 3 3 5 5 5 5 5 2 5 5 2 0 2 0 2 3 3 3 3 3 0 0 0 4 0 4 1 4 1 4 5 4 5 4 5
0 4 3 2 1 4
0 36 2 5 3 5 1 1 1 0 0 1 1 1 1 0 0 0 0 0 0 0 0 0 0 0 0 0 0 0 0 0 0 0 0 1 1 1
0 65 0 0 0 0 0 0 0 0 0 0 1 1 1 1 0 0 0 0 0 0 0 0 0 0 0 0 0 0 0 0 1 0 0 0 0 1 0 4 1 4 5 4 5 4 5 4 0 0 0 0 0 1 1 1 1 1 1 1 0 0 0 0 0 0 1
0 131 0 0 0 0 0 0 0 0 0 0 0 0 0 0 0 0 0 0 1 0 0 0 0 0 0 0 0 0 0 0 0 1 1 1 1 0 4 0 4 1 4 1 4 5 4 5 4 5 4 0 5 5 5 0 0 5 2 4 3 5 0 5 0 0 2 4 2 0 2 3 3 4 3 0 0 5 0 2 3 3 3 3 0 5 2 0 2 5 5 2 4 4 0 0 0 0 1 1 1 0 0 0 0 1 1 1 1 1 0 0 0 0 0 0 0 0 0 0 1 0 0 0 0 0 0 0 0 0 0 1 4
0 44 2 5 3 5 1 1 1 0 0 1 1 1 1 0 0 0 0 0 0 0 0 0 0 0 0 0 0 0 0 0 0 0 0 1 1 1 1 0 0 0 0 0 0 1
0 34 0 0 0 0 0 0 0 0 0 0 0 0 0 0 0 0 0 0 1 0 0 0 0 0 0 0 0 0 0 0 0 1 1 1
0 55 3 5 3 5 2 5 2 5 2 5 5 5 1 4 3 2 3 2 3 2 4 2 3 2 3 2 3 2 1 4 2 1 4 2 5 5 5 5 5 5 1 0 4 0 4 1 4 5 4 5 4 5 4 5 4
0 15 0 0 0 4 1 4 1 4 1 4 5 4 5 4 5
0 59 3 5 2 5 3 5 0 5 0 5 5 5 3 2 1 4 3 2 4 2 5 5 5 5 1 2 1 2 1 2 1 0 1 0 3 5 2 5 3 5 0 0 0 0 0 0 0 0 0 0 0 0 0 0 0 0 0 0 1
0 5 0 0 0 4 1
0 16 0 0 0 4 1 4 1 4 1 4 5 4 5 4 5 4
0 21 5 2 5 4 5 3 5 3 5 3 4 1 0 5 3 4 4 4 1 4 3
0 51 3 5 2 5 2 5 3 5 2 5 2 5 2 5 5 0 5 2 0 2 5 2 5 0 0 2 0 0 2 4 4 4 3 3 3 3 3 3 3 1 4 2 5 3 2 3 2 1 4 1 4
