1003 6
1 0 
1 13 3 0 1 3 3 5 1 3 3 5 1 3 0
1 51 3 1 1 2 1 2 2 2 1 0 1 1 5 1 1 1 1 1 5 1 5 0 1 1 5 1 1 1 1 1 5 1 5 0 1 3 1 1 1 4 0 1 3 1 1 1 1 1 4 0 1
1 15 1 1 1 1 1 3 3 5 1 3 3 5 1 2 3
1 9 2 2 2 2 2 2 2 2 1
1 21 5 1 1 1 1 3 3 0 5 2 0 0 0 4 0 0 5 3 0 3 0
1 24 1 1 2 2 1 1 3 3 5 2 2 1 1 5 0 1 0 1 1 1 1 5 0 1
1 4 0 0 5 0
1 2 2 1
1 4 1 5 5 3
1 12 1 1 1 3 5 0 0 0 0 0 4 3
1 34 1 1 1 2 1 3 1 1 1 4 0 1 1 1 1 5 1 1 1 5 0 1 1 1 0 1 0 1 1 5 1 1 0 1
1 2 3 2
1 14 3 0 0 0 0 0 5 1 0 5 0 0 0 5
1 3 0 5 5
1 5 5 5 0 5 0
1 22 1 3 3 5 2 1 2 1 1 1 1 1 1 1 1 1 3 5 1 1 0 1
1 34 1 1 1 3 5 5 5 3 0 3 5 5 3 3 2 0 0 0 0 4 0 0 0 0 0 0 5 0 0 0 0 5 3 0
1 33 5 1 1 1 1 1 1 1 1 1 1 0 1 0 1 0 1 2 0 0 0 4 3 0 0 0 0 4 2 1 1 1 2
1 19 2 1 1 1 1 1 5 1 5 1 1 1 1 0 1 1 5 0 1
1 2 0 0
1 41 0 0 0 0 4 5 5 1 3 3 5 3 0 0 4 3 2 1 1 2 2 2 3 1 1 1 4 0 1 1 1 1 1 1 5 0 1 3 4 0 1
1 3 0 0 0
1 16 2 2 3 2 3 2 2 3 2 2 2 1 2 1 2 1
1 5 1 2 1 1 1
1 25 1 1 1 1 3 5 1 3 3 5 0 0 0 0 4 4 1 1 5 5 3 2 3 0 3
1 7 2 1 2 2 1 2 1
1 14 3 0 0 0 5 0 0 0 0 0 0 5 0 5
1 50 5 2 0 1 0 1 0 1 2 3 2 1 3 0 1 1 1 2 3 1 4 0 1 3 1 1 1 1 1 4 0 1 1 1 1 1 1 5 1 1 0 1 3 1 1 1 1 4 0 1
1 1 5
1 10 0 0 5 3 0 3 0 0 0 5
1 11 1 2 3 1 1 1 1 1 4 0 1
1 71 1 3 3 5 1 1 2 3 0 0 1 0 1 0 1 1 1 1 1 1 1 1 1 1 1 0 1 0 1 2 2 2 1 1 1 3 1 1 1 4 0 1 3 1 1 1 1 1 4 0 1 3 4 0 1 1 5 1 1 1 5 1 5 1 1 0 1 1 5 0 1
1 5 2 2 1 1 2
1 19 5 5 0 0 0 0 0 4 3 5 5 5 5 0 1 0 1 2 3
1 4 2 1 3 3
1 1 0
1 17 1 1 1 1 1 1 1 1 1 1 1 1 1 1 3 5 3
1 9 2 2 3 3 5 2 5 5 2
1 13 1 1 1 1 1 1 1 1 1 1 3 5 2
1 30 1 2 1 1 1 1 0 1 0 1 3 4 0 1 3 1 1 1 4 0 1 3 1 1 1 1 1 4 0 1
1 28 0 4 3 1 3 2 3 2 5 5 5 1 1 1 1 1 1 1 1 3 2 1 1 1 0 0 0 5
1 58 0 0 0 0 4 0 1 0 1 0 1 2 3 2 1 3 0 1 3 3 5 0 1 0 1 0 1 0 1 0 1 2 3 0 1 2 2 1 3 1 1 1 1 4 0 1 0 1 1 1 0 1 1 5 0 1 0 1
1 34 1 0 0 0 0 0 4 3 0 0 1 0 1 0 1 0 1 1 1 1 1 1 1 1 1 3 2 5 5 1 0 0 0 5
1 3 5 5 3
1 8 3 2 4 1 1 5 2 3
1 11 2 1 2 2 2 3 3 2 1 2 1
1 28 3 2 3 2 1 5 5 5 2 1 3 2 3 2 3 2 2 1 1 1 1 3 5 1 1 3 5 3
1 9 2 1 2 3 2 2 3 2 1
1 19 3 3 3 0 3 4 0 1 3 1 1 1 1 1 4 0 1 0 1
1 1 2
1 51 0 1 0 1 0 1 0 1 2 3 0 1 0 1 0 1 2 1 1 1 1 1 1 1 1 3 5 0 1 3 4 0 1 3 4 0 1 3 1 1 1 1 1 4 0 1 3 1 4 0 1
1 25 1 3 3 5 2 1 1 2 2 3 2 2 1 0 0 0 0 0 5 1 1 0 0 0 5
1 11 1 1 1 1 1 1 1 1 3 5 3
1 37 2 2 2 1 1 2 3 2 0 0 0 0 0 4 2 1 1 1 5 1 5 0 1 1 5 0 1 1 1 0 1 3 1 1 4 0 1
1 20 5 2 0 0 0 0 4 5 0 1 0 1 1 1 1 1 1 1 4 3
1 43 3 5 1 1 4 5 5 1 5 2 1 1 0 1 0 1 0 1 0 1 2 1 1 5 1 1 1 1 3 1 0 0 0 4 5 5 1 3 0 3 2 3 2
1 15 2 3 2 2 2 2 2 1 3 3 2 2 2 2 1
1 14 4 0 1 0 1 5 2 0 0 0 0 0 4 2
1 11 2 1 2 1 2 1 2 2 2 3 2
1 4 5 0 5 0
1 7 2 1 2 3 2 2 1
1 32 1 1 1 1 3 5 1 1 1 1 1 1 1 1 3 5 5 5 0 0 4 1 5 5 4 0 0 0 5 1 3 0
1 14 1 3 3 5 0 0 0 0 4 1 3 3 5 3
1 3 2 5 5
1 39 2 2 2 2 2 5 2 2 5 5 0 4 1 3 2 1 2 3 1 1 1 4 0 1 0 1 3 4 0 1 3 1 1 1 1 1 4 0 1
1 3 0 0 5
1 38 3 5 5 3 0 0 0 0 0 4 3 2 3 5 1 1 0 0 0 0 0 4 0 0 0 0 4 4 3 2 1 0 0 0 0 0 4 2
1 55 3 5 5 1 1 1 1 1 1 1 1 1 1 1 2 3 0 0 1 2 1 0 1 0 1 0 1 0 1 0 1 1 1 1 1 1 1 1 1 1 1 2 2 1 3 1 1 1 4 0 1 1 1 0 1
1 4 0 5 5 0
1 4 5 5 5 0
1 21 0 1 0 1 1 1 1 1 3 2 1 1 1 1 2 3 1 1 4 0 1
1 5 0 5 5 5 0
1 5 2 1 2 2 1
1 1 3
1 7 5 2 3 2 3 5 2
1 10 3 0 3 1 1 0 0 0 0 5
1 27 1 1 2 1 1 1 1 5 1 5 0 1 1 1 1 1 0 1 3 1 1 1 1 1 4 0 1
1 8 1 1 1 0 0 0 0 5
1 4 0 0 0 0
1 57 1 1 3 5 1 5 1 1 1 1 1 1 1 1 1 1 0 4 3 2 0 0 4 3 2 0 1 0 1 2 5 1 1 5 5 3 2 0 0 0 0 4 1 1 1 1 5 1 5 1 1 0 1 3 4 0 1
1 55 0 0 0 0 4 3 0 0 0 0 0 4 1 1 3 0 5 1 1 1 1 1 1 5 5 5 5 0 0 0 0 4 0 1 0 1 0 1 1 1 1 1 1 1 1 1 5 5 1 1 1 1 0 0 5
1 7 2 1 3 2 2 2 2
1 17 3 0 3 0 5 5 1 3 0 1 1 3 5 2 2 3 0
1 50 1 3 3 5 3 3 2 0 4 0 1 0 1 2 5 1 1 1 1 1 2 1 2 1 3 3 2 4 1 2 1 3 1 1 1 4 0 1 3 1 1 1 4 0 1 3 1 4 0 1
1 14 0 1 0 1 0 1 2 0 0 0 4 5 5 2
1 32 1 2 1 3 1 1 1 4 0 1 1 1 1 5 1 1 1 5 1 1 0 1 1 1 1 1 1 1 1 5 0 1
1 4 2 1 2 1
1 3 1 0 1
1 7 2 2 2 2 2 2 1
1 42 5 5 5 5 3 3 3 0 3 2 3 2 0 1 2 5 5 1 3 1 1 1 1 4 0 1 1 5 0 1 1 5 1 1 1 1 1 1 1 5 0 1
1 11 2 1 2 2 2 2 2 1 2 1 3
1 2 2 3
1 48 5 2 0 1 1 1 1 1 1 1 1 1 1 3 3 5 5 0 1 0 1 0 1 0 1 1 1 1 1 1 1 1 1 1 1 3 2 5 5 3 0 0 0 5 0 5 3 0
1 19 1 3 3 5 1 5 5 0 1 2 2 1 2 1 2 3 0 0 5
1 37 2 2 2 1 1 1 1 1 5 1 1 1 5 0 1 1 1 1 5 0 1 1 1 0 1 1 1 1 5 1 1 1 5 1 5 0 1
1 41 1 3 3 5 2 3 1 4 0 1 1 1 1 1 1 5 1 5 0 1 3 1 1 1 4 0 1 1 1 0 1 1 5 1 1 1 5 1 1 0 1
1 10 1 3 3 5 1 1 1 1 1 1
1 4 5 5 0 5
1 2 0 5
1 2 1 3
1 8 1 3 3 5 3 0 3 0
1 16 0 0 5 0 0 0 0 0 0 5 0 0 0 5 0 5
1 4 0 5 0 5
1 56 1 2 2 2 2 3 0 0 0 0 0 0 4 1 3 2 3 0 0 0 0 0 0 4 0 0 4 1 1 1 1 3 5 5 2 2 2 2 2 2 1 1 1 5 1 1 1 1 1 1 0 1 3 4 0 1
1 14 1 2 1 1 2 2 1 5 1 1 1 5 0 1
1 5 3 2 2 3 2
1 10 1 1 1 1 3 5 2 1 2 2
1 31 1 3 0 0 1 0 1 0 1 0 1 1 1 1 1 5 5 3 1 1 3 1 1 1 2 1 1 1 1 1 2
1 44 1 3 3 5 3 2 0 0 0 0 4 0 4 3 1 0 0 0 0 4 1 0 0 0 0 0 5 0 0 0 0 0 0 5 0 0 0 0 5 0 0 5 3 0
1 34 5 2 1 1 5 5 3 3 1 2 1 1 1 1 1 1 1 5 1 1 0 1 1 1 1 1 0 1 0 1 3 4 0 1
1 36 1 1 1 1 1 1 1 1 1 1 3 5 0 1 0 1 0 1 2 0 1 0 1 1 1 1 1 1 1 1 1 1 1 3 0 2
1 42 1 3 3 5 3 3 0 3 2 3 3 3 0 0 4 1 1 1 1 3 5 3 4 0 1 3 4 0 1 3 1 4 0 1 1 5 1 5 1 5 0 1
1 65 3 0 1 2 0 1 0 1 0 1 0 1 0 1 1 1 2 1 2 3 2 4 0 1 0 1 0 1 0 1 1 1 1 1 1 1 1 1 5 5 3 1 4 0 1 1 5 1 1 1 1 0 1 1 1 1 5 1 5 0 1 1 1 0 1
1 17 1 3 3 5 2 2 1 2 2 1 3 3 5 1 1 1 1
1 47 3 2 5 5 0 0 0 4 3 0 1 3 3 5 1 3 3 5 1 2 3 4 0 1 1 1 1 1 0 1 3 1 1 1 4 0 1 1 1 1 5 1 1 1 1 0 1
1 3 5 0 0
1 53 1 1 1 1 1 1 1 1 1 1 3 5 2 3 2 0 1 0 1 0 1 2 3 0 2 2 3 1 1 1 4 0 1 1 1 1 5 0 1 1 1 1 1 1 5 1 1 1 5 0 1 0 1
1 65 3 0 3 0 0 1 0 1 0 1 0 1 2 3 2 2 1 1 1 3 1 5 2 3 0 1 0 1 0 1 0 1 0 1 1 1 1 1 1 1 1 1 1 1 2 2 2 1 1 1 1 1 5 0 1 1 5 1 5 1 1 1 1 0 1
1 8 2 2 2 3 2 1 2 1
0 23 1 1 4 4 1 3 3 5 3 2 0 0 4 3 0 0 0 0 4 3 0 0 0
0 6 3 0 0 0 5 0
0 6 1 3 3 5 0 0
0 39 0 0 0 0 0 4 0 1 0 1 1 1 1 3 2 0 1 2 5 2 3 2 3 0 0 4 5 5 2 2 2 1 3 3 5 1 0 0 0
0 13 2 1 3 3 5 5 1 1 1 1 5 5 0
0 37 0 0 0 4 1 3 3 5 3 3 2 1 3 3 5 1 1 3 0 0 0 5 0 0 0 0 0 0 5 0 0 0 0 0 0 5 0
0 7 1 5 2 3 0 1 0
0 45 2 1 2 1 1 2 1 1 1 1 1 1 1 1 1 1 1 3 5 2 1 1 2 3 4 0 1 1 1 1 1 0 1 3 1 1 1 1 1 4 0 1 1 5 0
0 34 0 1 0 1 0 1 0 1 0 1 2 1 1 1 1 2 3 1 1 1 1 1 4 0 1 1 1 1 1 1 1 1 5 0
0 11 1 5 2 3 0 3 0 3 0 0 0
0 9 3 0 0 1 0 1 0 1 0
0 33 5 5 5 5 5 1 1 1 1 1 1 1 3 3 5 1 1 1 1 5 1 5 1 1 0 1 3 4 0 1 1 5 0
0 21 2 1 1 2 1 0 1 3 1 1 1 1 1 4 0 1 3 1 1 4 0
0 18 1 3 3 5 2 1 5 2 1 3 3 5 0 0 0 0 0 0
0 13 1 3 3 5 1 1 1 1 3 5 0 0 0
0 36 1 1 1 1 3 5 1 1 2 1 1 1 3 5 1 3 3 5 3 1 1 1 4 0 1 1 5 1 1 1 1 1 1 1 1 0
0 7 3 2 5 5 0 1 0
0 36 0 0 0 0 4 3 2 5 1 1 3 0 3 2 1 1 1 1 1 1 1 1 1 1 3 5 2 0 0 0 0 0 5 0 0 0
0 16 1 1 1 1 1 1 1 1 3 5 0 1 2 0 1 0
0 56 2 1 2 5 5 0 4 5 1 1 1 1 1 1 1 1 1 1 3 5 1 5 1 1 1 1 1 1 2 1 3 1 4 0 1 1 1 1 5 1 5 1 5 1 1 0 1 1 1 1 1 0 1 1 5 0
0 31 3 3 2 5 1 1 1 1 1 1 0 4 3 3 2 1 1 1 1 5 1 5 1 5 0 1 1 1 1 1 0
0 9 0 0 5 3 0 0 0 0 0
0 21 3 2 3 3 1 1 2 1 0 1 1 5 1 5 1 5 1 1 0 1 0
0 15 0 0 0 4 3 5 1 3 3 5 5 5 1 1 0
0 61 0 1 0 1 0 1 0 1 1 1 1 1 1 1 1 3 5 2 3 2 0 0 0 4 5 5 1 3 3 5 2 2 1 5 1 1 1 1 1 1 0 1 3 1 1 1 1 4 0 1 1 5 1 1 0 1 3 1 1 4 0
0 47 3 2 5 5 5 2 5 5 3 3 2 0 1 0 1 0 1 0 1 2 5 1 1 1 1 1 1 1 1 1 1 0 1 0 1 0 1 0 1 2 2 2 1 1 1 1 0
0 27 1 2 1 1 2 1 1 2 1 1 1 1 1 0 1 3 1 4 0 1 3 1 1 1 1 4 0
0 37 5 2 0 1 0 1 0 1 0 1 0 1 1 1 1 1 1 1 5 1 1 1 1 1 1 1 1 1 1 5 1 1 3 2 0 1 0
0 21 1 2 1 1 1 1 1 3 5 0 1 0 1 2 5 1 1 3 2 1 0
0 20 5 5 3 2 1 3 0 3 0 5 5 3 0 3 0 0 1 0 1 0
0 9 2 2 1 1 0 0 5 0 0
0 13 1 1 1 1 3 5 0 1 0 1 0 1 0
0 37 1 1 1 1 1 1 1 1 1 1 0 1 0 1 2 5 1 1 1 1 1 1 1 1 3 3 2 3 2 2 3 2 0 1 0 1 0
0 25 3 5 2 3 2 3 1 2 2 2 1 1 1 1 1 1 1 1 0 1 3 1 1 4 0
0 25 1 1 2 2 2 1 3 3 5 5 1 1 1 1 1 1 3 0 1 0 1 0 1 2 0
0 25 1 3 3 5 1 3 3 5 1 2 3 4 0 1 3 4 0 1 3 1 1 1 1 4 0
0 40 1 2 3 2 1 3 3 5 2 1 2 2 2 1 2 1 3 1 1 1 4 0 1 1 5 1 5 1 5 1 5 0 1 3 1 1 1 1 4 0
0 17 0 0 0 0 0 4 3 0 3 0 0 4 3 2 3 0 0
0 55 0 1 0 1 0 1 0 1 1 1 1 1 1 1 1 3 5 2 3 2 0 0 0 4 5 5 1 3 3 5 2 2 1 5 1 1 1 1 1 1 0 1 3 1 1 1 1 4 0 1 1 5 1 1 0
0 18 1 0 0 4 5 2 1 3 0 2 1 1 1 0 1 1 5 0
0 12 1 5 5 2 3 2 1 5 5 1 0 0
0 30 1 1 1 1 3 5 3 0 5 1 1 1 1 1 1 1 1 0 1 0 1 1 1 1 1 5 2 0 1 0
0 34 1 1 1 1 5 1 1 1 1 1 5 0 1 1 1 1 1 1 1 0 1 1 5 1 1 1 1 0 1 1 5 1 1 0
0 30 0 1 0 1 2 5 5 4 0 0 4 0 0 0 0 0 4 3 0 3 1 5 1 1 1 3 0 0 0 0
0 26 1 1 4 4 1 3 3 5 3 2 0 0 4 3 0 0 0 0 4 3 0 0 0 0 0 0
0 34 1 2 1 1 5 1 1 1 1 3 3 3 0 0 1 0 1 0 1 0 1 2 3 0 0 0 4 0 1 0 1 0 1 0
0 35 3 0 4 0 1 0 1 0 1 0 1 0 1 2 5 5 3 2 5 1 1 1 1 1 1 1 1 5 1 1 1 1 3 1 0
0 23 2 1 3 5 2 2 1 3 1 1 1 1 1 4 0 1 3 1 1 1 1 4 0
0 13 5 5 3 3 2 3 2 3 1 0 0 0 0
0 14 0 1 0 1 0 1 2 0 0 0 0 0 5 0
0 20 3 0 5 1 1 1 1 1 1 3 0 3 2 1 2 1 3 3 5 0
0 21 5 5 5 5 1 1 1 1 1 1 1 1 3 5 0 1 0 1 0 1 0
0 14 2 2 3 2 1 1 1 1 1 1 3 5 0 0
0 7 5 5 3 2 0 4 0
0 29 1 2 1 1 1 1 1 1 3 5 5 1 1 0 0 4 1 2 1 0 5 0 5 0 0 0 0 0 0
0 42 3 2 5 5 0 1 0 1 1 1 1 1 3 2 5 2 2 2 2 2 1 3 1 1 1 1 1 4 0 1 1 5 1 5 1 5 0 1 3 1 4 0
0 41 1 3 0 5 1 1 1 1 1 1 1 1 0 0 4 1 3 1 1 1 1 4 0 1 1 1 1 1 1 1 0 1 1 5 1 5 1 5 1 1 0
0 12 3 2 5 2 3 5 5 0 1 0 1 0
0 9 1 3 3 5 1 0 0 0 0
0 11 3 2 5 5 0 1 0 1 0 1 0
0 8 0 1 0 1 2 0 4 0
0 13 5 1 1 1 1 1 1 1 3 2 3 0 0
0 25 0 0 0 0 0 4 0 1 0 1 1 1 1 3 2 0 1 2 5 2 3 2 3 0 0
0 26 3 0 1 0 1 0 1 0 1 2 3 2 3 0 5 2 1 3 2 3 3 3 0 0 0 0
0 14 1 2 1 1 2 1 1 2 1 1 1 1 1 0
0 26 0 1 0 1 2 5 2 3 5 1 1 1 1 1 1 1 1 1 1 0 1 0 1 0 1 0
0 10 1 2 2 0 1 0 1 0 1 0
0 10 1 1 1 2 3 0 5 2 0 0
0 34 0 1 0 1 2 5 5 4 0 0 4 0 0 0 0 0 4 3 0 3 1 5 1 1 1 3 0 0 0 0 5 0 5 3
0 50 5 5 3 2 1 3 0 3 0 5 5 3 0 3 0 0 1 0 1 0 1 0 1 0 1 1 3 3 5 5 5 3 2 3 2 1 2 2 3 4 0 1 3 1 4 0 1 3 4 0
0 4 0 0 4 0
0 8 1 2 2 3 1 1 4 0
0 6 2 2 1 1 0 0
0 24 1 2 1 1 1 1 1 1 3 5 5 1 1 0 0 4 1 2 1 0 5 0 5 0
0 18 1 1 1 1 1 1 3 5 3 2 3 2 1 3 1 1 4 0
0 24 0 0 0 4 0 1 0 1 0 1 0 1 2 0 0 0 0 4 5 5 0 0 0 0
0 13 2 3 5 2 4 2 1 2 2 3 1 4 0
0 41 1 1 1 1 1 1 1 1 3 5 1 3 3 5 3 2 0 0 0 4 3 2 2 2 2 1 5 1 1 1 5 1 5 0 1 3 1 1 1 4 0
0 35 0 0 0 4 1 3 3 5 3 3 2 1 3 3 5 1 1 3 0 0 0 5 0 0 0 0 0 0 5 0 0 0 0 0 0
0 22 1 1 1 1 1 1 3 5 1 1 1 2 1 0 1 0 1 0 1 0 1 0
0 12 5 1 1 1 1 1 1 0 1 0 1 0
0 41 2 1 3 3 5 5 1 1 1 1 5 5 0 0 0 4 1 1 1 1 3 5 1 3 3 5 1 5 1 5 1 1 1 1 1 5 0 1 0 1 0
0 51 2 1 2 1 1 2 1 1 1 1 1 1 1 1 1 1 1 3 5 2 1 1 2 3 4 0 1 1 1 1 1 0 1 3 1 1 1 1 1 4 0 1 1 5 0 1 1 5 1 5 0
0 32 0 0 0 0 4 3 2 5 1 1 3 0 3 2 1 1 1 1 1 1 1 1 1 1 3 5 2 0 0 0 0 0
0 23 1 3 3 5 2 1 2 2 1 3 5 2 1 5 1 5 0 1 3 1 1 4 0
0 13 2 2 1 1 2 3 2 5 2 3 0 0 0
0 15 1 1 1 1 3 5 0 1 0 1 0 1 0 1 0
0 6 1 0 0 0 0 0
0 20 1 1 1 1 2 1 1 1 1 1 5 0 1 0 1 1 1 1 5 0
0 10 3 0 4 0 1 0 1 0 1 0
0 9 5 5 1 1 0 1 0 1 0
0 38 1 3 3 5 1 3 3 5 5 2 5 5 5 1 2 2 1 1 1 3 4 0 1 3 4 0 1 1 5 1 1 1 1 1 1 1 1 0
0 15 1 1 3 1 1 4 0 1 0 1 3 1 1 4 0
0 14 1 1 1 2 3 0 5 2 0 0 0 5 0 0
0 11 1 1 1 1 1 1 1 1 3 5 0
0 16 1 1 4 4 1 3 3 5 3 2 0 0 4 3 0 0
0 38 0 1 0 1 2 5 2 3 5 1 1 1 1 1 1 1 1 1 1 0 1 0 1 0 1 0 1 0 1 2 2 3 1 1 1 1 4 0
0 27 2 2 3 2 1 1 1 1 1 1 3 5 0 0 4 4 1 5 1 1 1 5 1 1 1 1 0
0 47 1 3 3 5 1 3 3 5 5 2 5 5 5 1 2 2 1 1 1 3 4 0 1 3 4 0 1 1 5 1 1 1 1 1 1 1 1 0 1 3 1 1 1 1 1 4 0
0 19 3 2 3 3 1 1 2 1 0 1 1 5 1 5 1 5 1 1 0
0 15 1 5 2 3 0 1 0 1 0 1 0 1 2 0 0
0 24 0 1 0 1 2 0 4 0 0 0 0 4 1 1 1 1 0 1 3 1 1 1 4 0
0 22 0 1 0 1 0 1 0 1 1 1 1 1 1 1 1 3 5 2 3 2 0 0
0 15 2 1 3 5 2 2 1 3 1 1 1 1 1 4 0
0 4 1 0 0 0
0 10 0 0 5 3 0 0 0 0 0 0
0 13 2 2 3 2 1 1 1 1 1 1 3 5 0
0 30 0 0 0 0 4 3 2 5 1 1 3 0 3 2 1 1 1 1 1 1 1 1 1 1 3 5 2 0 0 0
0 17 1 1 4 4 1 3 3 5 3 2 0 0 4 3 0 0 0
0 25 1 2 1 1 1 1 1 3 5 0 1 0 1 2 5 1 1 3 2 1 0 1 0 1 0
0 13 1 3 3 5 3 2 1 5 5 0 0 0 0
0 26 1 3 3 5 1 3 3 5 1 3 3 5 5 1 1 1 1 3 0 3 0 3 0 3 4 0
0 7 2 2 3 1 1 4 0
0 15 1 1 1 1 1 1 1 1 1 1 3 5 2 1 0
0 31 0 0 0 0 4 3 2 5 1 1 3 0 3 2 1 1 1 1 1 1 1 1 1 1 3 5 2 0 0 0 0
0 15 1 1 1 1 3 5 1 1 2 2 2 0 0 0 0
0 14 2 2 1 1 2 3 2 5 2 3 0 0 0 0
0 13 1 2 2 2 2 2 2 3 1 1 1 4 0
0 31 0 0 0 0 0 4 0 4 1 1 1 1 1 1 1 1 1 1 1 3 5 1 3 3 5 3 1 1 1 4 0
0 23 1 3 3 5 3 2 5 5 1 3 3 1 1 1 1 1 1 1 1 0 0 0 0
0 9 0 1 0 1 0 1 2 0 0
0 56 1 3 3 5 0 0 0 0 4 5 2 2 2 2 1 1 5 0 1 1 1 1 1 1 5 1 5 0 1 1 1 1 1 1 5 1 1 0 1 1 1 1 1 0 1 1 1 1 5 1 5 1 1 1 5 0
0 5 0 0 0 4 0
0 18 1 1 1 1 3 5 0 1 0 1 0 1 0 1 0 1 2 0
0 27 1 2 2 0 1 0 1 0 1 0 1 4 4 1 2 1 1 1 1 3 4 0 1 3 1 4 0
0 9 3 0 5 5 3 3 0 0 0
0 13 1 5 2 3 0 3 0 3 0 0 0 5 0
0 46 1 1 1 1 3 5 0 1 0 1 0 1 0 1 0 1 2 0 1 0 1 1 1 1 1 1 1 1 1 1 1 3 0 1 3 3 5 3 0 3 4 1 1 3 0 0
0 37 0 0 0 0 0 4 3 0 3 0 0 4 3 2 3 0 0 1 0 1 0 1 0 1 0 1 1 1 1 1 1 1 1 1 0 1 0
0 5 1 0 0 0 0
0 7 3 0 0 1 0 1 0
0 22 1 3 3 5 1 3 3 5 5 2 5 5 5 1 2 2 1 1 1 3 4 0
0 34 0 0 0 0 4 1 3 2 5 5 5 5 2 5 2 3 2 0 1 0 1 0 1 0 1 0 1 1 1 1 1 1 1 0
0 39 1 1 1 1 3 5 3 2 3 2 5 2 1 1 1 1 3 5 3 0 5 5 0 1 0 1 2 1 3 2 0 1 2 3 1 1 1 4 0
0 13 1 3 0 0 1 0 1 0 1 2 0 0 0
0 40 1 1 1 1 1 1 1 1 1 1 3 5 3 0 2 2 1 1 5 1 1 1 1 1 5 1 5 0 1 1 5 1 1 1 5 1 5 1 1 0
0 31 3 0 1 1 1 2 2 1 3 4 0 1 1 5 0 1 1 5 1 5 0 1 1 1 1 5 1 5 1 5 0
0 41 2 1 2 1 1 2 1 1 1 1 1 1 1 1 1 1 1 3 5 2 1 1 2 3 4 0 1 1 1 1 1 0 1 3 1 1 1 1 1 4 0
0 12 3 0 4 0 1 0 1 0 1 0 1 0
0 16 1 5 2 3 0 1 0 1 0 1 0 1 2 0 0 0
0 3 1 0 0
0 10 1 3 3 5 3 2 1 5 5 0
0 8 3 0 5 5 3 3 0 0
0 30 1 1 1 1 3 5 1 3 3 5 1 3 1 1 1 1 4 0 1 1 5 1 5 1 1 1 1 1 5 0
0 20 2 2 1 3 3 5 2 1 1 1 1 1 5 1 5 1 1 1 1 0
0 34 1 2 2 2 2 2 2 3 1 1 1 4 0 1 0 1 3 1 4 0 1 3 1 1 1 1 4 0 1 1 1 1 5 0
0 37 1 3 3 5 1 3 3 5 1 2 3 4 0 1 3 4 0 1 3 1 1 1 1 4 0 1 1 5 1 5 1 1 1 1 1 5 0
0 14 0 1 0 1 2 5 5 4 0 0 4 0 0 0
0 8 3 5 2 5 2 0 1 0
0 11 3 0 0 1 0 1 0 1 0 1 0
0 8 3 0 1 0 1 0 1 0
0 31 1 3 2 5 5 5 5 0 1 0 1 0 1 0 1 0 1 1 1 1 1 1 1 1 1 3 5 3 0 1 0
0 49 3 5 5 0 1 0 1 0 1 1 1 1 1 1 1 1 1 5 1 1 1 1 1 1 1 1 3 0 1 2 2 2 3 2 3 5 5 1 3 2 2 2 1 5 1 1 1 1 0
0 36 5 1 1 1 1 1 1 1 3 3 5 3 5 2 3 0 5 5 1 1 1 1 1 1 1 1 1 1 3 0 3 2 0 0 0 0
0 17 1 1 1 1 2 1 1 1 1 1 5 0 1 3 1 4 0
0 15 0 1 0 1 0 1 2 0 0 0 0 0 5 0 0
0 11 1 1 2 2 3 1 1 1 1 4 0
0 12 3 2 5 5 5 2 5 5 3 3 2 0
0 41 5 1 1 1 1 1 1 1 3 3 5 3 5 2 3 0 5 5 1 1 1 1 1 1 1 1 1 1 3 0 3 2 0 0 0 0 0 5 0 0 0
0 23 1 3 3 5 3 2 4 1 1 1 1 1 1 3 5 1 1 3 5 1 1 5 0
0 7 3 0 5 5 5 5 0
0 25 2 1 2 1 1 1 1 1 1 5 1 1 1 5 0 1 1 5 1 5 1 5 1 5 0
0 12 1 3 3 5 1 1 1 1 3 5 0 0
0 46 2 1 1 2 3 5 3 2 0 1 0 1 0 1 1 1 1 1 1 1 1 1 3 2 3 2 0 1 0 1 0 1 5 5 2 2 2 2 2 3 1 1 1 1 4 0
0 3 1 2 0
0 11 0 5 0 0 0 0 0 5 3 0 3
0 45 5 1 1 1 1 1 1 1 3 3 5 3 5 2 3 0 5 5 1 1 1 1 1 1 1 1 1 1 3 0 3 2 0 0 0 0 0 5 0 0 0 0 5 1 3
0 4 0 0 5 3
0 7 0 0 5 3 0 0 0
0 27 1 2 1 1 1 1 1 1 3 5 5 1 1 0 0 4 1 2 1 0 5 0 5 0 0 0 0
0 8 1 2 2 2 2 3 2 0
0 11 1 3 0 0 1 0 1 0 1 2 0
0 14 1 1 1 1 1 1 1 1 3 5 3 0 0 0
0 18 1 1 1 1 1 1 1 1 3 5 1 3 3 5 3 2 0 0
0 21 3 3 2 1 5 2 1 1 1 3 1 1 1 1 1 4 0 1 1 1 0
0 35 5 1 1 1 1 1 1 1 3 3 5 3 5 2 3 0 5 5 1 1 1 1 1 1 1 1 1 1 3 0 3 2 0 0 0
0 23 3 2 3 2 3 0 5 2 3 2 1 2 1 1 1 1 3 5 2 2 1 2 0
0 22 5 5 3 2 1 3 0 3 0 5 5 3 0 3 0 0 1 0 1 0 1 0
0 23 1 3 0 5 1 1 1 1 1 1 1 1 0 0 4 1 3 1 1 1 1 4 0
0 18 5 2 1 1 1 1 1 1 1 1 1 1 5 2 2 1 5 0
0 10 1 3 3 5 5 3 0 0 1 0
0 19 1 3 3 5 3 2 1 5 5 0 0 0 0 4 5 5 5 2 0
0 13 1 1 1 1 1 1 1 1 1 1 0 1 0
0 15 2 1 3 3 5 5 1 1 1 1 5 5 0 0 0
0 26 1 1 2 2 2 1 3 3 5 5 1 1 1 1 1 1 3 0 1 0 1 0 1 2 0 0
0 14 2 1 2 1 1 3 3 5 3 0 0 0 0 0
0 31 5 1 1 1 1 1 1 1 1 1 1 5 5 3 5 2 3 3 1 1 1 1 4 0 1 3 1 1 1 4 0
0 49 1 1 1 1 1 1 1 1 1 1 3 5 3 0 2 2 1 1 5 1 1 1 1 1 5 1 5 0 1 1 5 1 1 1 5 1 5 1 1 0 1 3 1 1 1 1 1 4 0
0 22 4 1 0 0 0 0 0 4 2 2 1 1 5 1 1 1 5 0 1 1 5 0
0 26 1 2 1 1 5 1 1 1 1 3 3 3 0 0 1 0 1 0 1 0 1 2 3 0 0 0
0 11 5 2 0 1 0 1 0 1 0 1 0
0 33 1 0 0 4 5 2 1 3 0 2 1 1 1 0 1 1 5 0 1 3 1 1 4 0 1 3 1 1 1 1 1 4 0
0 56 1 1 2 2 2 1 3 3 5 5 1 1 1 1 1 1 3 0 1 0 1 0 1 2 0 0 4 1 1 1 1 1 1 5 1 5 1 1 0 1 3 1 4 0 1 1 1 1 1 1 1 1 1 1 1 0
0 34 0 4 1 1 3 3 5 1 1 1 5 1 1 0 1 1 5 1 5 0 1 1 1 1 1 1 5 0 1 0 1 1 1 0
0 10 3 0 5 2 3 0 5 1 1 0
0 16 1 1 1 1 1 1 3 5 1 1 1 2 1 0 1 0
0 10 1 3 3 5 1 5 5 3 2 0
0 16 1 1 1 2 3 0 5 2 0 0 0 5 0 0 0 0
0 9 3 2 3 3 1 1 2 1 0
0 37 3 0 4 0 1 0 1 0 1 0 1 0 1 2 5 5 3 2 5 1 1 1 1 1 1 1 1 5 1 1 1 1 3 1 0 0 0
0 6 2 1 2 5 5 0
0 12 5 5 3 3 2 3 2 3 1 0 0 0
0 29 5 5 5 5 5 1 1 1 1 1 1 1 3 3 5 1 1 1 1 5 1 5 1 1 0 1 3 4 0
0 14 1 1 1 1 3 5 1 1 2 2 2 0 0 0
0 18 0 0 0 0 4 1 3 2 5 5 5 5 2 5 2 3 2 0
0 19 1 1 1 1 2 1 1 1 1 1 5 0 1 3 1 4 0 1 0
0 27 1 2 1 1 1 1 1 3 5 0 1 0 1 2 5 1 1 3 2 1 0 1 0 1 0 1 0
0 21 1 1 1 1 1 1 1 1 1 1 3 5 5 5 5 2 1 0 0 0 0
0 6 1 3 0 0 5 3
0 15 1 1 1 2 3 0 5 2 0 0 0 5 0 0 0
0 15 1 3 3 5 1 3 3 5 1 0 0 0 5 0 0
0 28 1 1 1 1 2 1 1 1 1 1 5 0 1 3 1 4 0 1 0 1 3 1 1 1 1 1 4 0
0 21 0 0 0 4 1 3 3 5 3 3 2 1 3 3 5 1 1 3 0 0 0
0 64 1 2 1 1 5 1 1 1 1 3 3 3 0 0 1 0 1 0 1 0 1 2 3 0 0 0 4 0 1 0 1 0 1 0 1 1 1 1 1 1 1 1 1 5 2 3 2 5 1 1 0 1 0 1 1 1 5 1 1 5 5 1 1 0
0 16 5 5 3 2 1 3 0 3 0 5 5 3 0 3 0 0
0 25 2 2 5 0 1 0 1 0 1 2 1 1 1 1 1 1 1 3 5 3 5 5 1 2 0
0 8 2 2 5 0 1 0 1 0
0 45 3 5 2 5 2 0 1 0 1 0 1 0 1 0 1 2 3 0 0 1 0 1 0 1 0 1 0 1 1 1 1 1 1 1 1 1 3 1 5 2 1 5 0 1 0
0 40 1 3 3 5 3 2 1 5 5 0 0 0 0 4 5 5 5 2 0 0 0 4 1 2 2 2 1 3 1 1 4 0 1 3 1 1 1 1 4 0
0 20 2 2 3 1 1 4 0 1 3 1 1 1 1 1 4 0 1 3 4 0
0 32 1 2 0 1 3 1 1 1 1 4 0 1 1 5 1 1 1 1 1 5 1 5 0 1 3 1 1 1 1 1 4 0
0 6 1 5 2 0 1 0
0 44 5 2 0 0 0 4 2 2 2 2 1 2 2 2 2 2 2 1 2 1 2 2 2 1 1 1 1 0 1 3 4 0 1 1 5 1 5 1 1 1 1 1 5 0
0 26 1 1 1 1 1 1 1 1 3 5 0 1 2 0 1 0 1 0 1 0 1 1 1 0 1 0
0 20 0 1 0 1 2 5 2 3 5 1 1 1 1 1 1 1 1 1 1 0
0 35 3 3 2 5 1 1 1 1 1 1 0 4 3 3 2 1 1 1 1 5 1 5 1 5 0 1 1 1 1 1 0 1 3 4 0
0 4 1 2 2 0
0 36 1 1 1 1 3 5 3 0 5 1 1 1 1 1 1 1 1 0 1 0 1 1 1 1 1 5 2 0 1 0 1 0 1 0 1 0
0 8 1 3 3 5 1 0 0 0
0 28 0 4 1 1 3 3 5 1 1 1 5 1 1 0 1 1 5 1 5 0 1 1 1 1 1 1 5 0
0 13 1 5 5 2 3 2 1 5 5 1 0 0 0
0 14 1 3 0 0 1 0 1 0 1 2 0 0 0 0
0 5 0 5 3 0 0
0 36 5 5 3 3 2 3 2 3 1 0 0 0 0 4 2 1 2 2 1 5 1 5 1 5 1 5 0 1 3 1 1 1 1 1 4 0
0 20 1 1 1 2 3 0 5 2 0 0 0 5 0 0 0 0 0 0 5 3
0 34 1 1 1 1 3 5 3 0 5 1 1 1 1 1 1 1 1 0 1 0 1 1 1 1 1 5 2 0 1 0 1 0 1 0
0 9 2 3 1 1 1 1 1 4 0
0 7 2 1 1 1 2 5 0
0 13 1 3 3 5 1 3 3 5 1 2 3 4 0
0 33 1 1 1 1 1 1 1 1 1 1 0 1 0 1 2 5 1 1 1 1 1 1 1 1 3 3 2 3 2 2 3 2 0
0 49 1 1 1 1 3 5 3 0 3 2 2 2 2 3 1 1 1 4 0 1 3 1 1 4 0 1 3 4 0 1 3 1 1 1 1 4 0 1 1 5 1 5 1 5 1 1 1 1 0
0 9 1 1 1 1 1 5 0 1 0
0 15 2 1 1 3 5 5 5 2 1 1 1 1 1 1 0
0 21 2 1 2 1 1 3 3 5 3 0 0 0 0 0 5 3 0 0 0 5 3
0 55 1 1 1 1 3 5 3 2 3 2 5 2 1 1 1 1 3 5 3 0 5 5 0 1 0 1 2 1 3 2 0 1 2 3 1 1 1 4 0 1 3 4 0 1 1 1 1 5 1 1 1 1 1 1 0
0 25 3 3 2 5 1 1 1 1 1 1 0 4 3 3 2 1 1 1 1 5 1 5 1 5 0
0 29 1 2 1 1 1 1 1 3 5 0 1 0 1 2 5 1 1 3 2 1 0 1 0 1 0 1 0 1 0
0 24 0 0 0 4 1 3 3 5 3 3 2 1 3 3 5 1 1 3 0 0 0 5 0 0
0 22 1 2 2 0 1 0 1 0 1 0 1 4 4 1 2 1 1 1 1 3 4 0
0 14 1 3 2 5 5 5 5 0 1 0 1 0 1 0
0 26 5 5 5 1 1 1 1 1 1 1 1 1 1 3 5 5 2 1 2 3 1 1 1 1 4 0
0 41 1 3 3 5 1 0 0 0 0 0 4 5 1 1 1 1 1 1 3 2 0 4 2 5 5 1 2 1 2 1 3 1 1 1 4 0 1 3 1 4 0
0 24 1 2 2 1 1 1 5 1 1 1 1 1 1 1 1 0 1 1 1 1 1 1 5 0
0 9 1 5 2 3 0 1 0 1 0
0 5 3 2 0 1 0
0 28 1 1 2 1 3 1 1 1 4 0 1 3 4 0 1 3 1 4 0 1 3 1 1 1 1 1 4 0
0 31 2 1 1 2 3 5 3 2 0 1 0 1 0 1 1 1 1 1 1 1 1 1 3 2 3 2 0 1 0 1 0
0 68 5 2 0 1 0 1 0 1 0 1 0 1 1 1 1 1 1 1 5 1 1 1 1 1 1 1 1 1 1 5 1 1 3 2 0 1 0 1 0 1 2 0 1 0 1 0 1 0 1 1 1 1 1 1 1 1 1 1 1 2 1 1 0 1 3 1 4 0
0 6 1 2 2 0 1 0
0 19 5 5 5 5 1 1 1 1 1 1 1 1 3 5 0 1 0 1 0
0 28 1 5 2 0 1 0 1 0 1 1 1 1 1 1 1 1 1 1 1 0 1 0 1 0 1 0 1 0
0 50 2 1 3 3 5 5 1 1 1 1 5 5 0 0 0 4 1 1 1 1 3 5 1 3 3 5 1 5 1 5 1 1 1 1 1 5 0 1 0 1 0 1 3 1 1 1 1 1 4 0
0 43 1 1 1 1 1 1 1 1 1 1 3 5 5 5 5 2 1 0 0 0 0 4 1 1 5 0 1 3 1 1 1 4 0 1 1 5 1 1 1 5 1 1 0
0 10 1 3 3 5 1 0 0 0 0 0
0 22 3 0 5 1 1 1 1 1 1 3 0 3 2 1 2 1 3 3 5 0 1 0
0 38 0 0 0 0 4 3 2 5 1 1 3 0 3 2 1 1 1 1 1 1 1 1 1 1 3 5 2 0 0 0 0 0 5 0 0 0 5 0
0 17 1 5 2 3 0 1 0 1 0 1 0 1 2 0 0 0 0
0 54 2 1 1 2 3 5 3 2 0 1 0 1 0 1 1 1 1 1 1 1 1 1 3 2 3 2 0 1 0 1 0 1 5 5 2 2 2 2 2 3 1 1 1 1 4 0 1 3 4 0 1 3 4 0
0 43 1 1 1 1 3 5 3 2 3 2 5 2 1 1 1 1 3 5 3 0 5 5 0 1 0 1 2 1 3 2 0 1 2 3 1 1 1 4 0 1 3 4 0
0 13 0 0 0 0 0 0 5 3 0 0 0 0 0
0 37 1 3 2 5 5 5 5 0 1 0 1 0 1 0 1 0 1 1 1 1 1 1 1 1 1 3 5 3 0 1 0 1 0 1 0 1 0
0 7 1 1 1 1 3 5 0
0 18 1 1 1 1 1 1 3 5 1 1 1 2 1 0 1 0 1 0
0 18 3 2 5 5 5 2 5 5 3 3 2 0 1 0 1 0 1 0
0 22 1 1 1 1 3 5 1 1 2 2 2 0 0 0 0 4 3 2 3 1 4 0
0 8 5 1 1 1 1 1 1 0
0 4 3 5 5 0
0 22 1 5 2 0 1 0 1 0 1 1 1 1 1 1 1 1 1 1 1 0 1 0
0 8 1 2 2 0 1 0 1 0
0 42 1 1 3 3 5 1 2 2 1 2 3 1 4 0 1 3 1 1 1 1 1 4 0 1 3 1 1 4 0 1 1 5 0 1 3 1 1 1 1 1 4 0
0 3 5 2 0
0 25 1 2 1 1 1 1 1 1 3 5 5 1 1 0 0 4 1 2 1 0 5 0 5 0 0
0 5 4 1 0 0 0
0 59 1 1 1 1 1 1 1 1 1 1 3 5 3 0 2 2 1 1 5 1 1 1 1 1 5 1 5 0 1 1 5 1 1 1 5 1 5 1 1 0 1 3 1 1 1 1 1 4 0 1 1 1 1 5 1 1 1 1 0
0 41 5 5 3 2 1 3 0 3 0 5 5 3 0 3 0 0 1 0 1 0 1 0 1 0 1 1 3 3 5 5 5 3 2 3 2 1 2 2 3 4 0
0 39 0 0 0 0 0 4 3 0 4 5 1 1 1 1 3 2 1 1 2 1 2 1 1 1 1 5 1 1 0 1 1 5 1 1 1 1 1 1 0
0 42 5 1 1 1 1 1 1 1 3 3 5 3 5 2 3 0 5 5 1 1 1 1 1 1 1 1 1 1 3 0 3 2 0 0 0 0 0 5 0 0 0 0
0 14 0 0 4 0 4 1 1 2 3 2 1 0 0 0
0 40 3 2 3 0 5 5 1 5 1 1 2 1 2 1 2 2 1 1 3 2 5 1 1 1 1 1 1 1 1 1 1 1 5 1 5 1 1 1 1 0
0 43 1 1 1 1 1 1 1 1 1 1 3 5 2 1 2 1 2 1 1 1 1 1 1 1 1 1 1 3 5 2 1 2 3 4 0 1 1 1 1 1 1 1 0
0 14 1 3 3 5 1 3 3 5 1 0 0 0 5 0
0 14 1 3 3 5 1 1 1 1 3 5 0 0 0 0
0 9 2 1 1 2 3 5 3 2 0
0 16 5 5 0 0 0 4 3 1 1 4 0 1 3 1 4 0
0 47 5 5 5 5 1 1 1 1 1 1 1 1 3 5 0 1 0 1 0 1 0 1 0 1 1 1 1 1 1 1 1 1 0 0 0 0 0 4 3 0 3 2 3 2 3 0 0
0 6 3 5 2 5 2 0
0 10 1 2 1 1 1 1 1 3 5 0
0 26 1 3 3 5 1 3 3 5 5 2 5 5 5 1 2 2 1 1 1 3 4 0 1 3 4 0
0 48 5 2 0 1 0 1 0 1 0 1 0 1 1 1 1 1 1 1 5 1 1 1 1 1 1 1 1 1 1 5 1 1 3 2 0 1 0 1 0 1 2 0 1 0 1 0 1 0
0 16 0 0 0 4 0 1 0 1 0 1 0 1 2 0 0 0
0 25 5 5 5 5 5 1 1 1 1 1 1 1 3 3 5 1 1 1 1 5 1 5 1 1 0
0 23 1 3 3 5 1 3 3 5 1 1 1 1 5 0 1 3 1 1 1 1 1 4 0
0 12 3 5 2 5 2 0 1 0 1 0 1 0
0 43 3 5 2 5 2 0 1 0 1 0 1 0 1 0 1 2 3 0 0 1 0 1 0 1 0 1 0 1 1 1 1 1 1 1 1 1 3 1 5 2 1 5 0
0 9 0 0 0 0 0 4 0 1 0
0 16 1 1 1 1 1 1 1 1 3 5 3 0 0 0 0 0
0 35 5 5 5 1 1 1 1 1 1 1 1 1 1 3 5 5 2 1 2 3 1 1 1 1 4 0 1 3 1 1 1 1 1 4 0
0 36 1 2 2 1 1 1 5 1 1 1 1 1 1 1 1 0 1 1 1 1 1 1 5 0 1 1 5 1 5 1 1 1 1 0 1 0
0 11 1 1 1 1 3 5 0 1 0 1 0
0 32 4 1 0 0 0 0 0 4 2 2 1 1 5 1 1 1 5 0 1 1 5 0 1 1 5 1 1 1 1 1 5 0
0 34 3 0 0 1 0 1 0 1 0 1 0 1 1 1 1 1 1 1 1 1 1 1 5 2 2 2 1 3 1 1 1 1 4 0
0 26 2 1 2 1 1 2 1 1 1 1 1 1 1 1 1 1 1 3 5 2 1 1 2 3 4 0
0 34 1 1 2 1 3 1 1 1 4 0 1 3 4 0 1 3 1 4 0 1 3 1 1 1 1 1 4 0 1 1 1 1 5 0
0 12 1 3 3 5 3 2 1 5 5 0 0 0
0 40 5 1 1 1 1 1 1 1 3 3 5 3 5 2 3 0 5 5 1 1 1 1 1 1 1 1 1 1 3 0 3 2 0 0 0 0 0 5 0 0
0 24 1 1 1 1 3 5 1 1 2 1 1 1 3 5 1 3 3 5 3 1 1 1 4 0
0 3 3 2 0
0 21 3 5 2 5 2 0 1 0 1 0 1 0 1 0 1 2 3 0 0 1 0
0 14 1 2 1 1 5 1 1 1 1 3 3 3 0 0
0 8 0 0 0 0 4 3 0 0
0 29 0 1 0 1 2 5 5 4 0 0 4 0 0 0 0 0 4 3 0 3 1 5 1 1 1 3 0 0 0
0 20 1 1 1 1 3 5 3 0 5 1 1 1 1 1 1 1 1 0 1 0
0 12 0 1 0 1 0 1 2 0 0 0 0 0
0 9 0 0 0 4 0 1 0 1 0
0 8 1 3 0 0 1 0 1 0
0 40 0 0 0 4 1 3 3 5 3 3 2 1 3 3 5 1 1 3 0 0 0 5 0 0 0 0 0 0 5 0 0 0 0 0 0 5 0 0 0 0
0 6 0 0 0 0 4 0
0 7 0 1 0 1 0 1 0
0 25 1 2 1 1 5 1 1 1 1 3 3 3 0 0 1 0 1 0 1 0 1 2 3 0 0
0 11 1 3 3 5 1 3 3 5 1 0 0
0 10 3 2 5 2 3 5 5 0 1 0
0 28 1 2 2 2 2 2 2 3 1 1 1 4 0 1 0 1 3 1 4 0 1 3 1 1 1 1 4 0
0 26 1 5 2 0 1 0 1 0 1 1 1 1 1 1 1 1 1 1 1 0 1 0 1 0 1 0
0 34 0 0 0 4 1 3 3 5 3 3 2 1 3 3 5 1 1 3 0 0 0 5 0 0 0 0 0 0 5 0 0 0 0 0
0 31 0 0 0 4 1 3 3 5 3 3 2 1 3 3 5 1 1 3 0 0 0 5 0 0 0 0 0 0 5 0 0
0 12 1 1 1 1 5 1 1 1 1 1 5 0
0 24 1 1 1 2 3 0 5 2 0 0 0 5 0 0 0 0 0 0 5 3 0 3 0 3
0 35 1 3 3 5 1 3 3 5 1 3 3 5 5 1 1 1 1 3 0 3 0 3 0 3 4 0 1 3 1 1 1 1 1 4 0
0 49 3 5 2 3 2 3 1 2 2 2 1 1 1 1 1 1 1 1 0 1 3 1 1 4 0 1 1 1 1 1 1 5 1 5 1 1 0 1 1 5 1 5 1 1 1 1 1 5 0
0 12 1 1 1 2 1 5 0 1 3 1 4 0
0 36 3 2 5 5 5 2 5 5 3 3 2 0 1 0 1 0 1 0 1 2 5 1 1 1 1 1 1 1 1 1 1 0 1 0 1 0
0 12 2 1 2 3 0 0 1 2 0 0 0 0
0 14 3 2 5 5 5 2 5 5 3 3 2 0 1 0
0 32 0 1 0 1 2 5 5 4 0 0 4 0 0 0 0 0 4 3 0 3 1 5 1 1 1 3 0 0 0 0 5 0
0 18 1 3 3 5 1 3 3 5 1 0 0 0 5 0 0 0 0 0
0 17 5 5 5 5 1 1 1 1 1 1 1 1 3 5 0 1 0
0 29 3 2 5 5 0 1 0 1 1 1 1 1 3 2 5 2 2 2 2 2 1 3 1 1 1 1 1 4 0
0 20 1 3 3 5 3 2 5 5 1 3 3 1 1 1 1 1 1 1 1 0
0 12 2 2 1 1 0 0 5 0 0 5 0 0
0 27 2 1 1 3 5 5 5 2 1 1 1 1 1 1 0 1 1 5 0 1 1 5 1 5 1 5 0
0 18 0 0 0 4 3 5 1 3 3 5 5 5 1 1 0 5 1 3
0 11 1 1 1 1 1 1 1 1 1 1 0
0 8 3 0 1 0 0 0 5 3
0 25 1 1 1 1 3 5 3 0 3 2 2 2 2 3 1 1 1 4 0 1 3 1 1 4 0
0 3 1 5 0
0 8 1 3 3 5 0 0 0 0
0 4 3 0 1 0
0 16 1 2 2 3 1 1 4 0 1 1 1 1 1 1 1 0
0 22 1 1 2 1 2 2 2 2 3 1 4 0 1 1 5 1 5 1 5 1 1 0
0 17 0 0 0 4 0 1 0 1 0 1 0 1 2 0 0 0 0
0 14 1 5 2 3 0 3 0 3 0 0 0 5 0 0
0 4 4 1 0 0
0 32 1 2 3 2 1 3 3 5 2 1 2 2 2 1 2 1 3 1 1 1 4 0 1 1 5 1 5 1 5 1 5 0
0 13 1 1 1 1 3 5 1 1 2 2 2 0 0
0 44 1 3 3 5 0 0 0 0 4 5 2 2 2 2 1 1 5 0 1 1 1 1 1 1 5 1 5 0 1 1 1 1 1 1 5 1 1 0 1 1 1 1 1 0
0 23 1 1 1 1 3 5 3 2 3 2 5 2 1 1 1 1 3 5 3 0 5 5 0
0 36 5 5 5 5 1 1 1 1 1 1 1 1 3 5 0 1 0 1 0 1 0 1 0 1 1 1 1 1 1 1 1 1 0 0 0 0
0 9 0 0 0 0 0 0 5 1 3
0 34 0 0 0 4 0 1 0 1 0 1 0 1 2 0 0 0 0 4 5 5 0 0 0 0 4 1 1 1 3 1 1 1 4 0
0 24 5 1 1 1 1 1 1 1 1 1 1 5 5 3 5 2 3 3 1 1 1 1 4 0
0 20 0 4 1 1 3 3 5 1 1 1 5 1 1 0 1 1 5 1 5 0
0 20 1 1 1 1 3 5 0 1 0 1 0 1 0 1 0 1 2 0 1 0
0 29 0 0 0 0 0 4 3 0 4 5 1 1 1 1 3 2 1 1 2 1 2 1 1 1 1 5 1 1 0
0 12 1 3 2 5 5 5 5 0 1 0 1 0
0 18 1 1 1 1 3 5 3 3 2 1 2 2 2 1 5 1 1 0
0 20 0 0 0 0 4 1 3 2 5 5 5 5 2 5 2 3 2 0 1 0
0 22 1 3 3 5 3 0 5 5 5 2 1 1 1 2 1 2 3 1 1 1 4 0
0 11 2 2 1 1 0 0 5 0 0 5 0
0 9 2 1 2 3 0 0 1 2 0
0 17 1 3 3 5 2 1 2 2 1 3 5 2 1 5 1 5 0
0 8 1 5 2 0 1 0 1 0
0 25 3 2 5 5 0 1 0 1 0 1 0 1 1 1 1 1 1 1 3 1 1 4 0 1 0
0 35 0 0 0 0 0 4 3 0 3 0 0 4 3 2 3 0 0 1 0 1 0 1 0 1 0 1 1 1 1 1 1 1 1 1 0
0 16 1 2 1 1 5 1 1 1 1 3 3 3 0 0 1 0
0 36 0 1 0 1 0 1 0 1 0 1 2 1 1 1 1 2 3 1 1 1 1 1 4 0 1 1 1 1 1 1 1 1 5 0 1 0
0 8 0 0 0 0 0 0 5 3
0 35 1 1 1 1 1 1 1 1 3 5 0 1 2 0 1 0 1 0 1 0 1 1 1 0 1 0 1 2 5 5 4 2 1 0 0
0 22 1 3 3 5 3 2 5 5 1 3 3 1 1 1 1 1 1 1 1 0 0 0
0 44 1 1 2 2 2 1 3 3 5 5 1 1 1 1 1 1 3 0 1 0 1 0 1 2 0 0 4 1 1 1 1 1 1 5 1 5 1 1 0 1 3 1 4 0
0 28 0 1 0 1 2 5 5 4 0 0 4 0 0 0 0 0 4 3 0 3 1 5 1 1 1 3 0 0
0 9 5 2 0 1 0 1 0 1 0
0 35 2 2 3 2 1 1 1 1 1 1 3 5 0 0 4 4 1 5 1 1 1 5 1 1 1 1 0 1 1 1 1 5 1 5 0
0 40 1 1 1 1 5 1 1 1 1 1 5 0 1 1 1 1 1 1 1 0 1 1 5 1 1 1 1 0 1 1 5 1 1 0 1 3 1 1 4 0
0 15 1 2 1 1 1 1 1 1 3 5 5 1 1 0 0
0 15 5 1 1 1 1 1 1 1 3 2 3 0 0 0 0
0 34 0 0 0 0 4 3 2 5 1 1 3 0 3 2 1 1 1 1 1 1 1 1 1 1 3 5 2 0 0 0 0 0 5 0
0 22 1 1 2 2 2 1 3 3 5 5 1 1 1 1 1 1 3 0 1 0 1 0
0 14 1 1 1 1 2 1 1 1 1 1 5 0 1 0
0 52 2 1 2 5 5 0 4 5 1 1 1 1 1 1 1 1 1 1 3 5 1 5 1 1 1 1 1 1 2 1 3 1 4 0 1 1 1 1 5 1 5 1 5 1 1 0 1 1 1 1 1 0
0 8 3 0 4 0 1 0 1 0
0 38 0 0 0 4 1 3 3 5 3 3 2 1 3 3 5 1 1 3 0 0 0 5 0 0 0 0 0 0 5 0 0 0 0 0 0 5 0 0
0 23 0 0 0 4 1 3 3 5 3 3 2 1 3 3 5 1 1 3 0 0 0 5 0
0 30 0 4 1 1 3 3 5 1 1 1 5 1 1 0 1 1 5 1 5 0 1 1 1 1 1 1 5 0 1 0
0 7 1 1 3 1 1 4 0
0 24 1 1 1 1 1 1 1 1 3 5 0 1 2 0 1 0 1 0 1 0 1 1 1 0
0 25 0 0 0 4 1 3 3 5 3 3 2 1 3 3 5 1 1 3 0 0 0 5 0 0 0
0 11 0 0 0 0 0 0 5 3 0 0 0
0 16 0 1 0 1 2 5 5 4 0 0 4 0 0 0 0 0
0 38 0 0 0 0 0 4 0 1 0 1 1 1 1 3 2 0 1 2 5 2 3 2 3 0 0 4 5 5 2 2 2 1 3 3 5 1 0 0
0 13 1 3 3 5 2 1 5 2 1 3 3 5 0
0 11 1 2 0 1 3 1 1 1 1 4 0
0 22 1 2 1 1 1 1 1 1 3 5 5 1 1 0 0 4 1 2 1 0 5 0
0 40 0 1 0 1 0 1 0 1 0 1 2 1 1 1 1 2 3 1 1 1 1 1 4 0 1 1 1 1 1 1 1 1 5 0 1 0 1 3 4 0
0 21 1 3 3 5 3 2 5 5 1 3 3 1 1 1 1 1 1 1 1 0 0
0 7 1 3 3 5 0 0 0
0 15 5 5 5 5 1 1 1 1 1 1 1 1 3 5 0
0 38 1 2 2 3 1 1 4 0 1 1 1 1 1 1 1 0 1 1 5 1 1 0 1 3 1 1 1 1 4 0 1 3 1 1 1 1 4 0
0 25 1 1 1 1 3 5 3 2 3 2 5 2 1 1 1 1 3 5 3 0 5 5 0 1 0
0 28 2 1 1 1 2 5 0 1 0 1 1 1 1 1 1 1 1 1 1 1 1 2 3 1 1 1 4 0
0 18 1 1 1 1 1 1 1 1 1 1 3 5 2 1 0 0 5 3
0 37 5 5 5 5 1 1 1 1 1 1 1 1 3 5 0 1 0 1 0 1 0 1 0 1 1 1 1 1 1 1 1 1 0 0 0 0 0
0 44 3 2 5 5 0 1 0 1 1 1 1 1 3 2 5 2 2 2 2 2 1 3 1 1 1 1 1 4 0 1 1 5 1 5 1 5 0 1 3 1 4 0 1 0
0 23 1 1 3 3 5 1 2 2 1 2 3 1 4 0 1 3 1 1 1 1 1 4 0
0 15 1 1 1 1 1 1 1 1 3 5 3 0 0 0 0
0 66 1 1 1 1 1 1 1 1 1 1 0 1 0 1 2 5 1 1 1 1 1 1 1 1 3 3 2 3 2 2 3 2 0 1 0 1 0 1 0 1 2 3 0 2 1 1 2 1 1 1 5 1 5 1 5 1 5 0 1 1 5 1 5 1 5 0
0 29 0 0 0 0 4 3 2 5 1 1 3 0 3 2 1 1 1 1 1 1 1 1 1 1 3 5 2 0 0
0 4 3 0 4 0
0 20 1 1 2 2 2 1 3 3 5 5 1 1 1 1 1 1 3 0 1 0
0 7 1 1 1 2 1 5 0
0 35 5 5 5 5 1 1 1 1 1 1 1 1 3 5 0 1 0 1 0 1 0 1 0 1 1 1 1 1 1 1 1 1 0 0 0
0 33 0 0 0 4 1 3 3 5 3 3 2 1 3 3 5 1 1 3 0 0 0 5 0 0 0 0 0 0 5 0 0 0 0
0 41 0 0 0 0 0 4 0 1 0 1 1 1 1 3 2 0 1 2 5 2 3 2 3 0 0 4 5 5 2 2 2 1 3 3 5 1 0 0 0 5 0
0 5 2 2 1 1 0
0 11 0 1 0 1 2 0 4 0 0 0 0
0 3 2 1 0
0 14 1 5 2 3 0 1 0 1 0 1 0 1 2 0
0 8 0 0 5 0 0 5 1 0
0 34 5 5 5 5 1 1 1 1 1 1 1 1 3 5 0 1 0 1 0 1 0 1 0 1 1 1 1 1 1 1 1 1 0 0
0 28 1 1 1 1 3 5 3 0 5 1 1 1 1 1 1 1 1 0 1 0 1 1 1 1 1 5 2 0
0 22 1 1 1 1 1 1 1 1 3 5 1 2 1 2 2 1 3 1 1 1 4 0
0 22 1 1 5 1 1 1 1 1 1 1 1 1 1 0 1 0 1 0 1 0 1 0
0 24 1 1 4 4 1 3 3 5 3 2 0 0 4 3 0 0 0 0 4 3 0 0 0 0
0 33 1 1 1 1 1 1 1 1 1 1 3 5 5 5 5 2 1 0 0 0 0 4 1 1 5 0 1 3 1 1 1 4 0
0 11 1 3 3 5 1 1 1 1 3 5 0
0 19 1 1 1 1 1 1 1 1 3 5 1 3 3 5 3 2 0 0 0
0 10 0 1 0 1 2 0 4 0 0 0
0 16 3 2 5 5 5 2 5 5 3 3 2 0 1 0 1 0
0 43 0 0 0 0 0 4 3 0 4 5 1 1 1 1 3 2 1 1 2 1 2 1 1 1 1 5 1 1 0 1 1 5 1 1 1 1 1 1 0 1 1 1 0
0 34 1 2 2 1 1 1 5 1 1 1 1 1 1 1 1 0 1 1 1 1 1 1 5 0 1 1 5 1 5 1 1 1 1 0
0 41 3 0 0 1 0 1 0 1 0 1 0 1 1 1 1 1 1 1 1 1 1 1 5 2 2 2 1 3 1 1 1 1 4 0 1 3 1 1 1 4 0
0 27 1 2 1 1 2 5 5 1 5 5 1 5 5 3 2 2 1 1 1 5 1 1 1 5 1 1 0
0 9 2 1 1 1 3 1 1 4 0
0 24 0 0 0 0 4 1 3 2 5 5 5 5 2 5 2 3 2 0 1 0 1 0 1 0
0 14 1 1 1 1 1 1 1 1 3 5 0 1 2 0
0 65 1 2 1 1 5 1 1 1 1 3 3 3 0 0 1 0 1 0 1 0 1 2 3 0 0 0 4 0 1 0 1 0 1 0 1 1 1 1 1 1 1 1 1 5 2 3 2 5 1 1 0 1 0 1 1 1 5 1 1 5 5 1 1 0 0
0 50 2 1 1 2 3 5 3 2 0 1 0 1 0 1 1 1 1 1 1 1 1 1 3 2 3 2 0 1 0 1 0 1 5 5 2 2 2 2 2 3 1 1 1 1 4 0 1 3 4 0
0 7 5 5 1 1 0 1 0
0 44 5 2 0 1 0 1 0 1 0 1 0 1 1 1 1 1 1 1 5 1 1 1 1 1 1 1 1 1 1 5 1 1 3 2 0 1 0 1 0 1 2 0 1 0
0 8 0 1 0 1 0 1 2 0
0 5 3 2 5 5 0
0 14 1 3 3 5 1 3 3 5 1 1 1 1 5 0
0 26 1 1 1 1 1 1 1 1 3 5 1 2 1 2 2 1 3 1 1 1 4 0 1 1 5 0
0 22 1 2 3 2 1 3 3 5 2 1 2 2 2 1 2 1 3 1 1 1 4 0
0 53 1 3 3 5 5 3 0 0 1 0 1 0 1 1 1 1 1 1 1 1 1 5 2 3 2 1 1 1 1 3 5 1 1 1 1 3 5 2 1 1 2 1 1 5 1 1 1 1 1 1 1 5 0
0 28 1 1 1 1 1 1 1 1 1 1 3 5 1 1 1 1 5 1 1 1 5 0 1 3 1 1 4 0
0 19 0 0 4 3 2 1 1 1 1 1 1 5 1 1 1 1 1 5 0
0 14 2 1 3 3 5 5 1 1 1 1 5 5 0 0
0 10 0 1 0 1 2 5 5 4 0 0
0 30 3 0 4 1 3 0 3 3 2 1 3 0 3 0 0 1 2 1 1 1 5 1 1 1 1 0 1 3 4 0
0 16 1 3 2 5 5 5 5 0 1 0 1 0 1 0 1 0
0 20 1 2 1 1 5 1 1 1 1 3 3 3 0 0 1 0 1 0 1 0
0 6 1 3 3 5 1 0
0 16 0 0 0 0 0 4 0 1 0 1 1 1 1 3 2 0
0 35 1 3 2 5 5 5 5 0 1 0 1 0 1 0 1 0 1 1 1 1 1 1 1 1 1 3 5 3 0 1 0 1 0 1 0
0 24 0 1 0 1 0 1 0 1 0 1 2 1 1 1 1 2 3 1 1 1 1 1 4 0
0 13 2 2 1 5 1 1 1 1 1 1 1 1 0
0 34 1 1 2 1 2 2 2 2 3 1 4 0 1 1 5 1 5 1 5 1 1 0 1 1 5 1 1 1 5 1 5 1 1 0
0 10 1 2 2 2 2 3 2 0 1 0
0 4 5 2 0 0
0 16 2 1 2 1 1 3 3 5 3 0 0 0 0 0 5 3
0 15 1 5 5 2 3 2 1 5 5 1 0 0 0 5 0
0 7 1 3 3 5 1 0 0
0 6 2 1 1 3 4 0
0 34 3 2 5 5 5 2 5 5 3 3 2 0 1 0 1 0 1 0 1 2 5 1 1 1 1 1 1 1 1 1 1 0 1 0
0 10 0 0 0 0 0 0 5 3 0 0
0 18 2 1 2 1 1 3 3 5 3 0 0 0 0 0 5 3 0 0
0 39 1 2 1 1 2 5 5 1 5 5 1 5 5 3 2 2 1 1 1 5 1 1 1 5 1 1 0 1 1 1 1 5 1 5 1 5 1 1 0
0 5 1 1 3 5 0
0 41 1 0 0 4 5 2 1 3 0 2 1 1 1 0 1 1 5 0 1 3 1 1 4 0 1 3 1 1 1 1 1 4 0 1 1 5 1 1 1 5 0
0 32 1 3 3 5 2 1 2 2 1 3 5 2 1 5 1 5 0 1 3 1 1 4 0 1 3 1 1 1 1 1 4 0
0 17 1 5 5 2 3 2 1 5 5 1 0 0 0 5 0 0 0
0 14 5 1 1 1 1 1 1 0 1 0 1 0 1 0
0 11 1 3 3 5 3 2 1 5 5 0 0
0 21 0 1 0 1 0 1 0 1 1 1 1 1 1 1 1 3 5 2 3 2 0
0 12 1 3 0 0 1 0 1 0 1 2 0 0
0 15 2 1 2 1 1 1 1 1 1 5 1 1 1 5 0
0 5 5 2 0 1 0
0 4 1 5 2 0
0 10 0 1 0 1 0 1 2 0 0 0
0 26 3 0 4 1 3 0 3 3 2 1 3 0 3 0 0 1 2 1 1 1 5 1 1 1 1 0
0 23 1 1 1 1 1 5 0 1 0 1 1 1 1 1 1 1 1 1 1 5 0 1 0
0 10 1 3 2 5 5 5 5 0 1 0
0 36 3 0 4 0 1 0 1 0 1 0 1 0 1 2 5 5 3 2 5 1 1 1 1 1 1 1 1 5 1 1 1 1 3 1 0 0
0 63 5 2 0 1 0 1 0 1 0 1 0 1 1 1 1 1 1 1 5 1 1 1 1 1 1 1 1 1 1 5 1 1 3 2 0 1 0 1 0 1 2 0 1 0 1 0 1 0 1 1 1 1 1 1 1 1 1 1 1 2 1 1 0
0 16 1 1 1 1 1 1 1 1 1 1 3 5 2 1 0 0
0 18 1 1 4 4 1 3 3 5 3 2 0 0 4 3 0 0 0 0
0 18 1 2 1 1 5 1 1 1 1 3 3 3 0 0 1 0 1 0
0 33 1 1 1 1 2 1 1 1 1 1 1 1 5 1 5 1 5 0 1 3 1 1 1 4 0 1 3 1 1 1 1 4 0
0 56 1 3 3 5 1 3 3 5 5 2 5 5 5 1 2 2 1 1 1 3 4 0 1 3 4 0 1 1 5 1 1 1 1 1 1 1 1 0 1 3 1 1 1 1 1 4 0 1 3 1 1 1 1 1 4 0
0 18 5 5 3 2 1 3 0 3 0 5 5 3 0 3 0 0 1 0
0 20 1 1 1 1 1 1 1 1 1 1 3 5 5 5 5 2 1 0 0 0
0 22 1 1 1 1 1 1 1 1 1 1 3 5 1 1 1 1 5 1 1 1 5 0
0 31 1 1 1 1 1 1 1 1 3 5 1 2 1 2 2 1 3 1 1 1 4 0 1 1 5 0 1 3 1 4 0
0 37 2 1 1 1 2 5 0 1 0 1 1 1 1 1 1 1 1 1 1 1 1 2 3 1 1 1 4 0 1 3 1 1 1 1 1 4 0
0 77 1 1 2 2 2 1 3 3 5 5 1 1 1 1 1 1 3 0 1 0 1 0 1 2 0 0 4 1 1 1 1 1 1 5 1 5 1 1 0 1 3 1 4 0 1 1 1 1 1 1 1 1 1 1 1 0 1 3 1 1 1 1 1 4 0 1 1 1 1 5 1 1 1 1 1 5 0
0 12 1 1 1 1 2 1 1 1 1 1 5 0
0 44 1 1 1 1 3 5 1 1 2 1 1 1 3 5 1 3 3 5 3 1 1 1 4 0 1 1 5 1 1 1 1 1 1 1 1 0 1 3 4 0 1 3 4 0
0 14 1 1 2 1 3 1 1 1 4 0 1 3 4 0
0 67 1 2 1 1 5 1 1 1 1 3 3 3 0 0 1 0 1 0 1 0 1 2 3 0 0 0 4 0 1 0 1 0 1 0 1 1 1 1 1 1 1 1 1 5 2 3 2 5 1 1 0 1 0 1 1 1 5 1 1 5 5 1 1 0 0 5 0
0 12 0 1 0 1 2 5 5 4 0 0 4 0
0 35 0 0 0 0 4 3 2 5 1 1 3 0 3 2 1 1 1 1 1 1 1 1 1 1 3 5 2 0 0 0 0 0 5 0 0
0 23 1 2 1 1 1 1 1 3 5 0 1 0 1 2 5 1 1 3 2 1 0 1 0
0 21 2 2 1 5 1 1 1 1 1 1 1 1 0 1 3 1 1 1 1 4 0
0 21 3 0 4 3 1 2 2 2 1 5 1 5 1 1 1 5 1 1 0 1 0
0 24 1 3 3 5 1 1 3 5 1 1 2 2 1 1 1 1 1 1 3 5 3 2 0 0
0 16 1 3 3 5 1 3 3 5 1 0 0 0 5 0 0 0
0 15 3 0 4 1 3 0 3 3 2 1 3 0 3 0 0
0 14 1 3 3 5 2 1 5 2 1 3 3 5 0 0
0 20 0 0 0 4 1 3 3 5 3 3 2 1 3 3 5 1 1 3 0 0
0 6 0 0 5 3 0 0
0 23 3 5 2 5 2 0 1 0 1 0 1 0 1 0 1 2 3 0 0 1 0 1 0
0 16 5 1 1 1 1 1 1 1 1 1 1 3 0 0 1 0
0 3 4 1 0
0 9 0 1 0 1 2 0 4 0 0
0 13 2 2 1 1 0 0 5 0 0 5 0 0 0
0 29 1 3 3 5 1 3 3 5 1 1 1 1 5 0 1 3 1 1 1 1 1 4 0 1 3 1 1 4 0
0 35 1 1 1 1 1 1 1 1 1 1 0 1 0 1 2 5 1 1 1 1 1 1 1 1 3 3 2 3 2 2 3 2 0 1 0
0 46 1 3 3 5 3 2 1 5 5 0 0 0 0 4 5 5 5 2 0 0 0 4 1 2 2 2 1 3 1 1 4 0 1 3 1 1 1 1 4 0 1 1 1 1 5 0
0 49 0 1 0 1 0 1 0 1 0 1 2 1 1 1 1 2 3 1 1 1 1 1 4 0 1 1 1 1 1 1 1 1 5 0 1 0 1 3 4 0 1 3 1 1 1 1 1 4 0
0 37 2 1 3 3 5 5 1 1 1 1 5 5 0 0 0 4 1 1 1 1 3 5 1 3 3 5 1 5 1 5 1 1 1 1 1 5 0
0 34 1 1 1 1 1 1 1 1 3 5 0 1 2 0 1 0 1 0 1 0 1 1 1 0 1 0 1 2 5 5 4 2 1 0
0 58 3 5 2 3 2 3 1 2 2 2 1 1 1 1 1 1 1 1 0 1 3 1 1 4 0 1 1 1 1 1 1 5 1 5 1 1 0 1 1 5 1 5 1 1 1 1 1 5 0 1 3 1 1 1 1 1 4 0
0 15 1 3 0 0 1 0 1 0 1 2 0 0 0 0 0
0 19 2 1 1 3 5 5 5 2 1 1 1 1 1 1 0 1 1 5 0
0 15 1 3 3 5 2 1 5 2 1 3 3 5 0 0 0
0 40 1 1 1 1 3 5 1 1 2 1 1 1 3 5 1 3 3 5 3 1 1 1 4 0 1 1 5 1 1 1 1 1 1 1 1 0 1 3 4 0
0 14 1 0 0 4 5 2 1 3 0 2 1 1 1 0
0 17 1 3 3 5 1 3 3 5 1 0 0 0 5 0 0 0 0
0 37 3 3 2 5 1 1 1 1 1 1 0 4 3 3 2 1 1 1 1 5 1 5 1 5 0 1 1 1 1 1 0 1 3 4 0 1 0
0 14 3 5 2 5 2 0 1 0 1 0 1 0 1 0
0 13 0 0 4 0 4 1 1 2 3 2 1 0 0
0 31 1 2 2 0 1 0 1 0 1 0 1 4 4 1 2 1 1 1 1 3 4 0 1 3 1 4 0 1 1 5 0
0 15 1 3 3 5 1 1 1 1 3 5 0 0 0 0 0
0 65 1 1 2 2 2 1 3 3 5 5 1 1 1 1 1 1 3 0 1 0 1 0 1 2 0 0 4 1 1 1 1 1 1 5 1 5 1 1 0 1 3 1 4 0 1 1 1 1 1 1 1 1 1 1 1 0 1 3 1 1 1 1 1 4 0
0 7 5 2 0 1 0 1 0
0 46 2 1 2 5 5 0 4 5 1 1 1 1 1 1 1 1 1 1 3 5 1 5 1 1 1 1 1 1 2 1 3 1 4 0 1 1 1 1 5 1 5 1 5 1 1 0
0 23 5 5 3 0 1 1 1 1 1 1 3 3 5 2 2 1 1 2 1 3 1 4 0
0 29 1 1 1 1 3 5 3 0 3 2 2 2 2 3 1 1 1 4 0 1 3 1 1 4 0 1 3 4 0
0 47 3 3 2 5 1 1 1 1 1 1 0 4 3 3 2 1 1 1 1 5 1 5 1 5 0 1 1 1 1 1 0 1 3 4 0 1 0 1 1 5 1 5 1 1 1 5 0
0 44 2 1 1 1 2 5 0 1 0 1 1 1 1 1 1 1 1 1 1 1 1 2 3 1 1 1 4 0 1 3 1 1 1 1 1 4 0 1 3 1 1 1 4 0
0 11 0 0 0 4 0 1 0 1 0 1 0
0 11 5 5 0 0 0 4 3 1 1 4 0
0 50 2 1 1 1 2 5 0 1 0 1 1 1 1 1 1 1 1 1 1 1 1 2 3 1 1 1 4 0 1 3 1 1 1 1 1 4 0 1 3 1 1 1 4 0 1 1 1 1 5 0
0 24 5 5 3 2 1 3 0 3 0 5 5 3 0 3 0 0 1 0 1 0 1 0 1 0
0 6 2 1 0 5 1 0
0 50 1 1 1 1 1 1 1 1 3 5 1 3 3 5 3 2 0 0 0 4 3 2 2 2 2 1 5 1 1 1 5 1 5 0 1 3 1 1 1 4 0 1 0 1 3 1 1 1 4 0
0 32 1 3 3 5 3 2 1 5 5 0 0 0 0 4 5 5 5 2 0 0 0 4 1 2 2 2 1 3 1 1 4 0
0 17 1 5 0 1 0 1 1 1 1 1 1 1 1 1 1 5 0
0 5 5 2 0 0 0
0 24 1 5 2 0 1 0 1 0 1 1 1 1 1 1 1 1 1 1 1 0 1 0 1 0
0 10 0 0 0 0 4 3 0 0 1 0
0 23 3 2 5 5 0 1 0 1 0 1 0 1 1 1 1 1 1 1 3 1 1 4 0
0 19 3 2 3 0 0 4 5 1 1 1 1 1 1 1 1 3 0 0 0
0 8 1 3 2 5 5 5 5 0
0 28 0 1 0 1 2 5 2 3 5 1 1 1 1 1 1 1 1 1 1 0 1 0 1 0 1 0 1 0
0 9 1 1 1 1 3 5 0 1 0
0 38 1 3 3 5 0 0 0 0 4 5 2 2 2 2 1 1 5 0 1 1 1 1 1 1 5 1 5 0 1 1 1 1 1 1 5 1 1 0
0 7 0 0 0 0 0 4 0
0 28 5 2 0 0 0 4 2 2 2 2 1 2 2 2 2 2 2 1 2 1 2 2 2 1 1 1 1 0
0 19 1 1 1 1 3 5 3 0 3 2 2 2 2 3 1 1 1 4 0
0 17 2 1 1 1 3 1 1 4 0 1 1 1 1 1 1 1 0
0 10 5 5 3 3 2 3 2 3 1 0
0 14 0 0 0 0 0 0 5 3 0 0 0 0 0 0
0 33 5 5 5 5 1 1 1 1 1 1 1 1 3 5 0 1 0 1 0 1 0 1 0 1 1 1 1 1 1 1 1 1 0
0 46 5 5 3 2 1 3 0 3 0 5 5 3 0 3 0 0 1 0 1 0 1 0 1 0 1 1 3 3 5 5 5 3 2 3 2 1 2 2 3 4 0 1 3 1 4 0
0 21 0 0 0 0 0 4 3 0 3 0 0 4 3 2 3 0 0 1 0 1 0
0 11 1 5 5 2 3 2 1 5 5 1 0
0 6 0 1 0 1 2 0
0 10 3 0 1 0 0 0 5 3 0 3
0 11 5 5 3 3 2 3 2 3 1 0 0
0 39 0 0 0 0 4 3 2 5 1 1 3 0 3 2 1 1 1 1 1 1 1 1 1 1 3 5 2 0 0 0 0 0 5 0 0 0 5 0 0
0 27 3 2 3 2 3 0 5 2 3 2 1 2 1 1 1 1 3 5 2 2 1 2 0 1 3 4 0
0 9 3 2 0 1 0 1 0 1 0
0 38 1 1 1 1 1 1 1 1 3 5 0 1 2 0 1 0 1 0 1 0 1 1 1 0 1 0 1 2 5 5 4 2 1 0 0 0 0 0
0 27 5 5 3 2 0 4 0 1 2 5 5 3 3 0 2 2 1 5 0 1 3 1 1 1 1 4 0
0 8 0 0 5 3 0 0 0 0
0 12 1 3 3 5 5 3 0 0 1 0 1 0
0 30 0 0 0 4 1 3 3 5 3 3 2 1 3 3 5 1 1 3 0 0 0 5 0 0 0 0 0 0 5 0
0 9 0 1 0 1 2 5 5 4 0
0 11 1 5 2 3 0 1 0 1 0 1 0
0 37 3 2 5 5 0 1 0 1 1 1 1 1 3 2 5 2 2 2 2 2 1 3 1 1 1 1 1 4 0 1 1 5 1 5 1 5 0
0 28 0 0 0 4 1 3 3 5 3 3 2 1 3 3 5 1 1 3 0 0 0 5 0 0 0 0 0 0
0 3 3 0 0
0 11 0 0 0 0 0 4 3 0 3 0 0
0 7 2 1 0 5 1 0 0
0 16 5 1 1 1 1 1 1 0 1 0 1 0 1 0 1 0
0 9 1 1 1 5 1 1 1 1 0
0 18 1 1 1 1 3 5 3 0 5 1 1 1 1 1 1 1 1 0
0 18 1 1 1 1 1 1 1 1 1 1 3 5 5 5 5 2 1 0
0 6 1 3 0 0 1 0
0 11 1 3 3 5 0 1 0 1 0 1 0
0 8 3 5 5 0 1 0 1 0
0 8 2 2 1 1 0 0 5 0
0 10 1 5 2 3 0 3 0 3 0 0
0 28 1 2 1 1 1 1 1 1 3 5 5 1 1 0 0 4 1 2 1 0 5 0 5 0 0 0 0 0
0 21 1 1 1 1 1 5 0 1 0 1 1 1 1 1 1 1 1 1 1 5 0
0 19 3 5 2 5 2 0 1 0 1 0 1 0 1 0 1 2 3 0 0
0 28 1 1 1 1 1 1 1 1 1 1 3 5 3 0 2 2 1 1 5 1 1 1 1 1 5 1 5 0
0 15 3 0 1 1 1 2 2 1 3 4 0 1 1 5 0
0 45 1 2 3 2 1 3 3 5 2 1 2 2 2 1 2 1 3 1 1 1 4 0 1 1 5 1 5 1 5 1 5 0 1 3 1 1 1 1 4 0 1 3 1 4 0
0 13 1 3 0 5 1 1 1 1 1 1 1 1 0
0 3 0 5 3
0 25 1 1 1 1 2 1 1 1 1 1 1 1 5 1 5 1 5 0 1 3 1 1 1 4 0
0 28 0 0 0 0 4 3 2 5 1 1 3 0 3 2 1 1 1 1 1 1 1 1 1 1 3 5 2 0
0 9 1 1 3 1 1 4 0 1 0
0 39 1 1 1 1 1 1 1 1 1 1 0 1 0 1 2 5 1 1 1 1 1 1 1 1 3 3 2 3 2 2 3 2 0 1 0 1 0 1 0
0 6 2 1 2 3 0 0
0 37 1 1 1 1 1 1 1 1 3 5 0 1 2 0 1 0 1 0 1 0 1 1 1 0 1 0 1 2 5 5 4 2 1 0 0 0 0
0 32 0 0 0 4 1 3 3 5 3 3 2 1 3 3 5 1 1 3 0 0 0 5 0 0 0 0 0 0 5 0 0 0
0 18 3 2 3 0 0 4 5 1 1 1 1 1 1 1 1 3 0 0
0 26 1 3 3 5 3 1 3 1 1 1 1 1 1 1 1 1 5 2 5 2 3 2 3 1 4 0
0 16 1 2 2 1 1 1 5 1 1 1 1 1 1 1 1 0
0 39 5 2 0 1 0 1 0 1 0 1 0 1 1 1 1 1 1 1 5 1 1 1 1 1 1 1 1 1 1 5 1 1 3 2 0 1 0 1 0
0 31 1 3 0 5 1 1 1 1 1 1 1 1 0 0 4 1 3 1 1 1 1 4 0 1 1 1 1 1 1 1 0
0 23 0 0 0 4 0 1 0 1 0 1 0 1 2 0 0 0 0 4 5 5 0 0 0
0 46 5 2 0 1 0 1 0 1 0 1 0 1 1 1 1 1 1 1 5 1 1 1 1 1 1 1 1 1 1 5 1 1 3 2 0 1 0 1 0 1 2 0 1 0 1 0
0 15 1 2 2 2 2 2 2 3 1 1 1 4 0 1 0
0 21 1 3 3 5 3 2 1 5 5 0 0 0 0 4 5 5 5 2 0 0 0
0 41 0 0 0 4 1 3 3 5 3 3 2 1 3 3 5 1 1 3 0 0 0 5 0 0 0 0 0 0 5 0 0 0 0 0 0 5 0 0 0 0 0
0 21 1 3 3 5 1 0 0 0 0 0 4 5 1 1 1 1 1 1 3 2 0
0 41 1 1 3 5 1 1 1 1 1 1 1 1 1 1 3 5 1 1 1 1 3 5 1 3 3 5 3 2 5 5 5 2 2 2 2 2 2 3 1 4 0
0 20 1 1 1 1 5 1 1 1 1 1 5 0 1 1 1 1 1 1 1 0
0 45 1 5 2 0 1 0 1 0 1 1 1 1 1 1 1 1 1 1 1 0 1 0 1 0 1 0 1 0 1 3 5 3 1 1 4 0 1 3 1 1 1 1 1 4 0
0 33 1 3 2 5 5 5 5 0 1 0 1 0 1 0 1 0 1 1 1 1 1 1 1 1 1 3 5 3 0 1 0 1 0
0 25 1 5 0 1 0 1 1 1 1 1 1 1 1 1 1 5 0 1 1 5 1 5 1 5 0
0 35 5 2 0 1 0 1 0 1 0 1 0 1 1 1 1 1 1 1 5 1 1 1 1 1 1 1 1 1 1 5 1 1 3 2 0
0 13 2 1 2 1 1 3 3 5 3 0 0 0 0
0 15 2 1 1 2 1 0 1 3 1 1 1 1 1 4 0
0 52 1 3 3 5 3 2 1 5 5 0 0 0 0 4 5 5 5 2 0 0 0 4 1 2 2 2 1 3 1 1 4 0 1 3 1 1 1 1 4 0 1 1 1 1 5 0 1 3 1 1 4 0
0 37 3 5 2 3 2 3 1 2 2 2 1 1 1 1 1 1 1 1 0 1 3 1 1 4 0 1 1 1 1 1 1 5 1 5 1 1 0
0 26 1 2 1 1 1 1 1 1 3 5 5 1 1 0 0 4 1 2 1 0 5 0 5 0 0 0
0 26 0 0 0 0 4 1 3 2 5 5 5 5 2 5 2 3 2 0 1 0 1 0 1 0 1 0
0 42 5 2 0 1 0 1 0 1 0 1 0 1 1 1 1 1 1 1 5 1 1 1 1 1 1 1 1 1 1 5 1 1 3 2 0 1 0 1 0 1 2 0
0 51 1 5 2 0 1 0 1 0 1 1 1 1 1 1 1 1 1 1 1 0 1 0 1 0 1 0 1 0 1 3 5 3 1 1 4 0 1 3 1 1 1 1 1 4 0 1 1 1 1 5 0
0 36 3 2 3 2 3 0 5 2 3 2 1 2 1 1 1 1 3 5 2 2 1 2 0 1 3 4 0 1 3 1 1 1 1 1 4 0
0 19 1 1 2 1 3 1 1 1 4 0 1 3 4 0 1 3 1 4 0
0 6 3 0 1 0 0 0
0 7 0 0 0 4 0 1 0
0 12 1 1 1 1 3 5 1 1 2 2 2 0
0 42 1 3 3 5 2 1 2 2 1 3 5 2 1 5 1 5 0 1 3 1 1 4 0 1 3 1 1 1 1 1 4 0 1 1 1 0 1 3 1 1 4 0
0 21 0 0 0 4 0 1 0 1 0 1 0 1 2 0 0 0 0 4 5 5 0
0 27 5 5 3 3 2 3 2 3 1 0 0 0 0 4 2 1 2 2 1 5 1 5 1 5 1 5 0
0 11 1 1 1 2 3 0 5 2 0 0 0
0 41 1 1 1 1 2 1 1 1 1 1 1 1 5 1 5 1 5 0 1 3 1 1 1 4 0 1 3 1 1 1 1 4 0 1 1 1 1 1 1 5 0
0 10 3 5 2 5 2 0 1 0 1 0
0 38 3 0 4 0 1 0 1 0 1 0 1 0 1 2 5 5 3 2 5 1 1 1 1 1 1 1 1 5 1 1 1 1 3 1 0 0 0 0
0 48 5 5 5 5 1 1 1 1 1 1 1 1 3 5 0 1 0 1 0 1 0 1 0 1 1 1 1 1 1 1 1 1 0 0 0 0 0 4 3 0 3 2 3 2 3 0 0 0
0 23 5 5 5 5 1 1 1 1 1 1 1 1 3 5 0 1 0 1 0 1 0 1 0
0 32 1 3 3 5 3 2 5 5 1 3 3 1 1 1 1 1 1 1 1 0 0 0 0 4 1 2 1 1 5 1 1 0
0 7 1 1 3 5 0 1 0
0 16 0 1 0 1 0 1 2 0 0 0 0 0 5 0 0 0
0 9 0 0 5 0 0 5 1 0 0
0 61 3 5 5 0 1 0 1 0 1 1 1 1 1 1 1 1 1 5 1 1 1 1 1 1 1 1 3 0 1 2 2 2 3 2 3 5 5 1 3 2 2 2 1 5 1 1 1 1 0 1 1 1 1 5 1 5 1 1 1 1 0
0 37 5 1 1 1 1 1 1 1 3 3 5 3 5 2 3 0 5 5 1 1 1 1 1 1 1 1 1 1 3 0 3 2 0 0 0 0 0
0 36 1 5 2 0 1 0 1 0 1 1 1 1 1 1 1 1 1 1 1 0 1 0 1 0 1 0 1 0 1 3 5 3 1 1 4 0
0 14 0 4 1 1 3 3 5 1 1 1 5 1 1 0
0 51 1 2 1 1 5 1 1 1 1 3 3 3 0 0 1 0 1 0 1 0 1 2 3 0 0 0 4 0 1 0 1 0 1 0 1 1 1 1 1 1 1 1 1 5 2 3 2 5 1 1 0
0 8 3 2 5 2 3 5 5 0
0 18 1 1 5 1 1 1 1 1 1 1 1 1 1 0 1 0 1 0
0 39 5 1 1 1 1 1 1 1 3 3 5 3 5 2 3 0 5 5 1 1 1 1 1 1 1 1 1 1 3 0 3 2 0 0 0 0 0 5 0
0 51 0 0 0 0 4 1 3 2 5 5 5 5 2 5 2 3 2 0 1 0 1 0 1 0 1 0 1 1 1 1 1 1 1 0 1 0 1 1 1 1 1 1 2 2 1 1 1 5 1 1 0
0 20 1 2 1 1 1 1 1 1 3 5 5 1 1 0 0 4 1 2 1 0
0 2 1 0
0 12 0 0 0 0 0 0 5 3 0 0 0 0
0 13 1 1 1 2 3 0 5 2 0 0 0 5 0
0 31 2 2 5 0 1 0 1 0 1 2 1 1 1 1 1 1 1 3 5 3 5 5 1 2 0 1 3 1 1 4 0
0 16 1 5 5 2 3 2 1 5 5 1 0 0 0 5 0 0
0 48 3 2 5 5 0 1 0 1 1 1 1 1 3 2 5 2 2 2 2 2 1 3 1 1 1 1 1 4 0 1 1 5 1 5 1 5 0 1 3 1 4 0 1 0 1 3 4 0
0 18 1 3 3 5 0 0 0 0 4 5 2 2 2 2 1 1 5 0
0 14 3 2 5 2 3 5 5 0 1 0 1 0 1 0
0 20 1 2 2 2 2 2 2 3 1 1 1 4 0 1 0 1 3 1 4 0
0 18 5 1 1 1 1 1 1 1 1 1 1 3 0 0 1 0 1 0
0 9 3 2 5 5 0 1 0 1 0
0 8 0 0 5 0 5 1 0 0
0 7 1 0 0 0 0 0 0
0 36 1 3 3 5 2 1 2 2 1 3 5 2 1 5 1 5 0 1 3 1 1 4 0 1 3 1 1 1 1 1 4 0 1 1 1 0
0 9 0 0 5 0 5 1 0 0 0
0 20 1 3 3 5 3 2 1 5 5 0 0 0 0 4 5 5 5 2 0 0
0 66 2 1 2 5 5 0 4 5 1 1 1 1 1 1 1 1 1 1 3 5 1 5 1 1 1 1 1 1 2 1 3 1 4 0 1 1 1 1 5 1 5 1 5 1 1 0 1 1 1 1 1 0 1 1 5 0 1 1 1 1 5 1 1 1 1 0
0 4 2 2 5 0
0 9 2 1 1 1 2 5 0 1 0
0 18 1 1 1 1 2 1 1 1 1 1 1 1 5 1 5 1 5 0
0 15 0 0 4 0 4 1 1 2 3 2 1 0 0 0 0
0 7 3 2 0 1 0 1 0
0 17 1 1 1 1 1 1 1 1 3 5 3 0 0 0 0 0 0
0 58 1 1 1 1 1 1 1 1 1 1 0 1 0 1 2 5 1 1 1 1 1 1 1 1 3 3 2 3 2 2 3 2 0 1 0 1 0 1 0 1 2 3 0 2 1 1 2 1 1 1 5 1 5 1 5 1 5 0
0 4 3 2 0 0
0 6 4 1 0 0 0 0
0 41 0 1 0 1 0 1 0 1 1 1 1 1 1 1 1 3 5 2 3 2 0 0 0 4 5 5 1 3 3 5 2 2 1 5 1 1 1 1 1 1 0
0 7 0 0 5 0 5 1 0
0 18 1 1 1 1 3 5 1 3 3 5 1 3 1 1 1 1 4 0
0 40 3 0 4 1 3 0 3 3 2 1 3 0 3 0 0 1 2 1 1 1 5 1 1 1 1 0 1 3 4 0 1 1 5 1 5 1 5 1 1 0
0 7 1 1 1 1 1 5 0
0 5 1 3 3 5 0
0 27 1 1 4 4 1 3 3 5 3 2 0 0 4 3 0 0 0 0 4 3 0 0 0 0 0 0 0
0 11 2 1 2 1 1 3 3 5 3 0 0
0 20 1 5 2 0 1 0 1 0 1 1 1 1 1 1 1 1 1 1 1 0
0 14 5 1 1 1 1 1 1 1 1 1 1 3 0 0
0 11 2 1 2 3 0 0 1 2 0 0 0
0 29 1 1 4 4 1 3 3 5 3 2 0 0 4 3 0 0 0 0 4 3 0 0 0 0 0 0 0 5 3
0 28 1 2 1 1 5 1 1 1 1 3 3 3 0 0 1 0 1 0 1 0 1 2 3 0 0 0 4 0
0 11 0 1 0 1 0 1 2 0 0 0 0
0 26 0 0 0 4 1 3 3 5 3 3 2 1 3 3 5 1 1 3 0 0 0 5 0 0 0 0
0 24 0 1 0 1 2 5 2 3 5 1 1 1 1 1 1 1 1 1 1 0 1 0 1 0
0 25 3 5 2 5 2 0 1 0 1 0 1 0 1 0 1 2 3 0 0 1 0 1 0 1 0
0 22 1 1 4 4 1 3 3 5 3 2 0 0 4 3 0 0 0 0 4 3 0 0
0 5 3 0 1 0 0
0 12 0 0 4 0 4 1 1 2 3 2 1 0
0 12 2 2 1 1 2 3 2 5 2 3 0 0
0 34 5 1 1 1 1 1 1 1 3 3 5 3 5 2 3 0 5 5 1 1 1 1 1 1 1 1 1 1 3 0 3 2 0 0
0 20 1 1 1 1 1 1 1 1 3 5 0 1 2 0 1 0 1 0 1 0
0 38 3 0 1 1 1 2 2 1 3 4 0 1 1 5 0 1 1 5 1 5 0 1 1 1 1 5 1 5 1 5 0 1 3 1 1 1 4 0
0 14 1 3 0 5 1 1 1 1 1 1 1 1 0 0
0 31 1 1 1 1 3 5 3 2 3 2 5 2 1 1 1 1 3 5 3 0 5 5 0 1 0 1 2 1 3 2 0
0 9 0 1 0 1 0 1 0 1 0
0 12 1 2 1 1 1 1 1 3 5 0 1 0
0 14 5 1 1 1 1 1 1 1 3 2 3 0 0 0
0 32 3 2 5 5 5 2 5 5 3 3 2 0 1 0 1 0 1 0 1 2 5 1 1 1 1 1 1 1 1 1 1 0
0 37 0 0 0 0 0 4 0 1 0 1 1 1 1 3 2 0 1 2 5 2 3 2 3 0 0 4 5 5 2 2 2 1 3 3 5 1 0
0 22 1 1 1 2 3 0 5 2 0 0 0 5 0 0 0 0 0 0 5 3 0 3
0 61 1 1 1 1 1 1 1 1 1 1 3 5 2 1 2 1 2 1 1 1 1 1 1 1 1 1 1 3 5 2 1 2 3 4 0 1 1 1 1 1 1 1 0 1 3 1 1 4 0 1 3 1 1 4 0 1 1 1 1 1 0
0 20 1 1 5 1 1 1 1 1 1 1 1 1 1 0 1 0 1 0 1 0
0 26 3 0 4 3 1 2 2 2 1 5 1 5 1 1 1 5 1 1 0 1 0 1 3 1 4 0
0 5 3 2 3 0 0
0 17 1 3 3 5 2 1 5 2 1 3 3 5 0 0 0 0 0
0 4 3 0 0 0
0 9 3 2 0 0 4 0 1 2 0
0 30 1 3 3 5 3 0 5 5 5 2 1 1 1 2 1 2 3 1 1 1 4 0 1 3 1 1 1 1 4 0
0 39 0 0 0 0 0 4 3 0 3 0 0 4 3 2 3 0 0 1 0 1 0 1 0 1 0 1 1 1 1 1 1 1 1 1 0 1 0 1 0
0 10 1 3 3 5 1 3 3 5 1 0
0 19 5 5 3 2 0 4 0 1 2 5 5 3 3 0 2 2 1 5 0
0 34 2 1 2 5 5 0 4 5 1 1 1 1 1 1 1 1 1 1 3 5 1 5 1 1 1 1 1 1 2 1 3 1 4 0
0 18 1 1 1 2 3 0 5 2 0 0 0 5 0 0 0 0 0 0
0 13 0 1 0 1 2 5 5 4 0 0 4 0 0
0 39 1 1 2 2 2 1 3 3 5 5 1 1 1 1 1 1 3 0 1 0 1 0 1 2 0 0 4 1 1 1 1 1 1 5 1 5 1 1 0
0 10 1 1 2 1 3 1 1 1 4 0
0 49 0 1 0 1 0 1 0 1 1 1 1 1 1 1 1 3 5 2 3 2 0 0 0 4 5 5 1 3 3 5 2 2 1 5 1 1 1 1 1 1 0 1 3 1 1 1 1 4 0
0 57 1 5 2 0 1 0 1 0 1 1 1 1 1 1 1 1 1 1 1 0 1 0 1 0 1 0 1 0 1 3 5 3 1 1 4 0 1 3 1 1 1 1 1 4 0 1 1 1 1 5 0 1 1 5 1 5 0
0 39 2 1 3 3 5 5 1 1 1 1 5 5 0 0 0 4 1 1 1 1 3 5 1 3 3 5 1 5 1 5 1 1 1 1 1 5 0 1 0
0 19 3 0 4 3 1 2 2 2 1 5 1 5 1 1 1 5 1 1 0
0 17 3 3 2 1 5 2 1 1 1 3 1 1 1 1 1 4 0
0 23 0 1 0 1 0 1 0 1 1 1 1 1 1 1 1 3 5 2 3 2 0 0 0
0 27 0 0 0 4 1 3 3 5 3 3 2 1 3 3 5 1 1 3 0 0 0 5 0 0 0 0 0
0 16 1 1 5 1 1 1 1 1 1 1 1 1 1 0 1 0
0 32 2 1 2 1 1 2 1 1 1 1 1 1 1 1 1 1 1 3 5 2 1 1 2 3 4 0 1 1 1 1 1 0
0 36 1 3 3 5 3 0 5 5 5 2 1 1 1 2 1 2 3 1 1 1 4 0 1 3 1 1 1 1 4 0 1 1 1 1 1 0
0 12 1 3 3 5 1 3 3 5 1 0 0 0
0 36 1 3 3 5 1 3 3 5 1 1 1 1 5 0 1 3 1 1 1 1 1 4 0 1 3 1 1 4 0 1 3 1 1 1 4 0
0 12 2 1 2 1 1 3 3 5 3 0 0 0
0 13 2 1 1 2 3 5 3 2 0 1 0 1 0
0 33 3 2 0 1 0 1 0 1 0 1 1 1 1 1 1 1 1 1 5 2 3 0 2 1 2 3 1 1 1 1 1 4 0
0 22 1 2 2 3 1 1 4 0 1 1 1 1 1 1 1 0 1 1 5 1 1 0
0 30 1 2 2 3 1 1 4 0 1 1 1 1 1 1 1 0 1 1 5 1 1 0 1 3 1 1 1 1 4 0
0 39 0 0 0 4 1 3 3 5 3 3 2 1 3 3 5 1 1 3 0 0 0 5 0 0 0 0 0 0 5 0 0 0 0 0 0 5 0 0 0
0 44 3 2 3 2 3 0 5 2 3 2 1 2 1 1 1 1 3 5 2 2 1 2 0 1 3 4 0 1 3 1 1 1 1 1 4 0 1 3 1 1 1 1 4 0
0 11 3 0 5 5 3 3 0 0 0 4 0
0 9 1 1 1 2 3 0 5 2 0
0 23 1 2 0 1 3 1 1 1 1 4 0 1 1 5 1 1 1 1 1 5 1 5 0
0 40 4 1 0 0 0 0 0 4 2 2 1 1 5 1 1 1 5 0 1 1 5 0 1 1 5 1 1 1 1 1 5 0 1 3 1 1 1 1 4 0
0 27 3 5 2 5 2 0 1 0 1 0 1 0 1 0 1 2 3 0 0 1 0 1 0 1 0 1 0
0 55 1 1 1 1 1 1 1 1 1 1 3 5 2 1 2 1 2 1 1 1 1 1 1 1 1 1 1 3 5 2 1 2 3 4 0 1 1 1 1 1 1 1 0 1 3 1 1 4 0 1 3 1 1 4 0
0 15 0 1 0 1 2 5 5 4 0 0 4 0 0 0 0
0 5 0 1 0 1 0
0 6 3 5 5 0 1 0
0 24 3 0 5 1 1 1 1 1 1 3 0 3 2 1 2 1 3 3 5 0 1 0 1 0
0 11 3 3 2 5 1 1 1 1 1 1 0
0 19 1 1 1 1 1 1 1 1 3 5 3 0 0 0 0 0 0 5 3
0 10 0 0 5 0 5 1 0 0 0 0
0 23 0 0 0 0 0 4 3 0 3 0 0 4 3 2 3 0 0 1 0 1 0 1 0
0 16 2 2 3 1 1 4 0 1 3 1 1 1 1 1 4 0
0 10 2 1 2 3 0 0 1 2 0 0
0 17 1 1 1 1 1 1 1 1 3 5 1 3 3 5 3 2 0
0 10 5 1 1 1 1 1 1 0 1 0
0 12 1 1 2 1 2 2 2 2 3 1 4 0
0 19 1 2 1 1 2 1 1 2 1 1 1 1 1 0 1 3 1 4 0
0 9 0 5 0 0 0 0 0 5 3
0 27 2 1 1 2 3 5 3 2 0 1 0 1 0 1 1 1 1 1 1 1 1 1 3 2 3 2 0
0 17 0 1 0 1 2 0 4 0 0 0 0 4 1 1 1 1 0
0 5 5 5 1 1 0
0 5 1 5 0 1 0
0 45 1 2 2 1 1 1 5 1 1 1 1 1 1 1 1 0 1 1 1 1 1 1 5 0 1 1 5 1 5 1 1 1 1 0 1 0 1 3 1 1 1 1 1 4 0
0 7 2 2 2 1 3 4 0
0 6 2 2 5 0 1 0
0 20 3 2 3 0 0 4 5 1 1 1 1 1 1 1 1 3 0 0 0 0
0 22 0 0 0 4 0 1 0 1 0 1 0 1 2 0 0 0 0 4 5 5 0 0
0 16 1 3 3 5 2 1 5 2 1 3 3 5 0 0 0 0
0 5 3 0 0 1 0
0 44 1 3 3 5 3 0 5 5 5 2 1 1 1 2 1 2 3 1 1 1 4 0 1 3 1 1 1 1 4 0 1 1 1 1 1 0 1 3 1 1 1 1 4 0
0 6 3 0 1 0 1 0
0 9 3 0 5 5 5 5 0 0 0
0 43 1 1 1 1 1 1 1 1 3 5 1 3 3 5 3 2 0 0 0 4 3 2 2 2 2 1 5 1 1 1 5 1 5 0 1 3 1 1 1 4 0 1 0
0 8 1 3 3 5 5 3 0 0
0 33 5 1 1 1 1 1 1 1 3 3 5 3 5 2 3 0 5 5 1 1 1 1 1 1 1 1 1 1 3 0 3 2 0
0 36 1 3 3 5 1 0 0 0 0 0 4 5 1 1 1 1 1 1 3 2 0 4 2 5 5 1 2 1 2 1 3 1 1 1 4 0
0 25 1 1 4 4 1 3 3 5 3 2 0 0 4 3 0 0 0 0 4 3 0 0 0 0 0
0 38 3 2 5 5 5 2 5 5 3 3 2 0 1 0 1 0 1 0 1 2 5 1 1 1 1 1 1 1 1 1 1 0 1 0 1 0 1 0
0 6 2 1 1 2 1 0
0 19 3 5 2 3 2 3 1 2 2 2 1 1 1 1 1 1 1 1 0
0 24 3 0 1 0 1 0 1 0 1 2 3 2 3 0 5 2 1 3 2 3 3 3 0 0
0 4 1 3 0 0
0 16 5 1 1 1 1 1 1 1 3 2 3 0 0 0 0 0
0 19 2 1 2 1 1 3 3 5 3 0 0 0 0 0 5 3 0 0 0
0 28 1 3 3 5 0 0 0 0 4 5 2 2 2 2 1 1 5 0 1 1 1 1 1 1 5 1 5 0
0 25 0 0 0 0 0 4 3 0 3 0 0 4 3 2 3 0 0 1 0 1 0 1 0 1 0
0 12 1 1 4 4 1 3 3 5 3 2 0 0
0 66 0 1 0 1 0 1 0 1 1 1 1 1 1 1 1 3 5 2 3 2 0 0 0 4 5 5 1 3 3 5 2 2 1 5 1 1 1 1 1 1 0 1 3 1 1 1 1 4 0 1 1 5 1 1 0 1 3 1 1 4 0 1 3 1 4 0
0 18 4 1 0 0 0 0 0 4 2 2 1 1 5 1 1 1 5 0
0 32 1 2 1 1 5 1 1 1 1 3 3 3 0 0 1 0 1 0 1 0 1 2 3 0 0 0 4 0 1 0 1 0
0 8 3 0 5 5 5 5 0 0
0 22 0 1 0 1 2 5 2 3 5 1 1 1 1 1 1 1 1 1 1 0 1 0
0 11 1 1 4 4 1 3 3 5 3 2 0
0 26 1 1 1 1 1 1 3 5 1 3 3 2 2 1 1 1 5 1 5 1 5 1 5 1 1 0
0 17 1 3 3 5 1 3 3 5 1 2 3 4 0 1 3 4 0
0 11 2 1 1 2 3 5 3 2 0 1 0
0 3 0 1 0
0 19 1 1 1 1 1 1 1 1 1 1 3 5 5 5 5 2 1 0 0
0 34 1 1 1 1 1 1 1 1 3 5 1 3 3 5 3 2 0 0 0 4 3 2 2 2 2 1 5 1 1 1 5 1 5 0
0 36 2 1 1 3 5 5 5 2 1 1 1 1 1 1 0 1 1 5 0 1 1 5 1 5 1 5 0 1 3 1 1 1 1 1 4 0
0 14 1 1 5 1 1 1 1 1 1 1 1 1 1 0
0 14 1 1 1 1 1 1 3 5 1 1 1 2 1 0
0 14 0 0 0 4 0 1 0 1 0 1 0 1 2 0
0 11 3 0 1 1 1 2 2 1 3 4 0
0 14 1 2 1 1 1 1 1 1 3 5 5 1 1 0
0 37 3 2 0 1 0 1 0 1 0 1 1 1 1 1 1 1 1 1 5 2 3 0 2 1 2 3 1 1 1 1 1 4 0 1 3 4 0
0 7 4 1 0 0 0 0 0
0 33 1 1 3 3 5 1 2 2 1 2 3 1 4 0 1 3 1 1 1 1 1 4 0 1 3 1 1 4 0 1 1 5 0
0 23 1 3 3 5 1 1 3 5 1 1 2 2 1 1 1 1 1 1 3 5 3 2 0
0 49 1 1 1 1 1 1 1 1 1 1 3 5 2 1 2 1 2 1 1 1 1 1 1 1 1 1 1 3 5 2 1 2 3 4 0 1 1 1 1 1 1 1 0 1 3 1 1 4 0
0 5 5 5 3 2 0
0 17 1 1 1 2 3 0 5 2 0 0 0 5 0 0 0 0 0
0 19 0 0 0 0 0 4 3 0 3 0 0 4 3 2 3 0 0 1 0
0 20 1 1 1 1 1 1 3 5 1 1 1 2 1 0 1 0 1 0 1 0
0 30 1 2 1 1 5 1 1 1 1 3 3 3 0 0 1 0 1 0 1 0 1 2 3 0 0 0 4 0 1 0
0 37 1 1 1 1 3 5 3 0 3 2 2 2 2 3 1 1 1 4 0 1 3 1 1 4 0 1 3 4 0 1 3 1 1 1 1 4 0
0 14 1 1 3 3 5 1 2 2 1 2 3 1 4 0
0 9 1 3 3 5 0 1 0 1 0
0 15 0 0 0 4 0 1 0 1 0 1 0 1 2 0 0
0 17 1 1 1 2 1 5 0 1 3 1 4 0 1 3 1 4 0
0 6 3 0 4 0 1 0
0 36 1 1 1 1 1 1 1 1 3 5 0 1 2 0 1 0 1 0 1 0 1 1 1 0 1 0 1 2 5 5 4 2 1 0 0 0
0 22 0 0 0 0 4 1 3 2 5 5 5 5 2 5 2 3 2 0 1 0 1 0
0 45 3 2 5 5 0 1 0 1 0 1 0 1 1 1 1 1 1 1 3 1 1 4 0 1 0 1 1 1 1 1 1 1 1 1 0 1 1 1 1 5 1 5 1 5 0
0 35 1 1 1 1 1 1 1 1 1 1 3 5 2 1 2 1 2 1 1 1 1 1 1 1 1 1 1 3 5 2 1 2 3 4 0
0 35 3 2 5 5 0 1 0 1 0 1 0 1 1 1 1 1 1 1 3 1 1 4 0 1 0 1 1 1 1 1 1 1 1 1 0
0 13 1 1 1 1 1 1 1 1 3 5 3 0 0
0 36 0 0 0 0 4 1 3 2 5 5 5 5 2 5 2 3 2 0 1 0 1 0 1 0 1 0 1 1 1 1 1 1 1 0 1 0
0 32 5 2 0 0 0 4 2 2 2 2 1 2 2 2 2 2 2 1 2 1 2 2 2 1 1 1 1 0 1 3 4 0
0 53 1 2 1 1 5 1 1 1 1 3 3 3 0 0 1 0 1 0 1 0 1 2 3 0 0 0 4 0 1 0 1 0 1 0 1 1 1 1 1 1 1 1 1 5 2 3 2 5 1 1 0 1 0
0 48 1 1 1 1 3 5 0 1 0 1 0 1 0 1 0 1 2 0 1 0 1 1 1 1 1 1 1 1 1 1 1 3 0 1 3 3 5 3 0 3 4 1 1 3 0 0 5 3
0 20 0 0 0 4 3 5 1 3 3 5 5 5 1 1 0 5 1 3 0 0
0 26 1 1 1 1 1 1 1 1 1 1 3 5 5 5 5 2 1 0 0 0 0 4 1 1 5 0
0 21 3 0 1 1 1 2 2 1 3 4 0 1 1 5 0 1 1 5 1 5 0
0 32 1 1 1 1 3 5 3 0 5 1 1 1 1 1 1 1 1 0 1 0 1 1 1 1 1 5 2 0 1 0 1 0
0 24 1 0 0 4 5 2 1 3 0 2 1 1 1 0 1 1 5 0 1 3 1 1 4 0
0 6 3 2 0 0 4 0
0 25 3 0 1 0 1 0 1 0 1 2 3 2 3 0 5 2 1 3 2 3 3 3 0 0 0
0 22 2 2 1 3 3 5 2 1 1 1 1 1 5 1 5 1 1 1 1 0 1 0
0 18 1 1 1 1 1 1 1 1 3 5 0 1 2 0 1 0 1 0
0 28 1 1 1 1 5 1 1 1 1 1 5 0 1 1 1 1 1 1 1 0 1 1 5 1 1 1 1 0
0 28 1 1 1 2 1 1 1 1 1 1 1 3 5 1 5 5 5 2 5 5 1 2 1 1 1 1 5 0
0 29 2 1 1 2 3 5 3 2 0 1 0 1 0 1 1 1 1 1 1 1 1 1 3 2 3 2 0 1 0
0 29 1 1 3 3 5 1 2 2 1 2 3 1 4 0 1 3 1 1 1 1 1 4 0 1 3 1 1 4 0
0 7 1 3 3 5 0 1 0
