540 7
1 0 
1 18 6 4 6 4 6 4 4 6 6 6 6 4 6 6 5 5 0 5
1 158 5 5 5 4 2 5 5 3 3 3 3 3 5 5 5 5 2 0 1 1 1 1 1 0 2 4 6 4 6 4 6 4 6 4 6 4 4 4 4 6 4 4 4 3 3 3 3 5 6 6 4 6 4 6 4 6 4 6 4 6 4 4 3 3 3 5 6 4 4 6 4 6 4 4 6 4 4 6 4 0 6 4 6 4 6 4 2 4 4 4 5 4 6 6 3 3 3 4 4 5 3 6 4 3 3 4 4 5 4 3 2 3 6 6 6 4 3 3 3 4 5 3 6 4 6 4 6 6 4 6 6 4 3 5 4 6 4 6 4 4 6 6 4 6 6 6 4 6 6 6 4 4 1 1 1 2 0 0
1 14 5 5 3 3 3 2 2 2 2 4 3 3 2 3
1 13 5 3 3 3 3 5 2 5 2 2 3 0 0
1 66 2 2 2 4 0 6 4 4 6 4 3 2 1 5 2 0 1 5 2 0 0 1 5 4 1 1 1 1 2 1 1 1 1 2 6 6 4 3 4 3 3 5 4 4 6 6 6 6 4 6 4 6 6 4 6 4 3 4 4 5 4 2 2 1 1 2
1 38 4 2 3 2 2 3 3 5 5 0 0 0 0 5 5 5 5 5 1 5 5 1 5 5 5 5 5 1 5 0 0 0 6 4 6 4 0 5
1 39 5 5 3 3 3 3 3 3 3 5 2 2 5 2 3 3 3 3 5 5 3 3 3 3 2 2 2 3 3 3 3 3 3 3 3 3 3 5 4
1 38 3 4 2 3 3 3 3 2 2 3 4 3 3 3 3 3 3 3 3 3 3 3 3 3 5 3 3 2 4 5 5 5 5 5 5 5 1 1
1 22 5 5 5 5 5 5 1 1 6 1 6 6 0 0 0 5 5 5 5 5 5 0
1 36 2 2 3 2 3 2 3 5 3 3 3 3 5 5 5 5 2 2 2 5 2 2 2 2 2 3 5 5 3 3 3 3 3 3 4 0
1 87 2 2 5 3 2 5 0 0 0 0 5 5 1 5 5 5 5 1 6 4 6 4 4 6 4 4 4 4 3 0 0 1 5 4 3 4 5 4 5 6 6 6 6 6 2 4 3 5 3 6 4 4 5 4 4 4 4 3 4 5 6 3 3 3 4 2 3 6 4 2 4 4 5 6 2 6 4 6 4 5 5 5 0 0 0 0 0
1 48 5 5 5 5 5 5 4 2 4 2 2 5 5 5 3 3 3 4 2 2 5 2 2 2 2 5 2 2 2 3 3 3 3 3 3 3 3 3 3 3 3 3 3 3 3 3 3 4
1 57 2 5 5 5 5 5 3 3 3 3 3 5 3 3 3 3 3 5 3 3 3 3 3 4 2 2 2 2 2 5 5 5 5 2 3 2 2 3 5 5 0 0 0 0 6 4 5 1 0 0 0 5 5 5 0 0 0
1 97 3 3 3 3 3 3 5 2 5 5 2 4 3 3 3 4 0 0 0 0 0 6 4 6 4 6 4 1 1 2 1 1 1 2 5 4 6 6 6 6 4 4 3 3 3 3 2 1 5 2 0 0 0 1 5 6 4 3 3 3 2 3 6 4 6 4 4 6 6 6 4 4 6 4 6 6 6 6 6 6 0 6 6 4 6 6 4 4 4 4 6 6 4 6 4 6 4
1 10 0 5 0 0 5 1 6 1 1 5
1 215 5 5 2 2 3 5 3 3 3 5 3 3 3 3 5 5 2 2 2 2 3 3 3 3 5 3 3 2 4 2 2 2 2 2 4 6 4 0 6 4 6 4 0 6 4 6 4 6 4 6 4 6 4 2 3 4 3 3 4 5 6 6 3 0 0 1 5 2 0 0 0 1 5 6 4 4 4 2 4 6 6 4 0 0 2 6 4 3 4 3 2 1 5 2 0 0 0 0 1 5 3 0 0 0 0 0 1 5 4 6 3 4 4 4 3 5 6 4 6 4 6 4 6 6 4 4 6 6 4 5 3 6 6 4 3 3 5 6 2 3 3 3 4 2 3 6 4 0 0 2 6 6 4 4 2 3 6 4 2 1 2 0 6 4 4 6 4 6 6 4 4 6 4 2 6 6 4 6 6 6 6 4 6 6 4 4 4 4 6 6 6 2 5 5 1 6 4 6 4 6 6 6 5 4 6 6 6 6 4 4 4 6 6 5 6
1 43 3 3 3 3 2 2 4 5 5 5 5 5 5 0 6 4 6 6 6 6 4 1 1 1 2 4 4 6 6 4 6 4 6 4 6 4 5 5 5 5 6 6 1
1 16 5 2 2 2 4 3 3 2 3 4 2 4 4 5 5 0
1 24 3 3 4 4 0 0 6 4 6 4 6 4 4 2 6 4 0 0 0 0 1 6 6 1
1 23 3 3 0 0 0 2 2 4 3 3 3 5 4 4 4 4 6 6 4 6 4 6 4
1 80 0 6 4 6 4 6 4 6 4 6 4 1 1 1 2 5 6 6 4 6 4 6 4 3 5 3 6 4 1 2 5 4 3 3 3 3 3 2 3 6 6 5 1 5 5 1 5 5 5 5 5 1 5 5 1 0 0 0 0 6 4 6 4 6 4 6 4 0 5 5 5 5 5 5 5 0 0 0 0 0
1 166 2 5 3 3 3 3 3 3 3 3 5 3 3 3 3 3 5 2 2 5 5 4 3 5 3 3 3 3 3 5 5 2 2 2 2 2 5 5 2 3 3 5 3 3 3 3 3 5 5 5 3 3 2 2 5 4 2 2 2 5 4 3 2 2 4 6 4 6 6 6 4 4 4 3 3 4 5 4 1 1 1 1 1 2 6 4 6 4 0 4 6 4 6 4 0 3 4 3 3 2 3 6 4 4 2 3 6 4 3 4 3 3 5 6 6 6 3 4 4 3 4 5 4 4 3 3 4 5 6 3 3 5 3 6 6 4 4 4 6 6 6 4 6 4 6 4 5 0 0 6 4 3 3 5 6 4 6 6 6 4 4 3 5 4 6 4
1 8 0 6 5 5 5 5 1 6
1 73 3 3 2 3 2 3 2 2 4 2 3 2 6 4 6 4 6 6 6 4 4 4 3 5 6 3 3 3 3 4 2 3 6 4 4 6 6 6 6 6 6 4 4 6 6 4 6 4 6 4 2 6 4 6 3 3 4 3 4 5 6 4 4 6 6 6 6 6 4 3 5 6 0
1 38 2 2 2 2 4 2 2 2 2 5 2 2 2 2 2 3 3 3 3 3 5 5 3 5 2 2 2 5 5 2 5 2 5 3 3 3 5 4
1 66 2 2 2 5 5 2 0 2 4 4 6 6 6 1 1 1 2 2 6 4 6 6 4 6 4 4 4 6 3 3 4 5 3 6 4 4 6 6 6 6 4 6 4 4 4 6 6 6 4 6 6 4 4 6 4 6 4 6 4 6 4 5 5 5 5 5
1 5 2 3 3 3 2
1 21 5 3 3 3 5 5 3 3 3 3 3 5 5 5 4 5 3 3 3 3 3
1 66 4 3 2 3 2 2 3 3 0 0 0 0 5 5 5 5 5 5 5 1 5 5 1 0 0 0 0 0 0 6 6 6 4 6 2 4 4 4 4 3 5 4 6 4 4 6 6 4 4 6 4 2 4 6 4 6 4 4 6 4 4 2 2 6 4 0
0 39 3 3 3 2 4 2 2 2 3 2 2 4 3 2 2 0 1 5 5 5 5 5 5 5 6 1 6 1 1 5 5 5 0 4 6 6 6 3 3
0 65 3 2 3 3 2 4 5 5 3 3 3 3 3 5 2 2 5 4 3 2 2 5 0 0 0 0 6 4 2 1 5 2 1 5 3 0 0 1 5 3 0 0 0 0 1 5 6 6 4 1 1 1 1 1 2 4 4 1 1 1 1 1 2 4 3
0 35 5 5 3 3 3 3 3 3 3 3 3 2 2 3 3 3 3 3 3 3 3 3 3 2 2 2 3 0 3 4 4 4 3 0 0
0 90 3 3 3 2 4 2 2 2 3 2 2 4 3 2 2 0 1 5 5 5 5 5 5 5 6 1 6 1 1 5 5 5 0 4 6 6 6 3 3 0 0 0 1 5 2 1 5 4 4 3 4 4 4 5 4 4 6 4 6 6 3 4 3 3 3 5 4 6 6 4 3 4 4 3 5 6 0 0 6 4 6 4 6 4 3 3 4 4 3 2
0 44 3 2 3 3 2 4 5 5 3 3 3 3 3 5 2 2 5 4 3 2 2 5 0 0 0 0 6 4 2 1 5 2 1 5 3 0 0 1 5 3 0 0 0 0
0 35 2 3 2 3 2 4 2 3 2 2 4 2 4 6 4 4 4 6 6 6 4 6 4 4 4 3 5 6 6 6 4 4 3 2 3
0 104 5 5 3 3 3 3 3 3 3 3 3 2 2 3 3 3 3 3 3 3 3 3 3 2 2 2 3 0 3 4 4 4 3 0 0 0 1 5 2 0 1 5 2 0 0 0 1 5 4 1 1 1 1 2 4 4 4 6 4 0 6 4 6 4 2 6 4 4 3 3 2 3 6 6 2 2 4 3 4 3 3 5 3 6 6 6 4 6 4 6 4 2 2 6 4 2 0 6 4 6 4 3 3 3
0 48 3 3 5 3 5 3 3 3 3 5 3 3 3 3 2 6 4 2 6 4 6 0 6 6 6 6 6 6 4 4 5 6 2 2 1 1 1 1 2 6 6 4 4 6 6 4 3 5
0 47 0 1 0 4 3 5 6 6 4 6 6 4 6 4 4 4 3 3 0 0 0 1 5 2 0 0 0 1 5 3 0 0 0 0 1 5 4 4 4 3 0 0 1 5 3 0 1
0 27 0 1 0 4 3 5 6 6 4 6 6 4 6 4 4 4 3 3 0 0 0 1 5 2 0 0 0
0 64 3 2 3 3 3 3 3 5 2 5 2 3 6 4 4 3 4 5 4 4 4 4 6 6 6 4 4 6 6 6 6 4 4 6 6 6 4 4 4 3 4 4 5 6 0 6 4 6 4 6 4 4 1 1 1 1 1 2 4 6 4 4 3 2
0 137 3 2 3 3 3 3 3 5 2 5 2 3 6 4 4 3 4 5 4 4 4 4 6 6 6 4 4 6 6 6 6 4 4 6 6 6 4 4 4 3 4 4 5 6 0 6 4 6 4 6 4 4 1 1 1 1 1 2 4 6 4 4 3 2 1 5 2 0 0 0 0 1 5 6 1 1 2 4 4 4 4 6 4 4 6 6 4 4 6 4 6 4 6 4 1 1 1 1 2 3 4 5 6 4 6 6 4 6 6 4 0 6 4 3 2 0 0 0 0 1 5 2 0 0 0 0 0 1 5 2 0 0 0 0 0 1 5
0 171 2 3 2 2 2 4 3 3 3 3 3 3 3 3 3 3 2 2 3 3 3 3 3 3 3 3 2 2 3 2 2 4 5 2 2 4 5 5 5 5 5 5 3 3 3 3 2 2 2 2 5 3 3 3 5 3 3 3 5 3 3 3 3 5 3 6 4 6 4 4 4 6 4 6 6 6 4 4 6 6 4 6 4 4 4 1 1 2 6 4 4 4 6 0 5 5 5 5 1 5 5 5 5 5 1 5 5 5 6 4 6 6 4 6 6 0 4 4 3 4 4 5 4 4 6 6 4 6 4 5 4 5 4 1 2 6 4 4 3 3 5 4 4 6 4 0 3 4 4 3 3 5 6 3 3 4 3 0 0 0 0 0 1 5 4 4 4 3 0 0 1
0 68 3 3 3 3 3 2 2 2 2 2 2 5 2 3 3 3 3 3 3 3 3 3 3 3 2 2 5 5 5 5 5 0 0 0 6 4 4 5 6 6 4 2 0 0 0 0 1 5 3 0 0 0 0 0 1 5 3 0 0 0 0 1 5 2 0 0 0 1
0 42 3 3 3 2 4 2 2 2 3 2 2 4 3 2 2 0 1 5 5 5 5 5 5 5 6 1 6 1 1 5 5 5 0 4 6 6 6 3 3 0 0 0
0 85 3 3 3 2 4 2 2 2 3 2 2 4 3 2 2 0 1 5 5 5 5 5 5 5 6 1 6 1 1 5 5 5 0 4 6 6 6 3 3 0 0 0 1 5 2 1 5 4 4 3 4 4 4 5 4 4 6 4 6 6 3 4 3 3 3 5 4 6 6 4 3 4 4 3 5 6 0 0 6 4 6 4 6 4 3
0 151 2 3 2 2 2 4 3 3 3 3 3 3 3 3 3 3 2 2 3 3 3 3 3 3 3 3 2 2 3 2 2 4 5 2 2 4 5 5 5 5 5 5 3 3 3 3 2 2 2 2 5 3 3 3 5 3 3 3 5 3 3 3 3 5 3 6 4 6 4 4 4 6 4 6 6 6 4 4 6 6 4 6 4 4 4 1 1 2 6 4 4 4 6 0 5 5 5 5 1 5 5 5 5 5 1 5 5 5 6 4 6 6 4 6 6 0 4 4 3 4 4 5 4 4 6 6 4 6 4 5 4 5 4 1 2 6 4 4 3 3 5 4 4 6 4 0 3 4 4 3 3
0 58 0 1 0 4 3 5 6 6 4 6 6 4 6 4 4 4 3 3 0 0 0 1 5 2 0 0 0 1 5 3 0 0 0 0 1 5 4 4 4 3 0 0 1 5 3 0 1 5 3 0 0 1 5 3 0 1 5 2
0 66 4 3 3 2 2 2 5 3 3 3 3 3 3 3 5 5 3 5 2 5 4 3 3 3 3 3 3 5 5 3 3 3 5 0 0 0 0 6 4 6 4 6 4 6 4 6 4 4 4 3 0 1 5 2 1 5 3 0 1 5 2 0 0 0 1 5
0 175 2 2 2 2 2 4 2 3 2 3 3 3 2 3 4 4 4 6 4 6 4 6 4 6 4 3 4 4 3 4 2 3 6 4 4 4 6 4 4 5 6 4 4 2 0 0 1 5 3 0 0 1 5 2 0 0 0 0 1 5 4 6 4 6 4 6 4 3 3 4 4 3 5 6 4 1 1 1 1 2 4 4 6 6 3 3 3 4 5 4 4 4 6 6 2 3 5 4 3 3 4 4 4 5 4 4 6 6 4 4 6 6 4 1 1 1 2 6 6 6 4 6 6 6 4 6 4 1 1 1 1 1 2 4 6 4 6 4 6 4 4 0 6 4 4 6 6 3 4 4 5 4 0 6 4 0 0 4 4 4 6 4 5 4 6 4 4 6 4 0 3 4 3 3 5
0 15 2 4 4 6 4 6 6 4 4 4 6 1 2 5 3
0 42 5 5 3 3 3 3 3 3 3 3 3 2 2 3 3 3 3 3 3 3 3 3 3 2 2 2 3 0 3 4 4 4 3 0 0 0 1 5 2 0 1 5
0 118 3 3 3 2 4 2 2 2 3 2 2 4 3 2 2 0 1 5 5 5 5 5 5 5 6 1 6 1 1 5 5 5 0 4 6 6 6 3 3 0 0 0 1 5 2 1 5 4 4 3 4 4 4 5 4 4 6 4 6 6 3 4 3 3 3 5 4 6 6 4 3 4 4 3 5 6 0 0 6 4 6 4 6 4 3 3 4 4 3 2 3 6 6 4 4 6 4 4 6 4 6 4 2 3 4 5 4 4 4 3 4 5 6 3 3 4 4 3
0 51 0 1 0 4 3 5 6 6 4 6 6 4 6 4 4 4 3 3 0 0 0 1 5 2 0 0 0 1 5 3 0 0 0 0 1 5 4 4 4 3 0 0 1 5 3 0 1 5 3 0 0
0 50 4 3 3 2 2 2 5 3 3 3 3 3 3 3 5 5 3 5 2 5 4 3 3 3 3 3 3 5 5 3 3 3 5 0 0 0 0 6 4 6 4 6 4 6 4 6 4 4 4 3
0 60 2 2 2 2 2 4 2 3 2 3 3 3 2 3 4 4 4 6 4 6 4 6 4 6 4 3 4 4 3 4 2 3 6 4 4 4 6 4 4 5 6 4 4 2 0 0 1 5 3 0 0 1 5 2 0 0 0 0 1 5
0 43 3 3 3 2 4 2 2 2 3 2 2 4 3 2 2 0 1 5 5 5 5 5 5 5 6 1 6 1 1 5 5 5 0 4 6 6 6 3 3 0 0 0 1
0 56 2 2 0 0 0 0 0 6 4 6 4 4 2 6 4 6 2 6 4 0 3 4 4 4 3 2 0 1 5 3 1 5 2 0 0 0 0 0 1 5 3 0 0 0 0 0 1 5 2 0 0 0 0 0 1 5
0 151 3 2 3 3 3 3 3 5 2 5 2 3 6 4 4 3 4 5 4 4 4 4 6 6 6 4 4 6 6 6 6 4 4 6 6 6 4 4 4 3 4 4 5 6 0 6 4 6 4 6 4 4 1 1 1 1 1 2 4 6 4 4 3 2 1 5 2 0 0 0 0 1 5 6 1 1 2 4 4 4 4 6 4 4 6 6 4 4 6 4 6 4 6 4 1 1 1 1 2 3 4 5 6 4 6 6 4 6 6 4 0 6 4 3 2 0 0 0 0 1 5 2 0 0 0 0 0 1 5 2 0 0 0 0 0 1 5 2 0 0 0 0 1 5 6 4 6 4 3 3 3
0 33 5 5 3 3 3 3 3 3 3 3 3 2 2 3 3 3 3 3 3 3 3 3 3 2 2 2 3 0 3 4 4 4 3
0 21 0 1 0 4 3 5 6 6 4 6 6 4 6 4 4 4 3 3 0 0 0
0 99 3 3 2 3 3 2 2 2 4 4 3 3 3 5 5 5 4 6 5 5 5 5 5 5 5 6 4 4 4 5 4 4 4 2 4 6 4 5 6 1 1 1 1 1 2 6 6 4 6 4 6 4 6 6 6 6 6 4 4 5 4 0 6 4 3 3 3 4 2 3 6 4 4 4 6 4 4 6 3 3 3 4 3 2 0 1 5 2 0 1 5 3 1 5 3 0 0 0 0
0 73 2 2 2 2 2 4 2 3 2 3 3 3 2 3 4 4 4 6 4 6 4 6 4 6 4 3 4 4 3 4 2 3 6 4 4 4 6 4 4 5 6 4 4 2 0 0 1 5 3 0 0 1 5 2 0 0 0 0 1 5 4 6 4 6 4 6 4 3 3 4 4 3 5
0 144 3 2 3 3 3 3 3 5 2 5 2 3 6 4 4 3 4 5 4 4 4 4 6 6 6 4 4 6 6 6 6 4 4 6 6 6 4 4 4 3 4 4 5 6 0 6 4 6 4 6 4 4 1 1 1 1 1 2 4 6 4 4 3 2 1 5 2 0 0 0 0 1 5 6 1 1 2 4 4 4 4 6 4 4 6 6 4 4 6 4 6 4 6 4 1 1 1 1 2 3 4 5 6 4 6 6 4 6 6 4 0 6 4 3 2 0 0 0 0 1 5 2 0 0 0 0 0 1 5 2 0 0 0 0 0 1 5 2 0 0 0 0 1 5
0 26 0 1 0 4 3 5 6 6 4 6 6 4 6 4 4 4 3 3 0 0 0 1 5 2 0 0
0 121 3 2 3 3 3 3 3 5 2 5 2 3 6 4 4 3 4 5 4 4 4 4 6 6 6 4 4 6 6 6 6 4 4 6 6 6 4 4 4 3 4 4 5 6 0 6 4 6 4 6 4 4 1 1 1 1 1 2 4 6 4 4 3 2 1 5 2 0 0 0 0 1 5 6 1 1 2 4 4 4 4 6 4 4 6 6 4 4 6 4 6 4 6 4 1 1 1 1 2 3 4 5 6 4 6 6 4 6 6 4 0 6 4 3 2 0 0 0 0 1 5
0 168 2 3 2 2 2 4 3 3 3 3 3 3 3 3 3 3 2 2 3 3 3 3 3 3 3 3 2 2 3 2 2 4 5 2 2 4 5 5 5 5 5 5 3 3 3 3 2 2 2 2 5 3 3 3 5 3 3 3 5 3 3 3 3 5 3 6 4 6 4 4 4 6 4 6 6 6 4 4 6 6 4 6 4 4 4 1 1 2 6 4 4 4 6 0 5 5 5 5 1 5 5 5 5 5 1 5 5 5 6 4 6 6 4 6 6 0 4 4 3 4 4 5 4 4 6 6 4 6 4 5 4 5 4 1 2 6 4 4 3 3 5 4 4 6 4 0 3 4 4 3 3 5 6 3 3 4 3 0 0 0 0 0 1 5 4 4 4 3
0 143 3 2 3 3 3 3 3 5 2 5 2 3 6 4 4 3 4 5 4 4 4 4 6 6 6 4 4 6 6 6 6 4 4 6 6 6 4 4 4 3 4 4 5 6 0 6 4 6 4 6 4 4 1 1 1 1 1 2 4 6 4 4 3 2 1 5 2 0 0 0 0 1 5 6 1 1 2 4 4 4 4 6 4 4 6 6 4 4 6 4 6 4 6 4 1 1 1 1 2 3 4 5 6 4 6 6 4 6 6 4 0 6 4 3 2 0 0 0 0 1 5 2 0 0 0 0 0 1 5 2 0 0 0 0 0 1 5 2 0 0 0 0 1
0 67 3 2 3 3 3 3 3 5 2 5 2 3 6 4 4 3 4 5 4 4 4 4 6 6 6 4 4 6 6 6 6 4 4 6 6 6 4 4 4 3 4 4 5 6 0 6 4 6 4 6 4 4 1 1 1 1 1 2 4 6 4 4 3 2 1 5 2
0 154 2 3 2 2 2 4 3 3 3 3 3 3 3 3 3 3 2 2 3 3 3 3 3 3 3 3 2 2 3 2 2 4 5 2 2 4 5 5 5 5 5 5 3 3 3 3 2 2 2 2 5 3 3 3 5 3 3 3 5 3 3 3 3 5 3 6 4 6 4 4 4 6 4 6 6 6 4 4 6 6 4 6 4 4 4 1 1 2 6 4 4 4 6 0 5 5 5 5 1 5 5 5 5 5 1 5 5 5 6 4 6 6 4 6 6 0 4 4 3 4 4 5 4 4 6 6 4 6 4 5 4 5 4 1 2 6 4 4 3 3 5 4 4 6 4 0 3 4 4 3 3 5 6 3
0 45 2 2 0 0 0 0 0 6 4 6 4 4 2 6 4 6 2 6 4 0 3 4 4 4 3 2 0 1 5 3 1 5 2 0 0 0 0 0 1 5 3 0 0 0 0
0 136 3 2 3 3 3 3 3 5 2 5 2 3 6 4 4 3 4 5 4 4 4 4 6 6 6 4 4 6 6 6 6 4 4 6 6 6 4 4 4 3 4 4 5 6 0 6 4 6 4 6 4 4 1 1 1 1 1 2 4 6 4 4 3 2 1 5 2 0 0 0 0 1 5 6 1 1 2 4 4 4 4 6 4 4 6 6 4 4 6 4 6 4 6 4 1 1 1 1 2 3 4 5 6 4 6 6 4 6 6 4 0 6 4 3 2 0 0 0 0 1 5 2 0 0 0 0 0 1 5 2 0 0 0 0 0 1
0 74 3 3 3 2 4 2 2 2 3 2 2 4 3 2 2 0 1 5 5 5 5 5 5 5 6 1 6 1 1 5 5 5 0 4 6 6 6 3 3 0 0 0 1 5 2 1 5 4 4 3 4 4 4 5 4 4 6 4 6 6 3 4 3 3 3 5 4 6 6 4 3 4 4 3
0 94 3 3 2 3 3 2 2 2 4 4 3 3 3 5 5 5 4 6 5 5 5 5 5 5 5 6 4 4 4 5 4 4 4 2 4 6 4 5 6 1 1 1 1 1 2 6 6 4 6 4 6 4 6 6 6 6 6 4 4 5 4 0 6 4 3 3 3 4 2 3 6 4 4 4 6 4 4 6 3 3 3 4 3 2 0 1 5 2 0 1 5 3 1 5
0 162 3 2 3 3 3 3 3 5 2 5 2 3 6 4 4 3 4 5 4 4 4 4 6 6 6 4 4 6 6 6 6 4 4 6 6 6 4 4 4 3 4 4 5 6 0 6 4 6 4 6 4 4 1 1 1 1 1 2 4 6 4 4 3 2 1 5 2 0 0 0 0 1 5 6 1 1 2 4 4 4 4 6 4 4 6 6 4 4 6 4 6 4 6 4 1 1 1 1 2 3 4 5 6 4 6 6 4 6 6 4 0 6 4 3 2 0 0 0 0 1 5 2 0 0 0 0 0 1 5 2 0 0 0 0 0 1 5 2 0 0 0 0 1 5 6 4 6 4 3 3 3 0 0 1 5 3 0 0 0 1 5 3
0 68 0 1 0 4 3 5 6 6 4 6 6 4 6 4 4 4 3 3 0 0 0 1 5 2 0 0 0 1 5 3 0 0 0 0 1 5 4 4 4 3 0 0 1 5 3 0 1 5 3 0 0 1 5 3 0 1 5 2 0 0 0 1 5 6 2 6 4 3
0 32 2 2 0 0 0 0 0 6 4 6 4 4 2 6 4 6 2 6 4 0 3 4 4 4 3 2 0 1 5 3 1 5
0 97 2 2 2 2 2 4 2 3 2 3 3 3 2 3 4 4 4 6 4 6 4 6 4 6 4 3 4 4 3 4 2 3 6 4 4 4 6 4 4 5 6 4 4 2 0 0 1 5 3 0 0 1 5 2 0 0 0 0 1 5 4 6 4 6 4 6 4 3 3 4 4 3 5 6 4 1 1 1 1 2 4 4 6 6 3 3 3 4 5 4 4 4 6 6 2 3 5
0 166 3 2 3 3 3 3 3 5 2 5 2 3 6 4 4 3 4 5 4 4 4 4 6 6 6 4 4 6 6 6 6 4 4 6 6 6 4 4 4 3 4 4 5 6 0 6 4 6 4 6 4 4 1 1 1 1 1 2 4 6 4 4 3 2 1 5 2 0 0 0 0 1 5 6 1 1 2 4 4 4 4 6 4 4 6 6 4 4 6 4 6 4 6 4 1 1 1 1 2 3 4 5 6 4 6 6 4 6 6 4 0 6 4 3 2 0 0 0 0 1 5 2 0 0 0 0 0 1 5 2 0 0 0 0 0 1 5 2 0 0 0 0 1 5 6 4 6 4 3 3 3 0 0 1 5 3 0 0 0 1 5 3 0 0 1 5
0 5 0 1 0 4 3
0 168 3 2 3 3 3 3 3 5 2 5 2 3 6 4 4 3 4 5 4 4 4 4 6 6 6 4 4 6 6 6 6 4 4 6 6 6 4 4 4 3 4 4 5 6 0 6 4 6 4 6 4 4 1 1 1 1 1 2 4 6 4 4 3 2 1 5 2 0 0 0 0 1 5 6 1 1 2 4 4 4 4 6 4 4 6 6 4 4 6 4 6 4 6 4 1 1 1 1 2 3 4 5 6 4 6 6 4 6 6 4 0 6 4 3 2 0 0 0 0 1 5 2 0 0 0 0 0 1 5 2 0 0 0 0 0 1 5 2 0 0 0 0 1 5 6 4 6 4 3 3 3 0 0 1 5 3 0 0 0 1 5 3 0 0 1 5 3 0
0 51 3 3 3 3 3 2 2 2 2 2 2 5 2 3 3 3 3 3 3 3 3 3 3 3 2 2 5 5 5 5 5 0 0 0 6 4 4 5 6 6 4 2 0 0 0 0 1 5 3 0 0
0 48 5 5 3 3 3 3 3 3 3 3 3 2 2 3 3 3 3 3 3 3 3 3 3 2 2 2 3 0 3 4 4 4 3 0 0 0 1 5 2 0 1 5 2 0 0 0 1 5
0 54 0 1 0 4 3 5 6 6 4 6 6 4 6 4 4 4 3 3 0 0 0 1 5 2 0 0 0 1 5 3 0 0 0 0 1 5 4 4 4 3 0 0 1 5 3 0 1 5 3 0 0 1 5 3
0 125 3 3 3 2 4 2 2 2 3 2 2 4 3 2 2 0 1 5 5 5 5 5 5 5 6 1 6 1 1 5 5 5 0 4 6 6 6 3 3 0 0 0 1 5 2 1 5 4 4 3 4 4 4 5 4 4 6 4 6 6 3 4 3 3 3 5 4 6 6 4 3 4 4 3 5 6 0 0 6 4 6 4 6 4 3 3 4 4 3 2 3 6 6 4 4 6 4 4 6 4 6 4 2 3 4 5 4 4 4 3 4 5 6 3 3 4 4 3 3 0 0 0 1 5 3
0 173 2 3 2 2 2 4 3 3 3 3 3 3 3 3 3 3 2 2 3 3 3 3 3 3 3 3 2 2 3 2 2 4 5 2 2 4 5 5 5 5 5 5 3 3 3 3 2 2 2 2 5 3 3 3 5 3 3 3 5 3 3 3 3 5 3 6 4 6 4 4 4 6 4 6 6 6 4 4 6 6 4 6 4 4 4 1 1 2 6 4 4 4 6 0 5 5 5 5 1 5 5 5 5 5 1 5 5 5 6 4 6 6 4 6 6 0 4 4 3 4 4 5 4 4 6 6 4 6 4 5 4 5 4 1 2 6 4 4 3 3 5 4 4 6 4 0 3 4 4 3 3 5 6 3 3 4 3 0 0 0 0 0 1 5 4 4 4 3 0 0 1 5 2
0 50 2 2 0 0 0 0 0 6 4 6 4 4 2 6 4 6 2 6 4 0 3 4 4 4 3 2 0 1 5 3 1 5 2 0 0 0 0 0 1 5 3 0 0 0 0 0 1 5 2 0
0 123 5 5 3 3 3 3 3 3 3 3 3 2 2 3 3 3 3 3 3 3 3 3 3 2 2 2 3 0 3 4 4 4 3 0 0 0 1 5 2 0 1 5 2 0 0 0 1 5 4 1 1 1 1 2 4 4 4 6 4 0 6 4 6 4 2 6 4 4 3 3 2 3 6 6 2 2 4 3 4 3 3 5 3 6 6 6 4 6 4 6 4 2 2 6 4 2 0 6 4 6 4 3 3 3 4 3 0 0 0 0 1 5 3 0 1 5 3 0 0 0 0 1 5
0 52 2 2 2 2 2 4 2 3 2 3 3 3 2 3 4 4 4 6 4 6 4 6 4 6 4 3 4 4 3 4 2 3 6 4 4 4 6 4 4 5 6 4 4 2 0 0 1 5 3 0 0 1
0 31 0 1 0 4 3 5 6 6 4 6 6 4 6 4 4 4 3 3 0 0 0 1 5 2 0 0 0 1 5 3 0
0 63 4 3 3 2 2 2 5 3 3 3 3 3 3 3 5 5 3 5 2 5 4 3 3 3 3 3 3 5 5 3 3 3 5 0 0 0 0 6 4 6 4 6 4 6 4 6 4 4 4 3 0 1 5 2 1 5 3 0 1 5 2 0 0
0 114 3 3 3 2 4 2 2 2 3 2 2 4 3 2 2 0 1 5 5 5 5 5 5 5 6 1 6 1 1 5 5 5 0 4 6 6 6 3 3 0 0 0 1 5 2 1 5 4 4 3 4 4 4 5 4 4 6 4 6 6 3 4 3 3 3 5 4 6 6 4 3 4 4 3 5 6 0 0 6 4 6 4 6 4 3 3 4 4 3 2 3 6 6 4 4 6 4 4 6 4 6 4 2 3 4 5 4 4 4 3 4 5 6 3
0 205 5 5 3 3 3 3 3 3 3 3 3 2 2 3 3 3 3 3 3 3 3 3 3 2 2 2 3 0 3 4 4 4 3 0 0 0 1 5 2 0 1 5 2 0 0 0 1 5 4 1 1 1 1 2 4 4 4 6 4 0 6 4 6 4 2 6 4 4 3 3 2 3 6 6 2 2 4 3 4 3 3 5 3 6 6 6 4 6 4 6 4 2 2 6 4 2 0 6 4 6 4 3 3 3 4 3 0 0 0 0 1 5 3 0 1 5 3 0 0 0 0 1 5 3 0 0 0 0 0 1 5 6 4 6 6 4 4 5 4 4 6 3 4 4 3 5 4 6 4 6 4 3 4 4 2 3 6 6 3 3 4 5 4 4 3 4 3 3 6 4 4 4 4 4 2 3 6 6 6 4 6 4 6 4 6 4 4 6 4 3 4 4 3 2 3 6 4 1 1 1 2 4 4 3 3
0 65 4 3 3 2 2 2 5 3 3 3 3 3 3 3 5 5 3 5 2 5 4 3 3 3 3 3 3 5 5 3 3 3 5 0 0 0 0 6 4 6 4 6 4 6 4 6 4 4 4 3 0 1 5 2 1 5 3 0 1 5 2 0 0 0 1
0 164 3 2 3 3 3 3 3 5 2 5 2 3 6 4 4 3 4 5 4 4 4 4 6 6 6 4 4 6 6 6 6 4 4 6 6 6 4 4 4 3 4 4 5 6 0 6 4 6 4 6 4 4 1 1 1 1 1 2 4 6 4 4 3 2 1 5 2 0 0 0 0 1 5 6 1 1 2 4 4 4 4 6 4 4 6 6 4 4 6 4 6 4 6 4 1 1 1 1 2 3 4 5 6 4 6 6 4 6 6 4 0 6 4 3 2 0 0 0 0 1 5 2 0 0 0 0 0 1 5 2 0 0 0 0 0 1 5 2 0 0 0 0 1 5 6 4 6 4 3 3 3 0 0 1 5 3 0 0 0 1 5 3 0 0
0 155 3 2 3 3 3 3 3 5 2 5 2 3 6 4 4 3 4 5 4 4 4 4 6 6 6 4 4 6 6 6 6 4 4 6 6 6 4 4 4 3 4 4 5 6 0 6 4 6 4 6 4 4 1 1 1 1 1 2 4 6 4 4 3 2 1 5 2 0 0 0 0 1 5 6 1 1 2 4 4 4 4 6 4 4 6 6 4 4 6 4 6 4 6 4 1 1 1 1 2 3 4 5 6 4 6 6 4 6 6 4 0 6 4 3 2 0 0 0 0 1 5 2 0 0 0 0 0 1 5 2 0 0 0 0 0 1 5 2 0 0 0 0 1 5 6 4 6 4 3 3 3 0 0 1 5
0 158 2 3 2 2 2 4 3 3 3 3 3 3 3 3 3 3 2 2 3 3 3 3 3 3 3 3 2 2 3 2 2 4 5 2 2 4 5 5 5 5 5 5 3 3 3 3 2 2 2 2 5 3 3 3 5 3 3 3 5 3 3 3 3 5 3 6 4 6 4 4 4 6 4 6 6 6 4 4 6 6 4 6 4 4 4 1 1 2 6 4 4 4 6 0 5 5 5 5 1 5 5 5 5 5 1 5 5 5 6 4 6 6 4 6 6 0 4 4 3 4 4 5 4 4 6 6 4 6 4 5 4 5 4 1 2 6 4 4 3 3 5 4 4 6 4 0 3 4 4 3 3 5 6 3 3 4 3 0
0 86 2 2 2 2 2 4 2 3 2 3 3 3 2 3 4 4 4 6 4 6 4 6 4 6 4 3 4 4 3 4 2 3 6 4 4 4 6 4 4 5 6 4 4 2 0 0 1 5 3 0 0 1 5 2 0 0 0 0 1 5 4 6 4 6 4 6 4 3 3 4 4 3 5 6 4 1 1 1 1 2 4 4 6 6 3 3
0 196 5 5 3 3 3 3 3 3 3 3 3 2 2 3 3 3 3 3 3 3 3 3 3 2 2 2 3 0 3 4 4 4 3 0 0 0 1 5 2 0 1 5 2 0 0 0 1 5 4 1 1 1 1 2 4 4 4 6 4 0 6 4 6 4 2 6 4 4 3 3 2 3 6 6 2 2 4 3 4 3 3 5 3 6 6 6 4 6 4 6 4 2 2 6 4 2 0 6 4 6 4 3 3 3 4 3 0 0 0 0 1 5 3 0 1 5 3 0 0 0 0 1 5 3 0 0 0 0 0 1 5 6 4 6 6 4 4 5 4 4 6 3 4 4 3 5 4 6 4 6 4 3 4 4 2 3 6 6 3 3 4 5 4 4 3 4 3 3 6 4 4 4 4 4 2 3 6 6 6 4 6 4 6 4 6 4 4 6 4 3 4 4 3 2 3 6
0 53 2 2 0 0 0 0 0 6 4 6 4 4 2 6 4 6 2 6 4 0 3 4 4 4 3 2 0 1 5 3 1 5 2 0 0 0 0 0 1 5 3 0 0 0 0 0 1 5 2 0 0 0 0
0 78 3 2 3 3 2 4 5 5 3 3 3 3 3 5 2 2 5 4 3 2 2 5 0 0 0 0 6 4 2 1 5 2 1 5 3 0 0 1 5 3 0 0 0 0 1 5 6 6 4 1 1 1 1 1 2 4 4 1 1 1 1 1 2 4 3 4 3 0 0 1 5 4 2 4 6 6 3 5
0 139 3 2 3 3 3 3 3 5 2 5 2 3 6 4 4 3 4 5 4 4 4 4 6 6 6 4 4 6 6 6 6 4 4 6 6 6 4 4 4 3 4 4 5 6 0 6 4 6 4 6 4 4 1 1 1 1 1 2 4 6 4 4 3 2 1 5 2 0 0 0 0 1 5 6 1 1 2 4 4 4 4 6 4 4 6 6 4 4 6 4 6 4 6 4 1 1 1 1 2 3 4 5 6 4 6 6 4 6 6 4 0 6 4 3 2 0 0 0 0 1 5 2 0 0 0 0 0 1 5 2 0 0 0 0 0 1 5 2 0
0 119 3 3 3 2 4 2 2 2 3 2 2 4 3 2 2 0 1 5 5 5 5 5 5 5 6 1 6 1 1 5 5 5 0 4 6 6 6 3 3 0 0 0 1 5 2 1 5 4 4 3 4 4 4 5 4 4 6 4 6 6 3 4 3 3 3 5 4 6 6 4 3 4 4 3 5 6 0 0 6 4 6 4 6 4 3 3 4 4 3 2 3 6 6 4 4 6 4 4 6 4 6 4 2 3 4 5 4 4 4 3 4 5 6 3 3 4 4 3 3
0 55 4 3 3 2 2 2 5 3 3 3 3 3 3 3 5 5 3 5 2 5 4 3 3 3 3 3 3 5 5 3 3 3 5 0 0 0 0 6 4 6 4 6 4 6 4 6 4 4 4 3 0 1 5 2 1
0 37 3 3 2 2 3 2 2 2 2 3 2 4 2 3 2 2 3 6 4 4 4 6 2 4 6 6 4 4 6 4 2 3 6 4 4 3 3
0 37 3 2 3 3 2 4 5 5 3 3 3 3 3 5 2 2 5 4 3 2 2 5 0 0 0 0 6 4 2 1 5 2 1 5 3 0 0
0 139 2 3 2 2 2 4 3 3 3 3 3 3 3 3 3 3 2 2 3 3 3 3 3 3 3 3 2 2 3 2 2 4 5 2 2 4 5 5 5 5 5 5 3 3 3 3 2 2 2 2 5 3 3 3 5 3 3 3 5 3 3 3 3 5 3 6 4 6 4 4 4 6 4 6 6 6 4 4 6 6 4 6 4 4 4 1 1 2 6 4 4 4 6 0 5 5 5 5 1 5 5 5 5 5 1 5 5 5 6 4 6 6 4 6 6 0 4 4 3 4 4 5 4 4 6 6 4 6 4 5 4 5 4 1 2 6 4 4 3
0 54 2 2 0 0 0 0 0 6 4 6 4 4 2 6 4 6 2 6 4 0 3 4 4 4 3 2 0 1 5 3 1 5 2 0 0 0 0 0 1 5 3 0 0 0 0 0 1 5 2 0 0 0 0 0
0 87 3 3 2 3 3 2 2 2 4 4 3 3 3 5 5 5 4 6 5 5 5 5 5 5 5 6 4 4 4 5 4 4 4 2 4 6 4 5 6 1 1 1 1 1 2 6 6 4 6 4 6 4 6 6 6 6 6 4 4 5 4 0 6 4 3 3 3 4 2 3 6 4 4 4 6 4 4 6 3 3 3 4 3 2 0 1 5
0 69 3 2 3 3 2 4 5 5 3 3 3 3 3 5 2 2 5 4 3 2 2 5 0 0 0 0 6 4 2 1 5 2 1 5 3 0 0 1 5 3 0 0 0 0 1 5 6 6 4 1 1 1 1 1 2 4 4 1 1 1 1 1 2 4 3 4 3 0 0
0 147 2 3 2 2 2 4 3 3 3 3 3 3 3 3 3 3 2 2 3 3 3 3 3 3 3 3 2 2 3 2 2 4 5 2 2 4 5 5 5 5 5 5 3 3 3 3 2 2 2 2 5 3 3 3 5 3 3 3 5 3 3 3 3 5 3 6 4 6 4 4 4 6 4 6 6 6 4 4 6 6 4 6 4 4 4 1 1 2 6 4 4 4 6 0 5 5 5 5 1 5 5 5 5 5 1 5 5 5 6 4 6 6 4 6 6 0 4 4 3 4 4 5 4 4 6 6 4 6 4 5 4 5 4 1 2 6 4 4 3 3 5 4 4 6 4 0 3
0 171 2 2 2 2 2 4 2 3 2 3 3 3 2 3 4 4 4 6 4 6 4 6 4 6 4 3 4 4 3 4 2 3 6 4 4 4 6 4 4 5 6 4 4 2 0 0 1 5 3 0 0 1 5 2 0 0 0 0 1 5 4 6 4 6 4 6 4 3 3 4 4 3 5 6 4 1 1 1 1 2 4 4 6 6 3 3 3 4 5 4 4 4 6 6 2 3 5 4 3 3 4 4 4 5 4 4 6 6 4 4 6 6 4 1 1 1 2 6 6 6 4 6 6 6 4 6 4 1 1 1 1 1 2 4 6 4 6 4 6 4 4 0 6 4 4 6 6 3 4 4 5 4 0 6 4 0 0 4 4 4 6 4 5 4 6 4 4 6 4 0 3
0 17 0 1 0 4 3 5 6 6 4 6 6 4 6 4 4 4 3
0 36 3 2 3 3 2 4 5 5 3 3 3 3 3 5 2 2 5 4 3 2 2 5 0 0 0 0 6 4 2 1 5 2 1 5 3 0
0 65 3 3 3 2 4 2 2 2 3 2 2 4 3 2 2 0 1 5 5 5 5 5 5 5 6 1 6 1 1 5 5 5 0 4 6 6 6 3 3 0 0 0 1 5 2 1 5 4 4 3 4 4 4 5 4 4 6 4 6 6 3 4 3 3 3
0 118 3 2 3 3 3 3 3 5 2 5 2 3 6 4 4 3 4 5 4 4 4 4 6 6 6 4 4 6 6 6 6 4 4 6 6 6 4 4 4 3 4 4 5 6 0 6 4 6 4 6 4 4 1 1 1 1 1 2 4 6 4 4 3 2 1 5 2 0 0 0 0 1 5 6 1 1 2 4 4 4 4 6 4 4 6 6 4 4 6 4 6 4 6 4 1 1 1 1 2 3 4 5 6 4 6 6 4 6 6 4 0 6 4 3 2 0 0 0
0 186 2 2 2 2 2 4 2 3 2 3 3 3 2 3 4 4 4 6 4 6 4 6 4 6 4 3 4 4 3 4 2 3 6 4 4 4 6 4 4 5 6 4 4 2 0 0 1 5 3 0 0 1 5 2 0 0 0 0 1 5 4 6 4 6 4 6 4 3 3 4 4 3 5 6 4 1 1 1 1 2 4 4 6 6 3 3 3 4 5 4 4 4 6 6 2 3 5 4 3 3 4 4 4 5 4 4 6 6 4 4 6 6 4 1 1 1 2 6 6 6 4 6 6 6 4 6 4 1 1 1 1 1 2 4 6 4 6 4 6 4 4 0 6 4 4 6 6 3 4 4 5 4 0 6 4 0 0 4 4 4 6 4 5 4 6 4 4 6 4 0 3 4 3 3 5 6 2 4 6 6 6 6 4 2 3 5
0 169 2 3 2 2 2 4 3 3 3 3 3 3 3 3 3 3 2 2 3 3 3 3 3 3 3 3 2 2 3 2 2 4 5 2 2 4 5 5 5 5 5 5 3 3 3 3 2 2 2 2 5 3 3 3 5 3 3 3 5 3 3 3 3 5 3 6 4 6 4 4 4 6 4 6 6 6 4 4 6 6 4 6 4 4 4 1 1 2 6 4 4 4 6 0 5 5 5 5 1 5 5 5 5 5 1 5 5 5 6 4 6 6 4 6 6 0 4 4 3 4 4 5 4 4 6 6 4 6 4 5 4 5 4 1 2 6 4 4 3 3 5 4 4 6 4 0 3 4 4 3 3 5 6 3 3 4 3 0 0 0 0 0 1 5 4 4 4 3 0
0 91 3 3 3 2 4 2 2 2 3 2 2 4 3 2 2 0 1 5 5 5 5 5 5 5 6 1 6 1 1 5 5 5 0 4 6 6 6 3 3 0 0 0 1 5 2 1 5 4 4 3 4 4 4 5 4 4 6 4 6 6 3 4 3 3 3 5 4 6 6 4 3 4 4 3 5 6 0 0 6 4 6 4 6 4 3 3 4 4 3 2 3
0 174 2 2 2 2 2 4 2 3 2 3 3 3 2 3 4 4 4 6 4 6 4 6 4 6 4 3 4 4 3 4 2 3 6 4 4 4 6 4 4 5 6 4 4 2 0 0 1 5 3 0 0 1 5 2 0 0 0 0 1 5 4 6 4 6 4 6 4 3 3 4 4 3 5 6 4 1 1 1 1 2 4 4 6 6 3 3 3 4 5 4 4 4 6 6 2 3 5 4 3 3 4 4 4 5 4 4 6 6 4 4 6 6 4 1 1 1 2 6 6 6 4 6 6 6 4 6 4 1 1 1 1 1 2 4 6 4 6 4 6 4 4 0 6 4 4 6 6 3 4 4 5 4 0 6 4 0 0 4 4 4 6 4 5 4 6 4 4 6 4 0 3 4 3 3
0 170 3 2 3 3 3 3 3 5 2 5 2 3 6 4 4 3 4 5 4 4 4 4 6 6 6 4 4 6 6 6 6 4 4 6 6 6 4 4 4 3 4 4 5 6 0 6 4 6 4 6 4 4 1 1 1 1 1 2 4 6 4 4 3 2 1 5 2 0 0 0 0 1 5 6 1 1 2 4 4 4 4 6 4 4 6 6 4 4 6 4 6 4 6 4 1 1 1 1 2 3 4 5 6 4 6 6 4 6 6 4 0 6 4 3 2 0 0 0 0 1 5 2 0 0 0 0 0 1 5 2 0 0 0 0 0 1 5 2 0 0 0 0 1 5 6 4 6 4 3 3 3 0 0 1 5 3 0 0 0 1 5 3 0 0 1 5 3 0 0 0
0 140 3 2 3 3 3 3 3 5 2 5 2 3 6 4 4 3 4 5 4 4 4 4 6 6 6 4 4 6 6 6 6 4 4 6 6 6 4 4 4 3 4 4 5 6 0 6 4 6 4 6 4 4 1 1 1 1 1 2 4 6 4 4 3 2 1 5 2 0 0 0 0 1 5 6 1 1 2 4 4 4 4 6 4 4 6 6 4 4 6 4 6 4 6 4 1 1 1 1 2 3 4 5 6 4 6 6 4 6 6 4 0 6 4 3 2 0 0 0 0 1 5 2 0 0 0 0 0 1 5 2 0 0 0 0 0 1 5 2 0 0
0 42 2 2 0 0 0 0 0 6 4 6 4 4 2 6 4 6 2 6 4 0 3 4 4 4 3 2 0 1 5 3 1 5 2 0 0 0 0 0 1 5 3 0
0 50 3 3 3 3 3 2 2 2 2 2 2 5 2 3 3 3 3 3 3 3 3 3 3 3 2 2 5 5 5 5 5 0 0 0 6 4 4 5 6 6 4 2 0 0 0 0 1 5 3 0
0 38 2 2 0 0 0 0 0 6 4 6 4 4 2 6 4 6 2 6 4 0 3 4 4 4 3 2 0 1 5 3 1 5 2 0 0 0 0 0
0 77 3 2 3 3 2 4 5 5 3 3 3 3 3 5 2 2 5 4 3 2 2 5 0 0 0 0 6 4 2 1 5 2 1 5 3 0 0 1 5 3 0 0 0 0 1 5 6 6 4 1 1 1 1 1 2 4 4 1 1 1 1 1 2 4 3 4 3 0 0 1 5 4 2 4 6 6 3
0 6 0 1 0 4 3 5
0 84 3 3 2 3 3 2 2 2 4 4 3 3 3 5 5 5 4 6 5 5 5 5 5 5 5 6 4 4 4 5 4 4 4 2 4 6 4 5 6 1 1 1 1 1 2 6 6 4 6 4 6 4 6 6 6 6 6 4 4 5 4 0 6 4 3 3 3 4 2 3 6 4 4 4 6 4 4 6 3 3 3 4 3 2
0 175 2 3 2 2 2 4 3 3 3 3 3 3 3 3 3 3 2 2 3 3 3 3 3 3 3 3 2 2 3 2 2 4 5 2 2 4 5 5 5 5 5 5 3 3 3 3 2 2 2 2 5 3 3 3 5 3 3 3 5 3 3 3 3 5 3 6 4 6 4 4 4 6 4 6 6 6 4 4 6 6 4 6 4 4 4 1 1 2 6 4 4 4 6 0 5 5 5 5 1 5 5 5 5 5 1 5 5 5 6 4 6 6 4 6 6 0 4 4 3 4 4 5 4 4 6 6 4 6 4 5 4 5 4 1 2 6 4 4 3 3 5 4 4 6 4 0 3 4 4 3 3 5 6 3 3 4 3 0 0 0 0 0 1 5 4 4 4 3 0 0 1 5 2 0 0
0 10 3 2 3 2 0 0 0 6 4 3
0 42 3 3 2 2 3 2 2 2 2 3 2 4 2 3 2 2 3 6 4 4 4 6 2 4 6 6 4 4 6 4 2 3 6 4 4 3 3 5 6 3 3 3
0 108 5 5 3 3 3 3 3 3 3 3 3 2 2 3 3 3 3 3 3 3 3 3 3 2 2 2 3 0 3 4 4 4 3 0 0 0 1 5 2 0 1 5 2 0 0 0 1 5 4 1 1 1 1 2 4 4 4 6 4 0 6 4 6 4 2 6 4 4 3 3 2 3 6 6 2 2 4 3 4 3 3 5 3 6 6 6 4 6 4 6 4 2 2 6 4 2 0 6 4 6 4 3 3 3 4 3 0 0
0 85 3 3 2 3 3 2 2 2 4 4 3 3 3 5 5 5 4 6 5 5 5 5 5 5 5 6 4 4 4 5 4 4 4 2 4 6 4 5 6 1 1 1 1 1 2 6 6 4 6 4 6 4 6 6 6 6 6 4 4 5 4 0 6 4 3 3 3 4 2 3 6 4 4 4 6 4 4 6 3 3 3 4 3 2 0
0 44 3 3 3 2 4 2 2 2 3 2 2 4 3 2 2 0 1 5 5 5 5 5 5 5 6 1 6 1 1 5 5 5 0 4 6 6 6 3 3 0 0 0 1 5
0 52 3 4 2 3 3 5 3 3 3 3 3 5 5 5 3 3 3 3 5 5 4 0 0 0 4 5 4 3 4 4 4 4 2 1 5 2 1 5 6 2 2 2 6 4 4 4 4 4 3 3 2 3
0 63 3 4 2 3 3 5 3 3 3 3 3 5 5 5 3 3 3 3 5 5 4 0 0 0 4 5 4 3 4 4 4 4 2 1 5 2 1 5 6 2 2 2 6 4 4 4 4 4 3 3 2 3 6 6 4 4 6 4 0 0 4 4 3
0 66 3 3 2 3 3 2 2 2 4 4 3 3 3 5 5 5 4 6 5 5 5 5 5 5 5 6 4 4 4 5 4 4 4 2 4 6 4 5 6 1 1 1 1 1 2 6 6 4 6 4 6 4 6 6 6 6 6 4 4 5 4 0 6 4 3 3
0 44 5 2 2 3 3 3 5 5 5 5 4 3 4 4 2 2 3 6 4 6 4 6 4 2 4 6 4 4 6 6 4 6 4 6 4 6 4 6 6 4 3 2 1 5
0 138 3 2 3 3 3 3 3 5 2 5 2 3 6 4 4 3 4 5 4 4 4 4 6 6 6 4 4 6 6 6 6 4 4 6 6 6 4 4 4 3 4 4 5 6 0 6 4 6 4 6 4 4 1 1 1 1 1 2 4 6 4 4 3 2 1 5 2 0 0 0 0 1 5 6 1 1 2 4 4 4 4 6 4 4 6 6 4 4 6 4 6 4 6 4 1 1 1 1 2 3 4 5 6 4 6 6 4 6 6 4 0 6 4 3 2 0 0 0 0 1 5 2 0 0 0 0 0 1 5 2 0 0 0 0 0 1 5 2
0 38 3 3 3 2 4 2 2 2 3 2 2 4 3 2 2 0 1 5 5 5 5 5 5 5 6 1 6 1 1 5 5 5 0 4 6 6 6 3
0 141 3 2 3 3 3 3 3 5 2 5 2 3 6 4 4 3 4 5 4 4 4 4 6 6 6 4 4 6 6 6 6 4 4 6 6 6 4 4 4 3 4 4 5 6 0 6 4 6 4 6 4 4 1 1 1 1 1 2 4 6 4 4 3 2 1 5 2 0 0 0 0 1 5 6 1 1 2 4 4 4 4 6 4 4 6 6 4 4 6 4 6 4 6 4 1 1 1 1 2 3 4 5 6 4 6 6 4 6 6 4 0 6 4 3 2 0 0 0 0 1 5 2 0 0 0 0 0 1 5 2 0 0 0 0 0 1 5 2 0 0 0
0 46 5 5 3 3 3 3 3 3 3 3 3 2 2 3 3 3 3 3 3 3 3 3 3 2 2 2 3 0 3 4 4 4 3 0 0 0 1 5 2 0 1 5 2 0 0 0
0 26 2 2 2 2 2 4 2 3 2 3 3 3 2 3 4 4 4 6 4 6 4 6 4 6 4 3
0 71 5 5 3 3 3 3 3 3 3 3 3 2 2 3 3 3 3 3 3 3 3 3 3 2 2 2 3 0 3 4 4 4 3 0 0 0 1 5 2 0 1 5 2 0 0 0 1 5 4 1 1 1 1 2 4 4 4 6 4 0 6 4 6 4 2 6 4 4 3 3 2
0 21 0 6 4 6 4 6 4 2 2 1 1 2 2 4 6 2 4 4 4 4 3
0 44 5 5 3 3 3 3 3 3 3 3 3 2 2 3 3 3 3 3 3 3 3 3 3 2 2 2 3 0 3 4 4 4 3 0 0 0 1 5 2 0 1 5 2 0
0 89 3 3 2 3 3 2 2 2 4 4 3 3 3 5 5 5 4 6 5 5 5 5 5 5 5 6 4 4 4 5 4 4 4 2 4 6 4 5 6 1 1 1 1 1 2 6 6 4 6 4 6 4 6 6 6 6 6 4 4 5 4 0 6 4 3 3 3 4 2 3 6 4 4 4 6 4 4 6 3 3 3 4 3 2 0 1 5 2 0
0 47 3 3 3 3 3 3 5 3 3 3 3 2 3 3 3 3 2 5 2 5 2 2 2 4 0 0 0 0 6 4 4 5 6 6 6 6 4 6 4 6 6 4 6 4 6 4 3
0 27 3 3 2 2 2 4 3 2 3 2 3 4 2 3 2 2 4 2 4 3 4 5 4 4 6 2 3
0 116 5 5 3 3 3 3 3 3 3 3 3 2 2 3 3 3 3 3 3 3 3 3 3 2 2 2 3 0 3 4 4 4 3 0 0 0 1 5 2 0 1 5 2 0 0 0 1 5 4 1 1 1 1 2 4 4 4 6 4 0 6 4 6 4 2 6 4 4 3 3 2 3 6 6 2 2 4 3 4 3 3 5 3 6 6 6 4 6 4 6 4 2 2 6 4 2 0 6 4 6 4 3 3 3 4 3 0 0 0 0 1 5 3 0 1 5
0 47 3 3 5 3 5 3 3 3 3 5 3 3 3 3 2 6 4 2 6 4 6 0 6 6 6 6 6 6 4 4 5 6 2 2 1 1 1 1 2 6 6 4 4 6 6 4 3
0 55 3 3 3 3 3 3 5 3 3 3 3 2 3 3 3 3 2 5 2 5 2 2 2 4 0 0 0 0 6 4 4 5 6 6 6 6 4 6 4 6 6 4 6 4 6 4 3 4 5 4 3 3 3 5 3
0 28 3 4 2 3 3 5 3 3 3 3 3 5 5 5 3 3 3 3 5 5 4 0 0 0 4 5 4 3
0 176 5 5 3 3 3 3 3 3 3 3 3 2 2 3 3 3 3 3 3 3 3 3 3 2 2 2 3 0 3 4 4 4 3 0 0 0 1 5 2 0 1 5 2 0 0 0 1 5 4 1 1 1 1 2 4 4 4 6 4 0 6 4 6 4 2 6 4 4 3 3 2 3 6 6 2 2 4 3 4 3 3 5 3 6 6 6 4 6 4 6 4 2 2 6 4 2 0 6 4 6 4 3 3 3 4 3 0 0 0 0 1 5 3 0 1 5 3 0 0 0 0 1 5 3 0 0 0 0 0 1 5 6 4 6 6 4 4 5 4 4 6 3 4 4 3 5 4 6 4 6 4 3 4 4 2 3 6 6 3 3 4 5 4 4 3 4 3 3 6 4 4 4 4 4 2 3
0 194 5 5 3 3 3 3 3 3 3 3 3 2 2 3 3 3 3 3 3 3 3 3 3 2 2 2 3 0 3 4 4 4 3 0 0 0 1 5 2 0 1 5 2 0 0 0 1 5 4 1 1 1 1 2 4 4 4 6 4 0 6 4 6 4 2 6 4 4 3 3 2 3 6 6 2 2 4 3 4 3 3 5 3 6 6 6 4 6 4 6 4 2 2 6 4 2 0 6 4 6 4 3 3 3 4 3 0 0 0 0 1 5 3 0 1 5 3 0 0 0 0 1 5 3 0 0 0 0 0 1 5 6 4 6 6 4 4 5 4 4 6 3 4 4 3 5 4 6 4 6 4 3 4 4 2 3 6 6 3 3 4 5 4 4 3 4 3 3 6 4 4 4 4 4 2 3 6 6 6 4 6 4 6 4 6 4 4 6 4 3 4 4 3 2
0 48 0 0 4 6 4 4 4 6 6 6 4 6 4 4 4 4 6 6 4 3 5 6 4 6 4 6 4 2 6 4 6 4 6 6 4 6 4 4 1 1 1 2 6 4 4 4 3 3
0 35 2 2 0 0 0 0 0 6 4 6 4 4 2 6 4 6 2 6 4 0 3 4 4 4 3 2 0 1 5 3 1 5 2 0 0
0 34 2 2 0 0 0 0 0 6 4 6 4 4 2 6 4 6 2 6 4 0 3 4 4 4 3 2 0 1 5 3 1 5 2 0
0 41 3 3 2 2 3 2 2 2 2 3 2 4 2 3 2 2 3 6 4 4 4 6 2 4 6 6 4 4 6 4 2 3 6 4 4 3 3 5 6 3 3
0 49 3 4 2 3 3 5 3 3 3 3 3 5 5 5 3 3 3 3 5 5 4 0 0 0 4 5 4 3 4 4 4 4 2 1 5 2 1 5 6 2 2 2 6 4 4 4 4 4 3
0 164 2 3 2 2 2 4 3 3 3 3 3 3 3 3 3 3 2 2 3 3 3 3 3 3 3 3 2 2 3 2 2 4 5 2 2 4 5 5 5 5 5 5 3 3 3 3 2 2 2 2 5 3 3 3 5 3 3 3 5 3 3 3 3 5 3 6 4 6 4 4 4 6 4 6 6 6 4 4 6 6 4 6 4 4 4 1 1 2 6 4 4 4 6 0 5 5 5 5 1 5 5 5 5 5 1 5 5 5 6 4 6 6 4 6 6 0 4 4 3 4 4 5 4 4 6 6 4 6 4 5 4 5 4 1 2 6 4 4 3 3 5 4 4 6 4 0 3 4 4 3 3 5 6 3 3 4 3 0 0 0 0 0 1 5
0 93 3 3 2 3 3 2 2 2 4 4 3 3 3 5 5 5 4 6 5 5 5 5 5 5 5 6 4 4 4 5 4 4 4 2 4 6 4 5 6 1 1 1 1 1 2 6 6 4 6 4 6 4 6 6 6 6 6 4 4 5 4 0 6 4 3 3 3 4 2 3 6 4 4 4 6 4 4 6 3 3 3 4 3 2 0 1 5 2 0 1 5 3 1
0 38 2 4 4 6 4 6 6 4 4 4 6 1 2 5 3 6 6 6 4 0 5 5 5 5 5 0 0 0 0 6 4 6 6 2 4 6 4 3
0 42 3 2 3 3 2 4 5 5 3 3 3 3 3 5 2 2 5 4 3 2 2 5 0 0 0 0 6 4 2 1 5 2 1 5 3 0 0 1 5 3 0 0
0 21 0 0 4 6 4 4 4 6 6 6 4 6 4 4 4 4 6 6 4 3 5
0 159 2 3 2 2 2 4 3 3 3 3 3 3 3 3 3 3 2 2 3 3 3 3 3 3 3 3 2 2 3 2 2 4 5 2 2 4 5 5 5 5 5 5 3 3 3 3 2 2 2 2 5 3 3 3 5 3 3 3 5 3 3 3 3 5 3 6 4 6 4 4 4 6 4 6 6 6 4 4 6 6 4 6 4 4 4 1 1 2 6 4 4 4 6 0 5 5 5 5 1 5 5 5 5 5 1 5 5 5 6 4 6 6 4 6 6 0 4 4 3 4 4 5 4 4 6 6 4 6 4 5 4 5 4 1 2 6 4 4 3 3 5 4 4 6 4 0 3 4 4 3 3 5 6 3 3 4 3 0 0
0 32 0 1 0 4 3 5 6 6 4 6 6 4 6 4 4 4 3 3 0 0 0 1 5 2 0 0 0 1 5 3 0 0
0 36 5 5 3 3 3 3 3 3 3 3 3 2 2 3 3 3 3 3 3 3 3 3 3 2 2 2 3 0 3 4 4 4 3 0 0 0
0 174 3 2 3 3 3 3 3 5 2 5 2 3 6 4 4 3 4 5 4 4 4 4 6 6 6 4 4 6 6 6 6 4 4 6 6 6 4 4 4 3 4 4 5 6 0 6 4 6 4 6 4 4 1 1 1 1 1 2 4 6 4 4 3 2 1 5 2 0 0 0 0 1 5 6 1 1 2 4 4 4 4 6 4 4 6 6 4 4 6 4 6 4 6 4 1 1 1 1 2 3 4 5 6 4 6 6 4 6 6 4 0 6 4 3 2 0 0 0 0 1 5 2 0 0 0 0 0 1 5 2 0 0 0 0 0 1 5 2 0 0 0 0 1 5 6 4 6 4 3 3 3 0 0 1 5 3 0 0 0 1 5 3 0 0 1 5 3 0 0 0 0 0 1 5
0 18 0 1 0 4 3 5 6 6 4 6 6 4 6 4 4 4 3 3
0 48 0 1 0 4 3 5 6 6 4 6 6 4 6 4 4 4 3 3 0 0 0 1 5 2 0 0 0 1 5 3 0 0 0 0 1 5 4 4 4 3 0 0 1 5 3 0 1 5
0 75 0 1 0 4 3 5 6 6 4 6 6 4 6 4 4 4 3 3 0 0 0 1 5 2 0 0 0 1 5 3 0 0 0 0 1 5 4 4 4 3 0 0 1 5 3 0 1 5 3 0 0 1 5 3 0 1 5 2 0 0 0 1 5 6 2 6 4 3 3 4 5 4 4 2 3
0 100 3 3 2 3 3 2 2 2 4 4 3 3 3 5 5 5 4 6 5 5 5 5 5 5 5 6 4 4 4 5 4 4 4 2 4 6 4 5 6 1 1 1 1 1 2 6 6 4 6 4 6 4 6 6 6 6 6 4 4 5 4 0 6 4 3 3 3 4 2 3 6 4 4 4 6 4 4 6 3 3 3 4 3 2 0 1 5 2 0 1 5 3 1 5 3 0 0 0 0 1
0 91 3 3 2 3 3 2 2 2 4 4 3 3 3 5 5 5 4 6 5 5 5 5 5 5 5 6 4 4 4 5 4 4 4 2 4 6 4 5 6 1 1 1 1 1 2 6 6 4 6 4 6 4 6 6 6 6 6 4 4 5 4 0 6 4 3 3 3 4 2 3 6 4 4 4 6 4 4 6 3 3 3 4 3 2 0 1 5 2 0 1 5
0 59 0 1 0 4 3 5 6 6 4 6 6 4 6 4 4 4 3 3 0 0 0 1 5 2 0 0 0 1 5 3 0 0 0 0 1 5 4 4 4 3 0 0 1 5 3 0 1 5 3 0 0 1 5 3 0 1 5 2 0
0 30 0 1 0 4 3 5 6 6 4 6 6 4 6 4 4 4 3 3 0 0 0 1 5 2 0 0 0 1 5 3
0 119 2 3 2 2 2 4 3 3 3 3 3 3 3 3 3 3 2 2 3 3 3 3 3 3 3 3 2 2 3 2 2 4 5 2 2 4 5 5 5 5 5 5 3 3 3 3 2 2 2 2 5 3 3 3 5 3 3 3 5 3 3 3 3 5 3 6 4 6 4 4 4 6 4 6 6 6 4 4 6 6 4 6 4 4 4 1 1 2 6 4 4 4 6 0 5 5 5 5 1 5 5 5 5 5 1 5 5 5 6 4 6 6 4 6 6 0 4 4 3
0 62 3 3 3 3 3 2 2 2 2 2 2 5 2 3 3 3 3 3 3 3 3 3 3 3 2 2 5 5 5 5 5 0 0 0 6 4 4 5 6 6 4 2 0 0 0 0 1 5 3 0 0 0 0 0 1 5 3 0 0 0 0 1
0 43 3 3 2 2 3 3 2 2 3 4 5 5 5 5 6 6 1 6 5 5 5 0 0 0 5 5 5 5 5 1 5 2 2 4 4 4 6 6 4 4 4 6 3
0 92 3 3 3 2 4 2 2 2 3 2 2 4 3 2 2 0 1 5 5 5 5 5 5 5 6 1 6 1 1 5 5 5 0 4 6 6 6 3 3 0 0 0 1 5 2 1 5 4 4 3 4 4 4 5 4 4 6 4 6 6 3 4 3 3 3 5 4 6 6 4 3 4 4 3 5 6 0 0 6 4 6 4 6 4 3 3 4 4 3 2 3 6
0 180 2 3 2 2 2 4 3 3 3 3 3 3 3 3 3 3 2 2 3 3 3 3 3 3 3 3 2 2 3 2 2 4 5 2 2 4 5 5 5 5 5 5 3 3 3 3 2 2 2 2 5 3 3 3 5 3 3 3 5 3 3 3 3 5 3 6 4 6 4 4 4 6 4 6 6 6 4 4 6 6 4 6 4 4 4 1 1 2 6 4 4 4 6 0 5 5 5 5 1 5 5 5 5 5 1 5 5 5 6 4 6 6 4 6 6 0 4 4 3 4 4 5 4 4 6 6 4 6 4 5 4 5 4 1 2 6 4 4 3 3 5 4 4 6 4 0 3 4 4 3 3 5 6 3 3 4 3 0 0 0 0 0 1 5 4 4 4 3 0 0 1 5 2 0 0 1 5 2 0 1
0 95 3 3 2 3 3 2 2 2 4 4 3 3 3 5 5 5 4 6 5 5 5 5 5 5 5 6 4 4 4 5 4 4 4 2 4 6 4 5 6 1 1 1 1 1 2 6 6 4 6 4 6 4 6 6 6 6 6 4 4 5 4 0 6 4 3 3 3 4 2 3 6 4 4 4 6 4 4 6 3 3 3 4 3 2 0 1 5 2 0 1 5 3 1 5 3
0 33 2 3 2 3 2 4 2 3 2 2 4 2 4 6 4 4 4 6 6 6 4 6 4 4 4 3 5 6 6 6 4 4 3
0 124 3 3 3 2 4 2 2 2 3 2 2 4 3 2 2 0 1 5 5 5 5 5 5 5 6 1 6 1 1 5 5 5 0 4 6 6 6 3 3 0 0 0 1 5 2 1 5 4 4 3 4 4 4 5 4 4 6 4 6 6 3 4 3 3 3 5 4 6 6 4 3 4 4 3 5 6 0 0 6 4 6 4 6 4 3 3 4 4 3 2 3 6 6 4 4 6 4 4 6 4 6 4 2 3 4 5 4 4 4 3 4 5 6 3 3 4 4 3 3 0 0 0 1 5
0 81 5 5 3 3 3 3 3 3 3 3 3 2 2 3 3 3 3 3 3 3 3 3 3 2 2 2 3 0 3 4 4 4 3 0 0 0 1 5 2 0 1 5 2 0 0 0 1 5 4 1 1 1 1 2 4 4 4 6 4 0 6 4 6 4 2 6 4 4 3 3 2 3 6 6 2 2 4 3 4 3 3
0 33 2 2 0 0 0 0 0 6 4 6 4 4 2 6 4 6 2 6 4 0 3 4 4 4 3 2 0 1 5 3 1 5 2
0 49 0 1 0 4 3 5 6 6 4 6 6 4 6 4 4 4 3 3 0 0 0 1 5 2 0 0 0 1 5 3 0 0 0 0 1 5 4 4 4 3 0 0 1 5 3 0 1 5 3
0 153 3 2 3 3 3 3 3 5 2 5 2 3 6 4 4 3 4 5 4 4 4 4 6 6 6 4 4 6 6 6 6 4 4 6 6 6 4 4 4 3 4 4 5 6 0 6 4 6 4 6 4 4 1 1 1 1 1 2 4 6 4 4 3 2 1 5 2 0 0 0 0 1 5 6 1 1 2 4 4 4 4 6 4 4 6 6 4 4 6 4 6 4 6 4 1 1 1 1 2 3 4 5 6 4 6 6 4 6 6 4 0 6 4 3 2 0 0 0 0 1 5 2 0 0 0 0 0 1 5 2 0 0 0 0 0 1 5 2 0 0 0 0 1 5 6 4 6 4 3 3 3 0 0
0 27 2 2 0 0 0 0 0 6 4 6 4 4 2 6 4 6 2 6 4 0 3 4 4 4 3 2 0
0 128 5 5 3 3 3 3 3 3 3 3 3 2 2 3 3 3 3 3 3 3 3 3 3 2 2 2 3 0 3 4 4 4 3 0 0 0 1 5 2 0 1 5 2 0 0 0 1 5 4 1 1 1 1 2 4 4 4 6 4 0 6 4 6 4 2 6 4 4 3 3 2 3 6 6 2 2 4 3 4 3 3 5 3 6 6 6 4 6 4 6 4 2 2 6 4 2 0 6 4 6 4 3 3 3 4 3 0 0 0 0 1 5 3 0 1 5 3 0 0 0 0 1 5 3 0 0 0 0
0 148 2 2 2 2 2 4 2 3 2 3 3 3 2 3 4 4 4 6 4 6 4 6 4 6 4 3 4 4 3 4 2 3 6 4 4 4 6 4 4 5 6 4 4 2 0 0 1 5 3 0 0 1 5 2 0 0 0 0 1 5 4 6 4 6 4 6 4 3 3 4 4 3 5 6 4 1 1 1 1 2 4 4 6 6 3 3 3 4 5 4 4 4 6 6 2 3 5 4 3 3 4 4 4 5 4 4 6 6 4 4 6 6 4 1 1 1 2 6 6 6 4 6 6 6 4 6 4 1 1 1 1 1 2 4 6 4 6 4 6 4 4 0 6 4 4 6 6 3
0 41 3 3 3 2 4 2 2 2 3 2 2 4 3 2 2 0 1 5 5 5 5 5 5 5 6 1 6 1 1 5 5 5 0 4 6 6 6 3 3 0 0
0 25 2 2 0 0 0 0 0 6 4 6 4 4 2 6 4 6 2 6 4 0 3 4 4 4 3
0 17 3 3 3 2 2 2 4 6 4 4 6 4 6 6 4 2 3
0 67 3 3 3 3 3 2 2 2 2 2 2 5 2 3 3 3 3 3 3 3 3 3 3 3 2 2 5 5 5 5 5 0 0 0 6 4 4 5 6 6 4 2 0 0 0 0 1 5 3 0 0 0 0 0 1 5 3 0 0 0 0 1 5 2 0 0 0
0 129 3 2 3 3 3 3 3 5 2 5 2 3 6 4 4 3 4 5 4 4 4 4 6 6 6 4 4 6 6 6 6 4 4 6 6 6 4 4 4 3 4 4 5 6 0 6 4 6 4 6 4 4 1 1 1 1 1 2 4 6 4 4 3 2 1 5 2 0 0 0 0 1 5 6 1 1 2 4 4 4 4 6 4 4 6 6 4 4 6 4 6 4 6 4 1 1 1 1 2 3 4 5 6 4 6 6 4 6 6 4 0 6 4 3 2 0 0 0 0 1 5 2 0 0 0 0 0 1 5
0 62 4 3 3 2 2 2 5 3 3 3 3 3 3 3 5 5 3 5 2 5 4 3 3 3 3 3 3 5 5 3 3 3 5 0 0 0 0 6 4 6 4 6 4 6 4 6 4 4 4 3 0 1 5 2 1 5 3 0 1 5 2 0
0 70 5 5 3 3 3 3 3 3 3 3 3 2 2 3 3 3 3 3 3 3 3 3 3 2 2 2 3 0 3 4 4 4 3 0 0 0 1 5 2 0 1 5 2 0 0 0 1 5 4 1 1 1 1 2 4 4 4 6 4 0 6 4 6 4 2 6 4 4 3 3
0 156 5 5 3 3 3 3 3 3 3 3 3 2 2 3 3 3 3 3 3 3 3 3 3 2 2 2 3 0 3 4 4 4 3 0 0 0 1 5 2 0 1 5 2 0 0 0 1 5 4 1 1 1 1 2 4 4 4 6 4 0 6 4 6 4 2 6 4 4 3 3 2 3 6 6 2 2 4 3 4 3 3 5 3 6 6 6 4 6 4 6 4 2 2 6 4 2 0 6 4 6 4 3 3 3 4 3 0 0 0 0 1 5 3 0 1 5 3 0 0 0 0 1 5 3 0 0 0 0 0 1 5 6 4 6 6 4 4 5 4 4 6 3 4 4 3 5 4 6 4 6 4 3 4 4 2 3
0 152 5 5 3 3 3 3 3 3 3 3 3 2 2 3 3 3 3 3 3 3 3 3 3 2 2 2 3 0 3 4 4 4 3 0 0 0 1 5 2 0 1 5 2 0 0 0 1 5 4 1 1 1 1 2 4 4 4 6 4 0 6 4 6 4 2 6 4 4 3 3 2 3 6 6 2 2 4 3 4 3 3 5 3 6 6 6 4 6 4 6 4 2 2 6 4 2 0 6 4 6 4 3 3 3 4 3 0 0 0 0 1 5 3 0 1 5 3 0 0 0 0 1 5 3 0 0 0 0 0 1 5 6 4 6 6 4 4 5 4 4 6 3 4 4 3 5 4 6 4 6 4 3
0 58 2 2 2 2 2 4 2 3 2 3 3 3 2 3 4 4 4 6 4 6 4 6 4 6 4 3 4 4 3 4 2 3 6 4 4 4 6 4 4 5 6 4 4 2 0 0 1 5 3 0 0 1 5 2 0 0 0 0
0 47 2 4 4 6 4 6 6 4 4 4 6 1 2 5 3 6 6 6 4 0 5 5 5 5 5 0 0 0 0 6 4 6 6 2 4 6 4 3 4 3 5 6 4 6 4 3 3
0 52 2 4 4 6 4 6 6 4 4 4 6 1 2 5 3 6 6 6 4 0 5 5 5 5 5 0 0 0 0 6 4 6 6 2 4 6 4 3 4 3 5 6 4 6 4 3 3 4 3 4 2 3
0 40 3 2 3 3 3 3 3 5 2 5 2 3 6 4 4 3 4 5 4 4 4 4 6 6 6 4 4 6 6 6 6 4 4 6 6 6 4 4 4 3
0 88 3 3 2 3 3 2 2 2 4 4 3 3 3 5 5 5 4 6 5 5 5 5 5 5 5 6 4 4 4 5 4 4 4 2 4 6 4 5 6 1 1 1 1 1 2 6 6 4 6 4 6 4 6 6 6 6 6 4 4 5 4 0 6 4 3 3 3 4 2 3 6 4 4 4 6 4 4 6 3 3 3 4 3 2 0 1 5 2
0 35 0 1 0 4 3 5 6 6 4 6 6 4 6 4 4 4 3 3 0 0 0 1 5 2 0 0 0 1 5 3 0 0 0 0 1
0 165 5 5 3 3 3 3 3 3 3 3 3 2 2 3 3 3 3 3 3 3 3 3 3 2 2 2 3 0 3 4 4 4 3 0 0 0 1 5 2 0 1 5 2 0 0 0 1 5 4 1 1 1 1 2 4 4 4 6 4 0 6 4 6 4 2 6 4 4 3 3 2 3 6 6 2 2 4 3 4 3 3 5 3 6 6 6 4 6 4 6 4 2 2 6 4 2 0 6 4 6 4 3 3 3 4 3 0 0 0 0 1 5 3 0 1 5 3 0 0 0 0 1 5 3 0 0 0 0 0 1 5 6 4 6 6 4 4 5 4 4 6 3 4 4 3 5 4 6 4 6 4 3 4 4 2 3 6 6 3 3 4 5 4 4 3
0 53 3 3 2 2 3 2 2 2 2 3 2 4 2 3 2 2 3 6 4 4 4 6 2 4 6 6 4 4 6 4 2 3 6 4 4 3 3 5 6 3 3 3 4 5 6 6 4 4 4 6 4 2 3
0 83 5 5 3 3 3 3 3 3 3 3 3 2 2 3 3 3 3 3 3 3 3 3 3 2 2 2 3 0 3 4 4 4 3 0 0 0 1 5 2 0 1 5 2 0 0 0 1 5 4 1 1 1 1 2 4 4 4 6 4 0 6 4 6 4 2 6 4 4 3 3 2 3 6 6 2 2 4 3 4 3 3 5 3
0 157 3 2 3 3 3 3 3 5 2 5 2 3 6 4 4 3 4 5 4 4 4 4 6 6 6 4 4 6 6 6 6 4 4 6 6 6 4 4 4 3 4 4 5 6 0 6 4 6 4 6 4 4 1 1 1 1 1 2 4 6 4 4 3 2 1 5 2 0 0 0 0 1 5 6 1 1 2 4 4 4 4 6 4 4 6 6 4 4 6 4 6 4 6 4 1 1 1 1 2 3 4 5 6 4 6 6 4 6 6 4 0 6 4 3 2 0 0 0 0 1 5 2 0 0 0 0 0 1 5 2 0 0 0 0 0 1 5 2 0 0 0 0 1 5 6 4 6 4 3 3 3 0 0 1 5 3 0
0 42 0 1 0 4 3 5 6 6 4 6 6 4 6 4 4 4 3 3 0 0 0 1 5 2 0 0 0 1 5 3 0 0 0 0 1 5 4 4 4 3 0 0
0 19 0 1 0 4 3 5 6 6 4 6 6 4 6 4 4 4 3 3 0
0 89 3 3 3 2 4 2 2 2 3 2 2 4 3 2 2 0 1 5 5 5 5 5 5 5 6 1 6 1 1 5 5 5 0 4 6 6 6 3 3 0 0 0 1 5 2 1 5 4 4 3 4 4 4 5 4 4 6 4 6 6 3 4 3 3 3 5 4 6 6 4 3 4 4 3 5 6 0 0 6 4 6 4 6 4 3 3 4 4 3
0 70 3 3 2 3 3 2 2 2 4 4 3 3 3 5 5 5 4 6 5 5 5 5 5 5 5 6 4 4 4 5 4 4 4 2 4 6 4 5 6 1 1 1 1 1 2 6 6 4 6 4 6 4 6 6 6 6 6 4 4 5 4 0 6 4 3 3 3 4 2 3
0 25 0 1 0 4 3 5 6 6 4 6 6 4 6 4 4 4 3 3 0 0 0 1 5 2 0
0 200 2 2 2 2 2 4 2 3 2 3 3 3 2 3 4 4 4 6 4 6 4 6 4 6 4 3 4 4 3 4 2 3 6 4 4 4 6 4 4 5 6 4 4 2 0 0 1 5 3 0 0 1 5 2 0 0 0 0 1 5 4 6 4 6 4 6 4 3 3 4 4 3 5 6 4 1 1 1 1 2 4 4 6 6 3 3 3 4 5 4 4 4 6 6 2 3 5 4 3 3 4 4 4 5 4 4 6 6 4 4 6 6 4 1 1 1 2 6 6 6 4 6 6 6 4 6 4 1 1 1 1 1 2 4 6 4 6 4 6 4 4 0 6 4 4 6 6 3 4 4 5 4 0 6 4 0 0 4 4 4 6 4 5 4 6 4 4 6 4 0 3 4 3 3 5 6 2 4 6 6 6 6 4 2 3 5 6 6 4 6 4 4 4 3 4 4 3 3 1 5
0 114 3 2 3 3 3 3 3 5 2 5 2 3 6 4 4 3 4 5 4 4 4 4 6 6 6 4 4 6 6 6 6 4 4 6 6 6 4 4 4 3 4 4 5 6 0 6 4 6 4 6 4 4 1 1 1 1 1 2 4 6 4 4 3 2 1 5 2 0 0 0 0 1 5 6 1 1 2 4 4 4 4 6 4 4 6 6 4 4 6 4 6 4 6 4 1 1 1 1 2 3 4 5 6 4 6 6 4 6 6 4 0 6 4 3
0 56 0 1 0 4 3 5 6 6 4 6 6 4 6 4 4 4 3 3 0 0 0 1 5 2 0 0 0 1 5 3 0 0 0 0 1 5 4 4 4 3 0 0 1 5 3 0 1 5 3 0 0 1 5 3 0 1
0 49 2 2 0 0 0 0 0 6 4 6 4 4 2 6 4 6 2 6 4 0 3 4 4 4 3 2 0 1 5 3 1 5 2 0 0 0 0 0 1 5 3 0 0 0 0 0 1 5 2
0 142 3 2 3 3 3 3 3 5 2 5 2 3 6 4 4 3 4 5 4 4 4 4 6 6 6 4 4 6 6 6 6 4 4 6 6 6 4 4 4 3 4 4 5 6 0 6 4 6 4 6 4 4 1 1 1 1 1 2 4 6 4 4 3 2 1 5 2 0 0 0 0 1 5 6 1 1 2 4 4 4 4 6 4 4 6 6 4 4 6 4 6 4 6 4 1 1 1 1 2 3 4 5 6 4 6 6 4 6 6 4 0 6 4 3 2 0 0 0 0 1 5 2 0 0 0 0 0 1 5 2 0 0 0 0 0 1 5 2 0 0 0 0
0 32 2 2 2 2 2 4 2 3 2 3 3 3 2 3 4 4 4 6 4 6 4 6 4 6 4 3 4 4 3 4 2 3
0 22 0 1 0 4 3 5 6 6 4 6 6 4 6 4 4 4 3 3 0 0 0 1
0 46 2 4 4 6 4 6 6 4 4 4 6 1 2 5 3 6 6 6 4 0 5 5 5 5 5 0 0 0 0 6 4 6 6 2 4 6 4 3 4 3 5 6 4 6 4 3
0 39 3 2 3 3 2 4 5 5 3 3 3 3 3 5 2 2 5 4 3 2 2 5 0 0 0 0 6 4 2 1 5 2 1 5 3 0 0 1 5
0 123 3 2 3 3 3 3 3 5 2 5 2 3 6 4 4 3 4 5 4 4 4 4 6 6 6 4 4 6 6 6 6 4 4 6 6 6 4 4 4 3 4 4 5 6 0 6 4 6 4 6 4 4 1 1 1 1 1 2 4 6 4 4 3 2 1 5 2 0 0 0 0 1 5 6 1 1 2 4 4 4 4 6 4 4 6 6 4 4 6 4 6 4 6 4 1 1 1 1 2 3 4 5 6 4 6 6 4 6 6 4 0 6 4 3 2 0 0 0 0 1 5 2 0
0 125 5 5 3 3 3 3 3 3 3 3 3 2 2 3 3 3 3 3 3 3 3 3 3 2 2 2 3 0 3 4 4 4 3 0 0 0 1 5 2 0 1 5 2 0 0 0 1 5 4 1 1 1 1 2 4 4 4 6 4 0 6 4 6 4 2 6 4 4 3 3 2 3 6 6 2 2 4 3 4 3 3 5 3 6 6 6 4 6 4 6 4 2 2 6 4 2 0 6 4 6 4 3 3 3 4 3 0 0 0 0 1 5 3 0 1 5 3 0 0 0 0 1 5 3 0
0 173 2 2 2 2 2 4 2 3 2 3 3 3 2 3 4 4 4 6 4 6 4 6 4 6 4 3 4 4 3 4 2 3 6 4 4 4 6 4 4 5 6 4 4 2 0 0 1 5 3 0 0 1 5 2 0 0 0 0 1 5 4 6 4 6 4 6 4 3 3 4 4 3 5 6 4 1 1 1 1 2 4 4 6 6 3 3 3 4 5 4 4 4 6 6 2 3 5 4 3 3 4 4 4 5 4 4 6 6 4 4 6 6 4 1 1 1 2 6 6 6 4 6 6 6 4 6 4 1 1 1 1 1 2 4 6 4 6 4 6 4 4 0 6 4 4 6 6 3 4 4 5 4 0 6 4 0 0 4 4 4 6 4 5 4 6 4 4 6 4 0 3 4 3
0 120 3 3 3 2 4 2 2 2 3 2 2 4 3 2 2 0 1 5 5 5 5 5 5 5 6 1 6 1 1 5 5 5 0 4 6 6 6 3 3 0 0 0 1 5 2 1 5 4 4 3 4 4 4 5 4 4 6 4 6 6 3 4 3 3 3 5 4 6 6 4 3 4 4 3 5 6 0 0 6 4 6 4 6 4 3 3 4 4 3 2 3 6 6 4 4 6 4 4 6 4 6 4 2 3 4 5 4 4 4 3 4 5 6 3 3 4 4 3 3 0
0 46 3 2 3 3 2 4 5 5 3 3 3 3 3 5 2 2 5 4 3 2 2 5 0 0 0 0 6 4 2 1 5 2 1 5 3 0 0 1 5 3 0 0 0 0 1 5
0 169 3 2 3 3 3 3 3 5 2 5 2 3 6 4 4 3 4 5 4 4 4 4 6 6 6 4 4 6 6 6 6 4 4 6 6 6 4 4 4 3 4 4 5 6 0 6 4 6 4 6 4 4 1 1 1 1 1 2 4 6 4 4 3 2 1 5 2 0 0 0 0 1 5 6 1 1 2 4 4 4 4 6 4 4 6 6 4 4 6 4 6 4 6 4 1 1 1 1 2 3 4 5 6 4 6 6 4 6 6 4 0 6 4 3 2 0 0 0 0 1 5 2 0 0 0 0 0 1 5 2 0 0 0 0 0 1 5 2 0 0 0 0 1 5 6 4 6 4 3 3 3 0 0 1 5 3 0 0 0 1 5 3 0 0 1 5 3 0 0
0 134 3 2 3 3 3 3 3 5 2 5 2 3 6 4 4 3 4 5 4 4 4 4 6 6 6 4 4 6 6 6 6 4 4 6 6 6 4 4 4 3 4 4 5 6 0 6 4 6 4 6 4 4 1 1 1 1 1 2 4 6 4 4 3 2 1 5 2 0 0 0 0 1 5 6 1 1 2 4 4 4 4 6 4 4 6 6 4 4 6 4 6 4 6 4 1 1 1 1 2 3 4 5 6 4 6 6 4 6 6 4 0 6 4 3 2 0 0 0 0 1 5 2 0 0 0 0 0 1 5 2 0 0 0 0
0 69 0 1 0 4 3 5 6 6 4 6 6 4 6 4 4 4 3 3 0 0 0 1 5 2 0 0 0 1 5 3 0 0 0 0 1 5 4 4 4 3 0 0 1 5 3 0 1 5 3 0 0 1 5 3 0 1 5 2 0 0 0 1 5 6 2 6 4 3 3
0 50 0 1 0 4 3 5 6 6 4 6 6 4 6 4 4 4 3 3 0 0 0 1 5 2 0 0 0 1 5 3 0 0 0 0 1 5 4 4 4 3 0 0 1 5 3 0 1 5 3 0
0 124 5 5 3 3 3 3 3 3 3 3 3 2 2 3 3 3 3 3 3 3 3 3 3 2 2 2 3 0 3 4 4 4 3 0 0 0 1 5 2 0 1 5 2 0 0 0 1 5 4 1 1 1 1 2 4 4 4 6 4 0 6 4 6 4 2 6 4 4 3 3 2 3 6 6 2 2 4 3 4 3 3 5 3 6 6 6 4 6 4 6 4 2 2 6 4 2 0 6 4 6 4 3 3 3 4 3 0 0 0 0 1 5 3 0 1 5 3 0 0 0 0 1 5 3
0 172 3 2 3 3 3 3 3 5 2 5 2 3 6 4 4 3 4 5 4 4 4 4 6 6 6 4 4 6 6 6 6 4 4 6 6 6 4 4 4 3 4 4 5 6 0 6 4 6 4 6 4 4 1 1 1 1 1 2 4 6 4 4 3 2 1 5 2 0 0 0 0 1 5 6 1 1 2 4 4 4 4 6 4 4 6 6 4 4 6 4 6 4 6 4 1 1 1 1 2 3 4 5 6 4 6 6 4 6 6 4 0 6 4 3 2 0 0 0 0 1 5 2 0 0 0 0 0 1 5 2 0 0 0 0 0 1 5 2 0 0 0 0 1 5 6 4 6 4 3 3 3 0 0 1 5 3 0 0 0 1 5 3 0 0 1 5 3 0 0 0 0 0
0 119 5 5 3 3 3 3 3 3 3 3 3 2 2 3 3 3 3 3 3 3 3 3 3 2 2 2 3 0 3 4 4 4 3 0 0 0 1 5 2 0 1 5 2 0 0 0 1 5 4 1 1 1 1 2 4 4 4 6 4 0 6 4 6 4 2 6 4 4 3 3 2 3 6 6 2 2 4 3 4 3 3 5 3 6 6 6 4 6 4 6 4 2 2 6 4 2 0 6 4 6 4 3 3 3 4 3 0 0 0 0 1 5 3 0 1 5 3 0 0
0 32 3 3 2 2 3 2 2 2 2 3 2 4 2 3 2 2 3 6 4 4 4 6 2 4 6 6 4 4 6 4 2 3
0 36 2 2 0 0 0 0 0 6 4 6 4 4 2 6 4 6 2 6 4 0 3 4 4 4 3 2 0 1 5 3 1 5 2 0 0 0
0 80 3 3 2 3 3 2 2 2 4 4 3 3 3 5 5 5 4 6 5 5 5 5 5 5 5 6 4 4 4 5 4 4 4 2 4 6 4 5 6 1 1 1 1 1 2 6 6 4 6 4 6 4 6 6 6 6 6 4 4 5 4 0 6 4 3 3 3 4 2 3 6 4 4 4 6 4 4 6 3 3
0 54 3 3 2 2 3 3 2 2 3 4 5 5 5 5 6 6 1 6 5 5 5 0 0 0 5 5 5 5 5 1 5 2 2 4 4 4 6 6 4 4 4 6 3 5 4 3 4 3 3 3 4 3 3 5
0 73 3 2 3 3 3 3 3 5 2 5 2 3 6 4 4 3 4 5 4 4 4 4 6 6 6 4 4 6 6 6 6 4 4 6 6 6 4 4 4 3 4 4 5 6 0 6 4 6 4 6 4 4 1 1 1 1 1 2 4 6 4 4 3 2 1 5 2 0 0 0 0 1 5
0 59 4 3 3 2 2 2 5 3 3 3 3 3 3 3 5 5 3 5 2 5 4 3 3 3 3 3 3 5 5 3 3 3 5 0 0 0 0 6 4 6 4 6 4 6 4 6 4 4 4 3 0 1 5 2 1 5 3 0 1
0 160 2 3 2 2 2 4 3 3 3 3 3 3 3 3 3 3 2 2 3 3 3 3 3 3 3 3 2 2 3 2 2 4 5 2 2 4 5 5 5 5 5 5 3 3 3 3 2 2 2 2 5 3 3 3 5 3 3 3 5 3 3 3 3 5 3 6 4 6 4 4 4 6 4 6 6 6 4 4 6 6 4 6 4 4 4 1 1 2 6 4 4 4 6 0 5 5 5 5 1 5 5 5 5 5 1 5 5 5 6 4 6 6 4 6 6 0 4 4 3 4 4 5 4 4 6 6 4 6 4 5 4 5 4 1 2 6 4 4 3 3 5 4 4 6 4 0 3 4 4 3 3 5 6 3 3 4 3 0 0 0
0 49 3 3 3 3 3 2 2 2 2 2 2 5 2 3 3 3 3 3 3 3 3 3 3 3 2 2 5 5 5 5 5 0 0 0 6 4 4 5 6 6 4 2 0 0 0 0 1 5 3
0 20 0 0 4 6 4 4 4 6 6 6 4 6 4 4 4 4 6 6 4 3
0 6 0 2 4 3 3 5
0 55 0 1 0 4 3 5 6 6 4 6 6 4 6 4 4 4 3 3 0 0 0 1 5 2 0 0 0 1 5 3 0 0 0 0 1 5 4 4 4 3 0 0 1 5 3 0 1 5 3 0 0 1 5 3 0
0 63 3 2 3 3 3 3 3 5 2 5 2 3 6 4 4 3 4 5 4 4 4 4 6 6 6 4 4 6 6 6 6 4 4 6 6 6 4 4 4 3 4 4 5 6 0 6 4 6 4 6 4 4 1 1 1 1 1 2 4 6 4 4 3
0 165 3 2 3 3 3 3 3 5 2 5 2 3 6 4 4 3 4 5 4 4 4 4 6 6 6 4 4 6 6 6 6 4 4 6 6 6 4 4 4 3 4 4 5 6 0 6 4 6 4 6 4 4 1 1 1 1 1 2 4 6 4 4 3 2 1 5 2 0 0 0 0 1 5 6 1 1 2 4 4 4 4 6 4 4 6 6 4 4 6 4 6 4 6 4 1 1 1 1 2 3 4 5 6 4 6 6 4 6 6 4 0 6 4 3 2 0 0 0 0 1 5 2 0 0 0 0 0 1 5 2 0 0 0 0 0 1 5 2 0 0 0 0 1 5 6 4 6 4 3 3 3 0 0 1 5 3 0 0 0 1 5 3 0 0 1
0 127 3 2 3 3 3 3 3 5 2 5 2 3 6 4 4 3 4 5 4 4 4 4 6 6 6 4 4 6 6 6 6 4 4 6 6 6 4 4 4 3 4 4 5 6 0 6 4 6 4 6 4 4 1 1 1 1 1 2 4 6 4 4 3 2 1 5 2 0 0 0 0 1 5 6 1 1 2 4 4 4 4 6 4 4 6 6 4 4 6 4 6 4 6 4 1 1 1 1 2 3 4 5 6 4 6 6 4 6 6 4 0 6 4 3 2 0 0 0 0 1 5 2 0 0 0 0 0
0 72 2 2 2 2 2 2 2 5 2 5 3 3 5 3 5 2 4 2 5 5 5 2 5 1 5 5 1 6 6 4 6 4 6 4 6 4 6 6 4 0 1 1 1 1 1 2 6 4 4 4 4 0 6 4 6 4 6 4 6 4 6 4 2 6 4 4 6 2 4 4 5 3
0 197 2 2 2 2 2 4 2 3 2 3 3 3 2 3 4 4 4 6 4 6 4 6 4 6 4 3 4 4 3 4 2 3 6 4 4 4 6 4 4 5 6 4 4 2 0 0 1 5 3 0 0 1 5 2 0 0 0 0 1 5 4 6 4 6 4 6 4 3 3 4 4 3 5 6 4 1 1 1 1 2 4 4 6 6 3 3 3 4 5 4 4 4 6 6 2 3 5 4 3 3 4 4 4 5 4 4 6 6 4 4 6 6 4 1 1 1 2 6 6 6 4 6 6 6 4 6 4 1 1 1 1 1 2 4 6 4 6 4 6 4 4 0 6 4 4 6 6 3 4 4 5 4 0 6 4 0 0 4 4 4 6 4 5 4 6 4 4 6 4 0 3 4 3 3 5 6 2 4 6 6 6 6 4 2 3 5 6 6 4 6 4 4 4 3 4 4 3
0 33 0 1 0 4 3 5 6 6 4 6 6 4 6 4 4 4 3 3 0 0 0 1 5 2 0 0 0 1 5 3 0 0 0
0 22 0 6 4 6 4 6 4 2 2 1 1 2 2 4 6 2 4 4 4 4 3 5
0 38 5 5 3 3 3 3 3 3 3 3 3 2 2 3 3 3 3 3 3 3 3 3 3 2 2 2 3 0 3 4 4 4 3 0 0 0 1 5
0 27 2 3 2 3 2 4 2 3 2 2 4 2 4 6 4 4 4 6 6 6 4 6 4 4 4 3 5
0 44 0 1 0 4 3 5 6 6 4 6 6 4 6 4 4 4 3 3 0 0 0 1 5 2 0 0 0 1 5 3 0 0 0 0 1 5 4 4 4 3 0 0 1 5
0 178 2 3 2 2 2 4 3 3 3 3 3 3 3 3 3 3 2 2 3 3 3 3 3 3 3 3 2 2 3 2 2 4 5 2 2 4 5 5 5 5 5 5 3 3 3 3 2 2 2 2 5 3 3 3 5 3 3 3 5 3 3 3 3 5 3 6 4 6 4 4 4 6 4 6 6 6 4 4 6 6 4 6 4 4 4 1 1 2 6 4 4 4 6 0 5 5 5 5 1 5 5 5 5 5 1 5 5 5 6 4 6 6 4 6 6 0 4 4 3 4 4 5 4 4 6 6 4 6 4 5 4 5 4 1 2 6 4 4 3 3 5 4 4 6 4 0 3 4 4 3 3 5 6 3 3 4 3 0 0 0 0 0 1 5 4 4 4 3 0 0 1 5 2 0 0 1 5 2
0 170 2 3 2 2 2 4 3 3 3 3 3 3 3 3 3 3 2 2 3 3 3 3 3 3 3 3 2 2 3 2 2 4 5 2 2 4 5 5 5 5 5 5 3 3 3 3 2 2 2 2 5 3 3 3 5 3 3 3 5 3 3 3 3 5 3 6 4 6 4 4 4 6 4 6 6 6 4 4 6 6 4 6 4 4 4 1 1 2 6 4 4 4 6 0 5 5 5 5 1 5 5 5 5 5 1 5 5 5 6 4 6 6 4 6 6 0 4 4 3 4 4 5 4 4 6 6 4 6 4 5 4 5 4 1 2 6 4 4 3 3 5 4 4 6 4 0 3 4 4 3 3 5 6 3 3 4 3 0 0 0 0 0 1 5 4 4 4 3 0 0
0 73 5 5 3 3 3 3 3 3 3 3 3 2 2 3 3 3 3 3 3 3 3 3 3 2 2 2 3 0 3 4 4 4 3 0 0 0 1 5 2 0 1 5 2 0 0 0 1 5 4 1 1 1 1 2 4 4 4 6 4 0 6 4 6 4 2 6 4 4 3 3 2 3 6
0 40 0 1 0 4 3 5 6 6 4 6 6 4 6 4 4 4 3 3 0 0 0 1 5 2 0 0 0 1 5 3 0 0 0 0 1 5 4 4 4 3
0 65 3 5 5 3 3 3 3 3 3 3 3 3 2 5 2 2 2 5 2 3 3 3 3 3 3 3 3 3 3 3 3 3 3 3 3 3 3 3 5 4 3 3 2 2 3 5 5 5 5 1 5 5 5 5 0 4 4 6 6 6 6 4 4 3 5
0 101 3 3 2 3 3 2 2 2 4 4 3 3 3 5 5 5 4 6 5 5 5 5 5 5 5 6 4 4 4 5 4 4 4 2 4 6 4 5 6 1 1 1 1 1 2 6 6 4 6 4 6 4 6 6 6 6 6 4 4 5 4 0 6 4 3 3 3 4 2 3 6 4 4 4 6 4 4 6 3 3 3 4 3 2 0 1 5 2 0 1 5 3 1 5 3 0 0 0 0 1 5
0 51 3 3 3 3 3 3 5 3 3 3 3 2 3 3 3 3 2 5 2 5 2 2 2 4 0 0 0 0 6 4 4 5 6 6 6 6 4 6 4 6 6 4 6 4 6 4 3 4 5 4 3
0 203 2 2 2 2 2 4 2 3 2 3 3 3 2 3 4 4 4 6 4 6 4 6 4 6 4 3 4 4 3 4 2 3 6 4 4 4 6 4 4 5 6 4 4 2 0 0 1 5 3 0 0 1 5 2 0 0 0 0 1 5 4 6 4 6 4 6 4 3 3 4 4 3 5 6 4 1 1 1 1 2 4 4 6 6 3 3 3 4 5 4 4 4 6 6 2 3 5 4 3 3 4 4 4 5 4 4 6 6 4 4 6 6 4 1 1 1 2 6 6 6 4 6 6 6 4 6 4 1 1 1 1 1 2 4 6 4 6 4 6 4 4 0 6 4 4 6 6 3 4 4 5 4 0 6 4 0 0 4 4 4 6 4 5 4 6 4 4 6 4 0 3 4 3 3 5 6 2 4 6 6 6 6 4 2 3 5 6 6 4 6 4 4 4 3 4 4 3 3 1 5 3 1 5
0 179 2 3 2 2 2 4 3 3 3 3 3 3 3 3 3 3 2 2 3 3 3 3 3 3 3 3 2 2 3 2 2 4 5 2 2 4 5 5 5 5 5 5 3 3 3 3 2 2 2 2 5 3 3 3 5 3 3 3 5 3 3 3 3 5 3 6 4 6 4 4 4 6 4 6 6 6 4 4 6 6 4 6 4 4 4 1 1 2 6 4 4 4 6 0 5 5 5 5 1 5 5 5 5 5 1 5 5 5 6 4 6 6 4 6 6 0 4 4 3 4 4 5 4 4 6 6 4 6 4 5 4 5 4 1 2 6 4 4 3 3 5 4 4 6 4 0 3 4 4 3 3 5 6 3 3 4 3 0 0 0 0 0 1 5 4 4 4 3 0 0 1 5 2 0 0 1 5 2 0
0 7 0 2 4 3 3 5 3
0 199 2 2 2 2 2 4 2 3 2 3 3 3 2 3 4 4 4 6 4 6 4 6 4 6 4 3 4 4 3 4 2 3 6 4 4 4 6 4 4 5 6 4 4 2 0 0 1 5 3 0 0 1 5 2 0 0 0 0 1 5 4 6 4 6 4 6 4 3 3 4 4 3 5 6 4 1 1 1 1 2 4 4 6 6 3 3 3 4 5 4 4 4 6 6 2 3 5 4 3 3 4 4 4 5 4 4 6 6 4 4 6 6 4 1 1 1 2 6 6 6 4 6 6 6 4 6 4 1 1 1 1 1 2 4 6 4 6 4 6 4 4 0 6 4 4 6 6 3 4 4 5 4 0 6 4 0 0 4 4 4 6 4 5 4 6 4 4 6 4 0 3 4 3 3 5 6 2 4 6 6 6 6 4 2 3 5 6 6 4 6 4 4 4 3 4 4 3 3 1
0 50 3 3 2 2 3 3 2 2 3 4 5 5 5 5 6 6 1 6 5 5 5 0 0 0 5 5 5 5 5 1 5 2 2 4 4 4 6 6 4 4 4 6 3 5 4 3 4 3 3 3
0 36 3 3 2 2 3 2 2 2 2 3 2 4 2 3 2 2 3 6 4 4 4 6 2 4 6 6 4 4 6 4 2 3 6 4 4 3
0 68 2 2 2 2 2 4 2 3 2 3 3 3 2 3 4 4 4 6 4 6 4 6 4 6 4 3 4 4 3 4 2 3 6 4 4 4 6 4 4 5 6 4 4 2 0 0 1 5 3 0 0 1 5 2 0 0 0 0 1 5 4 6 4 6 4 6 4 3
0 31 2 2 0 0 0 0 0 6 4 6 4 4 2 6 4 6 2 6 4 0 3 4 4 4 3 2 0 1 5 3 1
0 51 4 3 3 2 2 2 5 3 3 3 3 3 3 3 5 5 3 5 2 5 4 3 3 3 3 3 3 5 5 3 3 3 5 0 0 0 0 6 4 6 4 6 4 6 4 6 4 4 4 3 0
0 20 0 1 0 4 3 5 6 6 4 6 6 4 6 4 4 4 3 3 0 0
0 56 2 2 2 2 2 4 2 3 2 3 3 3 2 3 4 4 4 6 4 6 4 6 4 6 4 3 4 4 3 4 2 3 6 4 4 4 6 4 4 5 6 4 4 2 0 0 1 5 3 0 0 1 5 2 0 0
0 124 3 2 3 3 3 3 3 5 2 5 2 3 6 4 4 3 4 5 4 4 4 4 6 6 6 4 4 6 6 6 6 4 4 6 6 6 4 4 4 3 4 4 5 6 0 6 4 6 4 6 4 4 1 1 1 1 1 2 4 6 4 4 3 2 1 5 2 0 0 0 0 1 5 6 1 1 2 4 4 4 4 6 4 4 6 6 4 4 6 4 6 4 6 4 1 1 1 1 2 3 4 5 6 4 6 6 4 6 6 4 0 6 4 3 2 0 0 0 0 1 5 2 0 0
0 70 3 2 3 3 3 3 3 5 2 5 2 3 6 4 4 3 4 5 4 4 4 4 6 6 6 4 4 6 6 6 6 4 4 6 6 6 4 4 4 3 4 4 5 6 0 6 4 6 4 6 4 4 1 1 1 1 1 2 4 6 4 4 3 2 1 5 2 0 0 0
0 102 5 5 3 3 3 3 3 3 3 3 3 2 2 3 3 3 3 3 3 3 3 3 3 2 2 2 3 0 3 4 4 4 3 0 0 0 1 5 2 0 1 5 2 0 0 0 1 5 4 1 1 1 1 2 4 4 4 6 4 0 6 4 6 4 2 6 4 4 3 3 2 3 6 6 2 2 4 3 4 3 3 5 3 6 6 6 4 6 4 6 4 2 2 6 4 2 0 6 4 6 4 3
0 111 5 5 3 3 3 3 3 3 3 3 3 2 2 3 3 3 3 3 3 3 3 3 3 2 2 2 3 0 3 4 4 4 3 0 0 0 1 5 2 0 1 5 2 0 0 0 1 5 4 1 1 1 1 2 4 4 4 6 4 0 6 4 6 4 2 6 4 4 3 3 2 3 6 6 2 2 4 3 4 3 3 5 3 6 6 6 4 6 4 6 4 2 2 6 4 2 0 6 4 6 4 3 3 3 4 3 0 0 0 0 1
0 201 2 2 2 2 2 4 2 3 2 3 3 3 2 3 4 4 4 6 4 6 4 6 4 6 4 3 4 4 3 4 2 3 6 4 4 4 6 4 4 5 6 4 4 2 0 0 1 5 3 0 0 1 5 2 0 0 0 0 1 5 4 6 4 6 4 6 4 3 3 4 4 3 5 6 4 1 1 1 1 2 4 4 6 6 3 3 3 4 5 4 4 4 6 6 2 3 5 4 3 3 4 4 4 5 4 4 6 6 4 4 6 6 4 1 1 1 2 6 6 6 4 6 6 6 4 6 4 1 1 1 1 1 2 4 6 4 6 4 6 4 4 0 6 4 4 6 6 3 4 4 5 4 0 6 4 0 0 4 4 4 6 4 5 4 6 4 4 6 4 0 3 4 3 3 5 6 2 4 6 6 6 6 4 2 3 5 6 6 4 6 4 4 4 3 4 4 3 3 1 5 3
0 41 0 1 0 4 3 5 6 6 4 6 6 4 6 4 4 4 3 3 0 0 0 1 5 2 0 0 0 1 5 3 0 0 0 0 1 5 4 4 4 3 0
0 34 0 1 0 4 3 5 6 6 4 6 6 4 6 4 4 4 3 3 0 0 0 1 5 2 0 0 0 1 5 3 0 0 0 0
0 49 0 0 4 6 4 4 4 6 6 6 4 6 4 4 4 4 6 6 4 3 5 6 4 6 4 6 4 2 6 4 6 4 6 6 4 6 4 4 1 1 1 2 6 4 4 4 3 3 5
0 120 3 2 3 3 3 3 3 5 2 5 2 3 6 4 4 3 4 5 4 4 4 4 6 6 6 4 4 6 6 6 6 4 4 6 6 6 4 4 4 3 4 4 5 6 0 6 4 6 4 6 4 4 1 1 1 1 1 2 4 6 4 4 3 2 1 5 2 0 0 0 0 1 5 6 1 1 2 4 4 4 4 6 4 4 6 6 4 4 6 4 6 4 6 4 1 1 1 1 2 3 4 5 6 4 6 6 4 6 6 4 0 6 4 3 2 0 0 0 0 1
0 193 5 5 3 3 3 3 3 3 3 3 3 2 2 3 3 3 3 3 3 3 3 3 3 2 2 2 3 0 3 4 4 4 3 0 0 0 1 5 2 0 1 5 2 0 0 0 1 5 4 1 1 1 1 2 4 4 4 6 4 0 6 4 6 4 2 6 4 4 3 3 2 3 6 6 2 2 4 3 4 3 3 5 3 6 6 6 4 6 4 6 4 2 2 6 4 2 0 6 4 6 4 3 3 3 4 3 0 0 0 0 1 5 3 0 1 5 3 0 0 0 0 1 5 3 0 0 0 0 0 1 5 6 4 6 6 4 4 5 4 4 6 3 4 4 3 5 4 6 4 6 4 3 4 4 2 3 6 6 3 3 4 5 4 4 3 4 3 3 6 4 4 4 4 4 2 3 6 6 6 4 6 4 6 4 6 4 4 6 4 3 4 4 3
0 43 5 2 2 3 3 3 5 5 5 5 4 3 4 4 2 2 3 6 4 6 4 6 4 2 4 6 4 4 6 6 4 6 4 6 4 6 4 6 6 4 3 2 1
0 45 5 5 3 3 3 3 3 3 3 3 3 2 2 3 3 3 3 3 3 3 3 3 3 2 2 2 3 0 3 4 4 4 3 0 0 0 1 5 2 0 1 5 2 0 0
0 40 5 5 3 3 3 3 3 3 3 3 3 2 2 3 3 3 3 3 3 3 3 3 3 2 2 2 3 0 3 4 4 4 3 0 0 0 1 5 2 0
0 21 2 2 0 0 0 0 0 6 4 6 4 4 2 6 4 6 2 6 4 0 3
0 28 2 2 0 0 0 0 0 6 4 6 4 4 2 6 4 6 2 6 4 0 3 4 4 4 3 2 0 1
0 36 0 1 0 4 3 5 6 6 4 6 6 4 6 4 4 4 3 3 0 0 0 1 5 2 0 0 0 1 5 3 0 0 0 0 1 5
0 65 3 3 3 3 3 2 2 2 2 2 2 5 2 3 3 3 3 3 3 3 3 3 3 3 2 2 5 5 5 5 5 0 0 0 6 4 4 5 6 6 4 2 0 0 0 0 1 5 3 0 0 0 0 0 1 5 3 0 0 0 0 1 5 2 0
0 128 3 2 3 3 3 3 3 5 2 5 2 3 6 4 4 3 4 5 4 4 4 4 6 6 6 4 4 6 6 6 6 4 4 6 6 6 4 4 4 3 4 4 5 6 0 6 4 6 4 6 4 4 1 1 1 1 1 2 4 6 4 4 3 2 1 5 2 0 0 0 0 1 5 6 1 1 2 4 4 4 4 6 4 4 6 6 4 4 6 4 6 4 6 4 1 1 1 1 2 3 4 5 6 4 6 6 4 6 6 4 0 6 4 3 2 0 0 0 0 1 5 2 0 0 0 0 0 1
0 172 2 3 2 2 2 4 3 3 3 3 3 3 3 3 3 3 2 2 3 3 3 3 3 3 3 3 2 2 3 2 2 4 5 2 2 4 5 5 5 5 5 5 3 3 3 3 2 2 2 2 5 3 3 3 5 3 3 3 5 3 3 3 3 5 3 6 4 6 4 4 4 6 4 6 6 6 4 4 6 6 4 6 4 4 4 1 1 2 6 4 4 4 6 0 5 5 5 5 1 5 5 5 5 5 1 5 5 5 6 4 6 6 4 6 6 0 4 4 3 4 4 5 4 4 6 6 4 6 4 5 4 5 4 1 2 6 4 4 3 3 5 4 4 6 4 0 3 4 4 3 3 5 6 3 3 4 3 0 0 0 0 0 1 5 4 4 4 3 0 0 1 5
0 75 3 3 3 2 4 2 2 2 3 2 2 4 3 2 2 0 1 5 5 5 5 5 5 5 6 1 6 1 1 5 5 5 0 4 6 6 6 3 3 0 0 0 1 5 2 1 5 4 4 3 4 4 4 5 4 4 6 4 6 6 3 4 3 3 3 5 4 6 6 4 3 4 4 3 5
0 43 2 2 0 0 0 0 0 6 4 6 4 4 2 6 4 6 2 6 4 0 3 4 4 4 3 2 0 1 5 3 1 5 2 0 0 0 0 0 1 5 3 0 0
0 54 2 2 2 2 2 4 2 3 2 3 3 3 2 3 4 4 4 6 4 6 4 6 4 6 4 3 4 4 3 4 2 3 6 4 4 4 6 4 4 5 6 4 4 2 0 0 1 5 3 0 0 1 5 2
0 53 3 4 2 3 3 5 3 3 3 3 3 5 5 5 3 3 3 3 5 5 4 0 0 0 4 5 4 3 4 4 4 4 2 1 5 2 1 5 6 2 2 2 6 4 4 4 4 4 3 3 2 3 6
0 83 3 3 2 3 3 2 2 2 4 4 3 3 3 5 5 5 4 6 5 5 5 5 5 5 5 6 4 4 4 5 4 4 4 2 4 6 4 5 6 1 1 1 1 1 2 6 6 4 6 4 6 4 6 6 6 6 6 4 4 5 4 0 6 4 3 3 3 4 2 3 6 4 4 4 6 4 4 6 3 3 3 4 3
0 29 2 2 0 0 0 0 0 6 4 6 4 4 2 6 4 6 2 6 4 0 3 4 4 4 3 2 0 1 5
0 59 2 2 2 2 2 4 2 3 2 3 3 3 2 3 4 4 4 6 4 6 4 6 4 6 4 3 4 4 3 4 2 3 6 4 4 4 6 4 4 5 6 4 4 2 0 0 1 5 3 0 0 1 5 2 0 0 0 0 1
0 204 5 5 3 3 3 3 3 3 3 3 3 2 2 3 3 3 3 3 3 3 3 3 3 2 2 2 3 0 3 4 4 4 3 0 0 0 1 5 2 0 1 5 2 0 0 0 1 5 4 1 1 1 1 2 4 4 4 6 4 0 6 4 6 4 2 6 4 4 3 3 2 3 6 6 2 2 4 3 4 3 3 5 3 6 6 6 4 6 4 6 4 2 2 6 4 2 0 6 4 6 4 3 3 3 4 3 0 0 0 0 1 5 3 0 1 5 3 0 0 0 0 1 5 3 0 0 0 0 0 1 5 6 4 6 6 4 4 5 4 4 6 3 4 4 3 5 4 6 4 6 4 3 4 4 2 3 6 6 3 3 4 5 4 4 3 4 3 3 6 4 4 4 4 4 2 3 6 6 6 4 6 4 6 4 6 4 4 6 4 3 4 4 3 2 3 6 4 1 1 1 2 4 4 3
0 162 2 3 2 2 2 4 3 3 3 3 3 3 3 3 3 3 2 2 3 3 3 3 3 3 3 3 2 2 3 2 2 4 5 2 2 4 5 5 5 5 5 5 3 3 3 3 2 2 2 2 5 3 3 3 5 3 3 3 5 3 3 3 3 5 3 6 4 6 4 4 4 6 4 6 6 6 4 4 6 6 4 6 4 4 4 1 1 2 6 4 4 4 6 0 5 5 5 5 1 5 5 5 5 5 1 5 5 5 6 4 6 6 4 6 6 0 4 4 3 4 4 5 4 4 6 6 4 6 4 5 4 5 4 1 2 6 4 4 3 3 5 4 4 6 4 0 3 4 4 3 3 5 6 3 3 4 3 0 0 0 0 0
0 39 5 5 3 3 3 3 3 3 3 3 3 2 2 3 3 3 3 3 3 3 3 3 3 2 2 2 3 0 3 4 4 4 3 0 0 0 1 5 2
0 37 3 3 3 3 5 4 3 2 3 3 3 3 3 3 5 2 2 2 5 2 2 2 4 5 5 5 1 5 0 6 4 1 1 1 2 4 3
0 60 4 3 3 2 2 2 5 3 3 3 3 3 3 3 5 5 3 5 2 5 4 3 3 3 3 3 3 5 5 3 3 3 5 0 0 0 0 6 4 6 4 6 4 6 4 6 4 4 4 3 0 1 5 2 1 5 3 0 1 5
0 38 2 2 3 3 2 4 2 2 2 3 2 4 5 1 0 0 0 4 6 6 0 0 4 4 4 6 6 4 6 6 4 4 4 2 0 1 5 3
0 176 2 3 2 2 2 4 3 3 3 3 3 3 3 3 3 3 2 2 3 3 3 3 3 3 3 3 2 2 3 2 2 4 5 2 2 4 5 5 5 5 5 5 3 3 3 3 2 2 2 2 5 3 3 3 5 3 3 3 5 3 3 3 3 5 3 6 4 6 4 4 4 6 4 6 6 6 4 4 6 6 4 6 4 4 4 1 1 2 6 4 4 4 6 0 5 5 5 5 1 5 5 5 5 5 1 5 5 5 6 4 6 6 4 6 6 0 4 4 3 4 4 5 4 4 6 6 4 6 4 5 4 5 4 1 2 6 4 4 3 3 5 4 4 6 4 0 3 4 4 3 3 5 6 3 3 4 3 0 0 0 0 0 1 5 4 4 4 3 0 0 1 5 2 0 0 1
0 72 2 2 2 2 2 4 2 3 2 3 3 3 2 3 4 4 4 6 4 6 4 6 4 6 4 3 4 4 3 4 2 3 6 4 4 4 6 4 4 5 6 4 4 2 0 0 1 5 3 0 0 1 5 2 0 0 0 0 1 5 4 6 4 6 4 6 4 3 3 4 4 3
0 79 3 3 2 3 3 2 2 2 4 4 3 3 3 5 5 5 4 6 5 5 5 5 5 5 5 6 4 4 4 5 4 4 4 2 4 6 4 5 6 1 1 1 1 1 2 6 6 4 6 4 6 4 6 6 6 6 6 4 4 5 4 0 6 4 3 3 3 4 2 3 6 4 4 4 6 4 4 6 3
0 117 3 2 3 3 3 3 3 5 2 5 2 3 6 4 4 3 4 5 4 4 4 4 6 6 6 4 4 6 6 6 6 4 4 6 6 6 4 4 4 3 4 4 5 6 0 6 4 6 4 6 4 4 1 1 1 1 1 2 4 6 4 4 3 2 1 5 2 0 0 0 0 1 5 6 1 1 2 4 4 4 4 6 4 4 6 6 4 4 6 4 6 4 6 4 1 1 1 1 2 3 4 5 6 4 6 6 4 6 6 4 0 6 4 3 2 0 0
0 152 2 3 2 2 2 4 3 3 3 3 3 3 3 3 3 3 2 2 3 3 3 3 3 3 3 3 2 2 3 2 2 4 5 2 2 4 5 5 5 5 5 5 3 3 3 3 2 2 2 2 5 3 3 3 5 3 3 3 5 3 3 3 3 5 3 6 4 6 4 4 4 6 4 6 6 6 4 4 6 6 4 6 4 4 4 1 1 2 6 4 4 4 6 0 5 5 5 5 1 5 5 5 5 5 1 5 5 5 6 4 6 6 4 6 6 0 4 4 3 4 4 5 4 4 6 6 4 6 4 5 4 5 4 1 2 6 4 4 3 3 5 4 4 6 4 0 3 4 4 3 3 5
0 54 3 3 3 3 3 3 5 3 3 3 3 2 3 3 3 3 2 5 2 5 2 2 2 4 0 0 0 0 6 4 4 5 6 6 6 6 4 6 4 6 6 4 6 4 6 4 3 4 5 4 3 3 3 5
0 49 2 2 2 2 2 4 2 3 2 3 3 3 2 3 4 4 4 6 4 6 4 6 4 6 4 3 4 4 3 4 2 3 6 4 4 4 6 4 4 5 6 4 4 2 0 0 1 5 3
0 131 5 5 3 3 3 3 3 3 3 3 3 2 2 3 3 3 3 3 3 3 3 3 3 2 2 2 3 0 3 4 4 4 3 0 0 0 1 5 2 0 1 5 2 0 0 0 1 5 4 1 1 1 1 2 4 4 4 6 4 0 6 4 6 4 2 6 4 4 3 3 2 3 6 6 2 2 4 3 4 3 3 5 3 6 6 6 4 6 4 6 4 2 2 6 4 2 0 6 4 6 4 3 3 3 4 3 0 0 0 0 1 5 3 0 1 5 3 0 0 0 0 1 5 3 0 0 0 0 0 1 5
0 69 3 2 3 3 3 3 3 5 2 5 2 3 6 4 4 3 4 5 4 4 4 4 6 6 6 4 4 6 6 6 6 4 4 6 6 6 4 4 4 3 4 4 5 6 0 6 4 6 4 6 4 4 1 1 1 1 1 2 4 6 4 4 3 2 1 5 2 0 0
0 52 0 1 0 4 3 5 6 6 4 6 6 4 6 4 4 4 3 3 0 0 0 1 5 2 0 0 0 1 5 3 0 0 0 0 1 5 4 4 4 3 0 0 1 5 3 0 1 5 3 0 0 1
0 123 3 3 3 2 4 2 2 2 3 2 2 4 3 2 2 0 1 5 5 5 5 5 5 5 6 1 6 1 1 5 5 5 0 4 6 6 6 3 3 0 0 0 1 5 2 1 5 4 4 3 4 4 4 5 4 4 6 4 6 6 3 4 3 3 3 5 4 6 6 4 3 4 4 3 5 6 0 0 6 4 6 4 6 4 3 3 4 4 3 2 3 6 6 4 4 6 4 4 6 4 6 4 2 3 4 5 4 4 4 3 4 5 6 3 3 4 4 3 3 0 0 0 1
0 133 3 2 3 3 3 3 3 5 2 5 2 3 6 4 4 3 4 5 4 4 4 4 6 6 6 4 4 6 6 6 6 4 4 6 6 6 4 4 4 3 4 4 5 6 0 6 4 6 4 6 4 4 1 1 1 1 1 2 4 6 4 4 3 2 1 5 2 0 0 0 0 1 5 6 1 1 2 4 4 4 4 6 4 4 6 6 4 4 6 4 6 4 6 4 1 1 1 1 2 3 4 5 6 4 6 6 4 6 6 4 0 6 4 3 2 0 0 0 0 1 5 2 0 0 0 0 0 1 5 2 0 0 0
0 106 5 5 3 3 3 3 3 3 3 3 3 2 2 3 3 3 3 3 3 3 3 3 3 2 2 2 3 0 3 4 4 4 3 0 0 0 1 5 2 0 1 5 2 0 0 0 1 5 4 1 1 1 1 2 4 4 4 6 4 0 6 4 6 4 2 6 4 4 3 3 2 3 6 6 2 2 4 3 4 3 3 5 3 6 6 6 4 6 4 6 4 2 2 6 4 2 0 6 4 6 4 3 3 3 4 3
0 55 3 3 3 3 3 2 2 2 2 2 2 5 2 3 3 3 3 3 3 3 3 3 3 3 2 2 5 5 5 5 5 0 0 0 6 4 4 5 6 6 4 2 0 0 0 0 1 5 3 0 0 0 0 0 1
0 53 3 3 3 3 3 3 5 3 3 3 3 2 3 3 3 3 2 5 2 5 2 2 2 4 0 0 0 0 6 4 4 5 6 6 6 6 4 6 4 6 6 4 6 4 6 4 3 4 5 4 3 3 3
0 57 4 3 3 2 2 2 5 3 3 3 3 3 3 3 5 5 3 5 2 5 4 3 3 3 3 3 3 5 5 3 3 3 5 0 0 0 0 6 4 6 4 6 4 6 4 6 4 4 4 3 0 1 5 2 1 5 3
0 159 5 5 3 3 3 3 3 3 3 3 3 2 2 3 3 3 3 3 3 3 3 3 3 2 2 2 3 0 3 4 4 4 3 0 0 0 1 5 2 0 1 5 2 0 0 0 1 5 4 1 1 1 1 2 4 4 4 6 4 0 6 4 6 4 2 6 4 4 3 3 2 3 6 6 2 2 4 3 4 3 3 5 3 6 6 6 4 6 4 6 4 2 2 6 4 2 0 6 4 6 4 3 3 3 4 3 0 0 0 0 1 5 3 0 1 5 3 0 0 0 0 1 5 3 0 0 0 0 0 1 5 6 4 6 6 4 4 5 4 4 6 3 4 4 3 5 4 6 4 6 4 3 4 4 2 3 6 6 3
0 122 3 2 3 3 3 3 3 5 2 5 2 3 6 4 4 3 4 5 4 4 4 4 6 6 6 4 4 6 6 6 6 4 4 6 6 6 4 4 4 3 4 4 5 6 0 6 4 6 4 6 4 4 1 1 1 1 1 2 4 6 4 4 3 2 1 5 2 0 0 0 0 1 5 6 1 1 2 4 4 4 4 6 4 4 6 6 4 4 6 4 6 4 6 4 1 1 1 1 2 3 4 5 6 4 6 6 4 6 6 4 0 6 4 3 2 0 0 0 0 1 5 2
0 115 3 3 3 2 4 2 2 2 3 2 2 4 3 2 2 0 1 5 5 5 5 5 5 5 6 1 6 1 1 5 5 5 0 4 6 6 6 3 3 0 0 0 1 5 2 1 5 4 4 3 4 4 4 5 4 4 6 4 6 6 3 4 3 3 3 5 4 6 6 4 3 4 4 3 5 6 0 0 6 4 6 4 6 4 3 3 4 4 3 2 3 6 6 4 4 6 4 4 6 4 6 4 2 3 4 5 4 4 4 3 4 5 6 3 3
0 198 2 2 2 2 2 4 2 3 2 3 3 3 2 3 4 4 4 6 4 6 4 6 4 6 4 3 4 4 3 4 2 3 6 4 4 4 6 4 4 5 6 4 4 2 0 0 1 5 3 0 0 1 5 2 0 0 0 0 1 5 4 6 4 6 4 6 4 3 3 4 4 3 5 6 4 1 1 1 1 2 4 4 6 6 3 3 3 4 5 4 4 4 6 6 2 3 5 4 3 3 4 4 4 5 4 4 6 6 4 4 6 6 4 1 1 1 2 6 6 6 4 6 6 6 4 6 4 1 1 1 1 1 2 4 6 4 6 4 6 4 4 0 6 4 4 6 6 3 4 4 5 4 0 6 4 0 0 4 4 4 6 4 5 4 6 4 4 6 4 0 3 4 3 3 5 6 2 4 6 6 6 6 4 2 3 5 6 6 4 6 4 4 4 3 4 4 3 3
0 71 3 3 3 2 4 2 2 2 3 2 2 4 3 2 2 0 1 5 5 5 5 5 5 5 6 1 6 1 1 5 5 5 0 4 6 6 6 3 3 0 0 0 1 5 2 1 5 4 4 3 4 4 4 5 4 4 6 4 6 6 3 4 3 3 3 5 4 6 6 4 3
0 39 2 2 3 3 2 4 2 2 2 3 2 4 5 1 0 0 0 4 6 6 0 0 4 4 4 6 6 4 6 6 4 4 4 2 0 1 5 3 0
0 43 5 5 3 3 3 3 3 3 3 3 3 2 2 3 3 3 3 3 3 3 3 3 3 2 2 2 3 0 3 4 4 4 3 0 0 0 1 5 2 0 1 5 2
0 92 3 3 2 3 3 2 2 2 4 4 3 3 3 5 5 5 4 6 5 5 5 5 5 5 5 6 4 4 4 5 4 4 4 2 4 6 4 5 6 1 1 1 1 1 2 6 6 4 6 4 6 4 6 6 6 6 6 4 4 5 4 0 6 4 3 3 3 4 2 3 6 4 4 4 6 4 4 6 3 3 3 4 3 2 0 1 5 2 0 1 5 3
0 163 2 3 2 2 2 4 3 3 3 3 3 3 3 3 3 3 2 2 3 3 3 3 3 3 3 3 2 2 3 2 2 4 5 2 2 4 5 5 5 5 5 5 3 3 3 3 2 2 2 2 5 3 3 3 5 3 3 3 5 3 3 3 3 5 3 6 4 6 4 4 4 6 4 6 6 6 4 4 6 6 4 6 4 4 4 1 1 2 6 4 4 4 6 0 5 5 5 5 1 5 5 5 5 5 1 5 5 5 6 4 6 6 4 6 6 0 4 4 3 4 4 5 4 4 6 6 4 6 4 5 4 5 4 1 2 6 4 4 3 3 5 4 4 6 4 0 3 4 4 3 3 5 6 3 3 4 3 0 0 0 0 0 1
0 130 3 2 3 3 3 3 3 5 2 5 2 3 6 4 4 3 4 5 4 4 4 4 6 6 6 4 4 6 6 6 6 4 4 6 6 6 4 4 4 3 4 4 5 6 0 6 4 6 4 6 4 4 1 1 1 1 1 2 4 6 4 4 3 2 1 5 2 0 0 0 0 1 5 6 1 1 2 4 4 4 4 6 4 4 6 6 4 4 6 4 6 4 6 4 1 1 1 1 2 3 4 5 6 4 6 6 4 6 6 4 0 6 4 3 2 0 0 0 0 1 5 2 0 0 0 0 0 1 5 2
0 52 0 0 4 6 4 4 4 6 6 6 4 6 4 4 4 4 6 6 4 3 5 6 4 6 4 6 4 2 6 4 6 4 6 6 4 6 4 4 1 1 1 2 6 4 4 4 3 3 5 6 4 3
0 50 3 4 2 3 3 5 3 3 3 3 3 5 5 5 3 3 3 3 5 5 4 0 0 0 4 5 4 3 4 4 4 4 2 1 5 2 1 5 6 2 2 2 6 4 4 4 4 4 3 3
0 34 5 5 3 3 3 3 3 3 3 3 3 2 2 3 3 3 3 3 3 3 3 3 3 2 2 2 3 0 3 4 4 4 3 0
0 44 3 3 2 2 3 3 2 2 3 4 5 5 5 5 6 6 1 6 5 5 5 0 0 0 5 5 5 5 5 1 5 2 2 4 4 4 6 6 4 4 4 6 3 5
0 47 5 5 3 3 3 3 3 3 3 3 3 2 2 3 3 3 3 3 3 3 3 3 3 2 2 2 3 0 3 4 4 4 3 0 0 0 1 5 2 0 1 5 2 0 0 0 1
0 66 3 3 3 3 3 2 2 2 2 2 2 5 2 3 3 3 3 3 3 3 3 3 3 3 2 2 5 5 5 5 5 0 0 0 6 4 4 5 6 6 4 2 0 0 0 0 1 5 3 0 0 0 0 0 1 5 3 0 0 0 0 1 5 2 0 0
0 62 0 1 0 4 3 5 6 6 4 6 6 4 6 4 4 4 3 3 0 0 0 1 5 2 0 0 0 1 5 3 0 0 0 0 1 5 4 4 4 3 0 0 1 5 3 0 1 5 3 0 0 1 5 3 0 1 5 2 0 0 0 1
0 64 3 3 3 2 4 2 2 2 3 2 2 4 3 2 2 0 1 5 5 5 5 5 5 5 6 1 6 1 1 5 5 5 0 4 6 6 6 3 3 0 0 0 1 5 2 1 5 4 4 3 4 4 4 5 4 4 6 4 6 6 3 4 3 3
0 41 2 2 0 0 0 0 0 6 4 6 4 4 2 6 4 6 2 6 4 0 3 4 4 4 3 2 0 1 5 3 1 5 2 0 0 0 0 0 1 5 3
0 52 4 3 3 2 2 2 5 3 3 3 3 3 3 3 5 5 3 5 2 5 4 3 3 3 3 3 3 5 5 3 3 3 5 0 0 0 0 6 4 6 4 6 4 6 4 6 4 4 4 3 0 1
0 173 3 2 3 3 3 3 3 5 2 5 2 3 6 4 4 3 4 5 4 4 4 4 6 6 6 4 4 6 6 6 6 4 4 6 6 6 4 4 4 3 4 4 5 6 0 6 4 6 4 6 4 4 1 1 1 1 1 2 4 6 4 4 3 2 1 5 2 0 0 0 0 1 5 6 1 1 2 4 4 4 4 6 4 4 6 6 4 4 6 4 6 4 6 4 1 1 1 1 2 3 4 5 6 4 6 6 4 6 6 4 0 6 4 3 2 0 0 0 0 1 5 2 0 0 0 0 0 1 5 2 0 0 0 0 0 1 5 2 0 0 0 0 1 5 6 4 6 4 3 3 3 0 0 1 5 3 0 0 0 1 5 3 0 0 1 5 3 0 0 0 0 0 1
0 64 3 3 3 3 3 2 2 2 2 2 2 5 2 3 3 3 3 3 3 3 3 3 3 3 2 2 5 5 5 5 5 0 0 0 6 4 4 5 6 6 4 2 0 0 0 0 1 5 3 0 0 0 0 0 1 5 3 0 0 0 0 1 5 2
0 42 5 2 2 3 3 3 5 5 5 5 4 3 4 4 2 2 3 6 4 6 4 6 4 2 4 6 4 4 6 6 4 6 4 6 4 6 4 6 6 4 3 2
0 48 3 3 2 2 3 3 2 2 3 4 5 5 5 5 6 6 1 6 5 5 5 0 0 0 5 5 5 5 5 1 5 2 2 4 4 4 6 6 4 4 4 6 3 5 4 3 4 3
0 26 3 5 5 5 2 2 2 2 3 3 3 2 4 6 4 4 6 2 3 6 6 6 4 6 6 3
0 80 5 5 3 3 3 3 3 3 3 3 3 2 2 3 3 3 3 3 3 3 3 3 3 2 2 2 3 0 3 4 4 4 3 0 0 0 1 5 2 0 1 5 2 0 0 0 1 5 4 1 1 1 1 2 4 4 4 6 4 0 6 4 6 4 2 6 4 4 3 3 2 3 6 6 2 2 4 3 4 3
0 45 0 1 0 4 3 5 6 6 4 6 6 4 6 4 4 4 3 3 0 0 0 1 5 2 0 0 0 1 5 3 0 0 0 0 1 5 4 4 4 3 0 0 1 5 3
0 24 0 1 0 4 3 5 6 6 4 6 6 4 6 4 4 4 3 3 0 0 0 1 5 2
0 161 3 2 3 3 3 3 3 5 2 5 2 3 6 4 4 3 4 5 4 4 4 4 6 6 6 4 4 6 6 6 6 4 4 6 6 6 4 4 4 3 4 4 5 6 0 6 4 6 4 6 4 4 1 1 1 1 1 2 4 6 4 4 3 2 1 5 2 0 0 0 0 1 5 6 1 1 2 4 4 4 4 6 4 4 6 6 4 4 6 4 6 4 6 4 1 1 1 1 2 3 4 5 6 4 6 6 4 6 6 4 0 6 4 3 2 0 0 0 0 1 5 2 0 0 0 0 0 1 5 2 0 0 0 0 0 1 5 2 0 0 0 0 1 5 6 4 6 4 3 3 3 0 0 1 5 3 0 0 0 1 5
0 163 3 2 3 3 3 3 3 5 2 5 2 3 6 4 4 3 4 5 4 4 4 4 6 6 6 4 4 6 6 6 6 4 4 6 6 6 4 4 4 3 4 4 5 6 0 6 4 6 4 6 4 4 1 1 1 1 1 2 4 6 4 4 3 2 1 5 2 0 0 0 0 1 5 6 1 1 2 4 4 4 4 6 4 4 6 6 4 4 6 4 6 4 6 4 1 1 1 1 2 3 4 5 6 4 6 6 4 6 6 4 0 6 4 3 2 0 0 0 0 1 5 2 0 0 0 0 0 1 5 2 0 0 0 0 0 1 5 2 0 0 0 0 1 5 6 4 6 4 3 3 3 0 0 1 5 3 0 0 0 1 5 3 0
0 37 5 5 3 3 3 3 3 3 3 3 3 2 2 3 3 3 3 3 3 3 3 3 3 2 2 2 3 0 3 4 4 4 3 0 0 0 1
0 72 3 2 3 3 3 3 3 5 2 5 2 3 6 4 4 3 4 5 4 4 4 4 6 6 6 4 4 6 6 6 6 4 4 6 6 6 4 4 4 3 4 4 5 6 0 6 4 6 4 6 4 4 1 1 1 1 1 2 4 6 4 4 3 2 1 5 2 0 0 0 0 1
0 29 0 1 0 4 3 5 6 6 4 6 6 4 6 4 4 4 3 3 0 0 0 1 5 2 0 0 0 1 5
0 155 2 3 2 2 2 4 3 3 3 3 3 3 3 3 3 3 2 2 3 3 3 3 3 3 3 3 2 2 3 2 2 4 5 2 2 4 5 5 5 5 5 5 3 3 3 3 2 2 2 2 5 3 3 3 5 3 3 3 5 3 3 3 3 5 3 6 4 6 4 4 4 6 4 6 6 6 4 4 6 6 4 6 4 4 4 1 1 2 6 4 4 4 6 0 5 5 5 5 1 5 5 5 5 5 1 5 5 5 6 4 6 6 4 6 6 0 4 4 3 4 4 5 4 4 6 6 4 6 4 5 4 5 4 1 2 6 4 4 3 3 5 4 4 6 4 0 3 4 4 3 3 5 6 3 3
0 53 4 3 3 2 2 2 5 3 3 3 3 3 3 3 5 5 3 5 2 5 4 3 3 3 3 3 3 5 5 3 3 3 5 0 0 0 0 6 4 6 4 6 4 6 4 6 4 4 4 3 0 1 5
0 156 3 2 3 3 3 3 3 5 2 5 2 3 6 4 4 3 4 5 4 4 4 4 6 6 6 4 4 6 6 6 6 4 4 6 6 6 4 4 4 3 4 4 5 6 0 6 4 6 4 6 4 4 1 1 1 1 1 2 4 6 4 4 3 2 1 5 2 0 0 0 0 1 5 6 1 1 2 4 4 4 4 6 4 4 6 6 4 4 6 4 6 4 6 4 1 1 1 1 2 3 4 5 6 4 6 6 4 6 6 4 0 6 4 3 2 0 0 0 0 1 5 2 0 0 0 0 0 1 5 2 0 0 0 0 0 1 5 2 0 0 0 0 1 5 6 4 6 4 3 3 3 0 0 1 5 3
0 38 3 3 2 2 3 2 2 2 2 3 2 4 2 3 2 2 3 6 4 4 4 6 2 4 6 6 4 4 6 4 2 3 6 4 4 3 3 5
0 113 5 5 3 3 3 3 3 3 3 3 3 2 2 3 3 3 3 3 3 3 3 3 3 2 2 2 3 0 3 4 4 4 3 0 0 0 1 5 2 0 1 5 2 0 0 0 1 5 4 1 1 1 1 2 4 4 4 6 4 0 6 4 6 4 2 6 4 4 3 3 2 3 6 6 2 2 4 3 4 3 3 5 3 6 6 6 4 6 4 6 4 2 2 6 4 2 0 6 4 6 4 3 3 3 4 3 0 0 0 0 1 5 3
0 43 0 1 0 4 3 5 6 6 4 6 6 4 6 4 4 4 3 3 0 0 0 1 5 2 0 0 0 1 5 3 0 0 0 0 1 5 4 4 4 3 0 0 1
0 36 2 3 2 3 2 4 2 3 2 2 4 2 4 6 4 4 4 6 6 6 4 6 4 4 4 3 5 6 6 6 4 4 3 2 3 6
0 49 2 4 4 6 4 6 6 4 4 4 6 1 2 5 3 6 6 6 4 0 5 5 5 5 5 0 0 0 0 6 4 6 6 2 4 6 4 3 4 3 5 6 4 6 4 3 3 4 3
0 47 0 0 4 6 4 4 4 6 6 6 4 6 4 4 4 4 6 6 4 3 5 6 4 6 4 6 4 2 6 4 6 4 6 6 4 6 4 4 1 1 1 2 6 4 4 4 3
0 40 2 4 4 6 4 6 6 4 4 4 6 1 2 5 3 6 6 6 4 0 5 5 5 5 5 0 0 0 0 6 4 6 6 2 4 6 4 3 4 3
0 59 3 3 3 3 3 2 2 2 2 2 2 5 2 3 3 3 3 3 3 3 3 3 3 3 2 2 5 5 5 5 5 0 0 0 6 4 4 5 6 6 4 2 0 0 0 0 1 5 3 0 0 0 0 0 1 5 3 0 0
0 29 5 5 3 3 3 3 3 3 3 3 3 2 2 3 3 3 3 3 3 3 3 3 3 2 2 2 3 0 3
0 159 3 2 3 3 3 3 3 5 2 5 2 3 6 4 4 3 4 5 4 4 4 4 6 6 6 4 4 6 6 6 6 4 4 6 6 6 4 4 4 3 4 4 5 6 0 6 4 6 4 6 4 4 1 1 1 1 1 2 4 6 4 4 3 2 1 5 2 0 0 0 0 1 5 6 1 1 2 4 4 4 4 6 4 4 6 6 4 4 6 4 6 4 6 4 1 1 1 1 2 3 4 5 6 4 6 6 4 6 6 4 0 6 4 3 2 0 0 0 0 1 5 2 0 0 0 0 0 1 5 2 0 0 0 0 0 1 5 2 0 0 0 0 1 5 6 4 6 4 3 3 3 0 0 1 5 3 0 0 0
0 78 5 5 3 3 3 3 3 3 3 3 3 2 2 3 3 3 3 3 3 3 3 3 3 2 2 2 3 0 3 4 4 4 3 0 0 0 1 5 2 0 1 5 2 0 0 0 1 5 4 1 1 1 1 2 4 4 4 6 4 0 6 4 6 4 2 6 4 4 3 3 2 3 6 6 2 2 4 3
0 72 5 5 3 3 3 3 3 3 3 3 3 2 2 3 3 3 3 3 3 3 3 3 3 2 2 2 3 0 3 4 4 4 3 0 0 0 1 5 2 0 1 5 2 0 0 0 1 5 4 1 1 1 1 2 4 4 4 6 4 0 6 4 6 4 2 6 4 4 3 3 2 3
0 38 3 2 3 3 2 4 5 5 3 3 3 3 3 5 2 2 5 4 3 2 2 5 0 0 0 0 6 4 2 1 5 2 1 5 3 0 0 1
0 87 2 2 2 2 2 4 2 3 2 3 3 3 2 3 4 4 4 6 4 6 4 6 4 6 4 3 4 4 3 4 2 3 6 4 4 4 6 4 4 5 6 4 4 2 0 0 1 5 3 0 0 1 5 2 0 0 0 0 1 5 4 6 4 6 4 6 4 3 3 4 4 3 5 6 4 1 1 1 1 2 4 4 6 6 3 3 3
0 161 2 3 2 2 2 4 3 3 3 3 3 3 3 3 3 3 2 2 3 3 3 3 3 3 3 3 2 2 3 2 2 4 5 2 2 4 5 5 5 5 5 5 3 3 3 3 2 2 2 2 5 3 3 3 5 3 3 3 5 3 3 3 3 5 3 6 4 6 4 4 4 6 4 6 6 6 4 4 6 6 4 6 4 4 4 1 1 2 6 4 4 4 6 0 5 5 5 5 1 5 5 5 5 5 1 5 5 5 6 4 6 6 4 6 6 0 4 4 3 4 4 5 4 4 6 6 4 6 4 5 4 5 4 1 2 6 4 4 3 3 5 4 4 6 4 0 3 4 4 3 3 5 6 3 3 4 3 0 0 0 0
0 46 3 3 2 2 2 4 3 2 3 2 3 4 2 3 2 2 4 2 4 3 4 5 4 4 6 2 3 6 6 1 2 4 4 6 4 4 6 4 4 4 6 6 4 6 4 3
0 152 3 2 3 3 3 3 3 5 2 5 2 3 6 4 4 3 4 5 4 4 4 4 6 6 6 4 4 6 6 6 6 4 4 6 6 6 4 4 4 3 4 4 5 6 0 6 4 6 4 6 4 4 1 1 1 1 1 2 4 6 4 4 3 2 1 5 2 0 0 0 0 1 5 6 1 1 2 4 4 4 4 6 4 4 6 6 4 4 6 4 6 4 6 4 1 1 1 1 2 3 4 5 6 4 6 6 4 6 6 4 0 6 4 3 2 0 0 0 0 1 5 2 0 0 0 0 0 1 5 2 0 0 0 0 0 1 5 2 0 0 0 0 1 5 6 4 6 4 3 3 3 0
0 49 3 3 2 2 3 3 2 2 3 4 5 5 5 5 6 6 1 6 5 5 5 0 0 0 5 5 5 5 5 1 5 2 2 4 4 4 6 6 4 4 4 6 3 5 4 3 4 3 3
0 115 3 2 3 3 3 3 3 5 2 5 2 3 6 4 4 3 4 5 4 4 4 4 6 6 6 4 4 6 6 6 6 4 4 6 6 6 4 4 4 3 4 4 5 6 0 6 4 6 4 6 4 4 1 1 1 1 1 2 4 6 4 4 3 2 1 5 2 0 0 0 0 1 5 6 1 1 2 4 4 4 4 6 4 4 6 6 4 4 6 4 6 4 6 4 1 1 1 1 2 3 4 5 6 4 6 6 4 6 6 4 0 6 4 3 2
0 57 0 1 0 4 3 5 6 6 4 6 6 4 6 4 4 4 3 3 0 0 0 1 5 2 0 0 0 1 5 3 0 0 0 0 1 5 4 4 4 3 0 0 1 5 3 0 1 5 3 0 0 1 5 3 0 1 5
0 167 3 2 3 3 3 3 3 5 2 5 2 3 6 4 4 3 4 5 4 4 4 4 6 6 6 4 4 6 6 6 6 4 4 6 6 6 4 4 4 3 4 4 5 6 0 6 4 6 4 6 4 4 1 1 1 1 1 2 4 6 4 4 3 2 1 5 2 0 0 0 0 1 5 6 1 1 2 4 4 4 4 6 4 4 6 6 4 4 6 4 6 4 6 4 1 1 1 1 2 3 4 5 6 4 6 6 4 6 6 4 0 6 4 3 2 0 0 0 0 1 5 2 0 0 0 0 0 1 5 2 0 0 0 0 0 1 5 2 0 0 0 0 1 5 6 4 6 4 3 3 3 0 0 1 5 3 0 0 0 1 5 3 0 0 1 5 3
0 28 0 1 0 4 3 5 6 6 4 6 6 4 6 4 4 4 3 3 0 0 0 1 5 2 0 0 0 1
0 61 0 1 0 4 3 5 6 6 4 6 6 4 6 4 4 4 3 3 0 0 0 1 5 2 0 0 0 1 5 3 0 0 0 0 1 5 4 4 4 3 0 0 1 5 3 0 1 5 3 0 0 1 5 3 0 1 5 2 0 0 0
0 177 2 3 2 2 2 4 3 3 3 3 3 3 3 3 3 3 2 2 3 3 3 3 3 3 3 3 2 2 3 2 2 4 5 2 2 4 5 5 5 5 5 5 3 3 3 3 2 2 2 2 5 3 3 3 5 3 3 3 5 3 3 3 3 5 3 6 4 6 4 4 4 6 4 6 6 6 4 4 6 6 4 6 4 4 4 1 1 2 6 4 4 4 6 0 5 5 5 5 1 5 5 5 5 5 1 5 5 5 6 4 6 6 4 6 6 0 4 4 3 4 4 5 4 4 6 6 4 6 4 5 4 5 4 1 2 6 4 4 3 3 5 4 4 6 4 0 3 4 4 3 3 5 6 3 3 4 3 0 0 0 0 0 1 5 4 4 4 3 0 0 1 5 2 0 0 1 5
0 112 5 5 3 3 3 3 3 3 3 3 3 2 2 3 3 3 3 3 3 3 3 3 3 2 2 2 3 0 3 4 4 4 3 0 0 0 1 5 2 0 1 5 2 0 0 0 1 5 4 1 1 1 1 2 4 4 4 6 4 0 6 4 6 4 2 6 4 4 3 3 2 3 6 6 2 2 4 3 4 3 3 5 3 6 6 6 4 6 4 6 4 2 2 6 4 2 0 6 4 6 4 3 3 3 4 3 0 0 0 0 1 5
0 40 2 2 3 3 2 4 2 2 2 3 2 4 5 1 0 0 0 4 6 6 0 0 4 4 4 6 6 4 6 6 4 4 4 2 0 1 5 3 0 1
0 104 3 3 3 2 4 2 2 2 3 2 2 4 3 2 2 0 1 5 5 5 5 5 5 5 6 1 6 1 1 5 5 5 0 4 6 6 6 3 3 0 0 0 1 5 2 1 5 4 4 3 4 4 4 5 4 4 6 4 6 6 3 4 3 3 3 5 4 6 6 4 3 4 4 3 5 6 0 0 6 4 6 4 6 4 3 3 4 4 3 2 3 6 6 4 4 6 4 4 6 4 6 4 2 3
0 61 4 3 3 2 2 2 5 3 3 3 3 3 3 3 5 5 3 5 2 5 4 3 3 3 3 3 3 5 5 3 3 3 5 0 0 0 0 6 4 6 4 6 4 6 4 6 4 4 4 3 0 1 5 2 1 5 3 0 1 5 2
0 130 5 5 3 3 3 3 3 3 3 3 3 2 2 3 3 3 3 3 3 3 3 3 3 2 2 2 3 0 3 4 4 4 3 0 0 0 1 5 2 0 1 5 2 0 0 0 1 5 4 1 1 1 1 2 4 4 4 6 4 0 6 4 6 4 2 6 4 4 3 3 2 3 6 6 2 2 4 3 4 3 3 5 3 6 6 6 4 6 4 6 4 2 2 6 4 2 0 6 4 6 4 3 3 3 4 3 0 0 0 0 1 5 3 0 1 5 3 0 0 0 0 1 5 3 0 0 0 0 0 1
0 64 3 5 5 3 3 3 3 3 3 3 3 3 2 5 2 2 2 5 2 3 3 3 3 3 3 3 3 3 3 3 3 3 3 3 3 3 3 3 5 4 3 3 2 2 3 5 5 5 5 1 5 5 5 5 0 4 4 6 6 6 6 4 4 3
0 46 0 1 0 4 3 5 6 6 4 6 6 4 6 4 4 4 3 3 0 0 0 1 5 2 0 0 0 1 5 3 0 0 0 0 1 5 4 4 4 3 0 0 1 5 3 0
0 19 3 5 5 5 2 2 2 2 3 3 3 2 4 6 4 4 6 2 3
0 120 5 5 3 3 3 3 3 3 3 3 3 2 2 3 3 3 3 3 3 3 3 3 3 2 2 2 3 0 3 4 4 4 3 0 0 0 1 5 2 0 1 5 2 0 0 0 1 5 4 1 1 1 1 2 4 4 4 6 4 0 6 4 6 4 2 6 4 4 3 3 2 3 6 6 2 2 4 3 4 3 3 5 3 6 6 6 4 6 4 6 4 2 2 6 4 2 0 6 4 6 4 3 3 3 4 3 0 0 0 0 1 5 3 0 1 5 3 0 0 0
0 127 5 5 3 3 3 3 3 3 3 3 3 2 2 3 3 3 3 3 3 3 3 3 3 2 2 2 3 0 3 4 4 4 3 0 0 0 1 5 2 0 1 5 2 0 0 0 1 5 4 1 1 1 1 2 4 4 4 6 4 0 6 4 6 4 2 6 4 4 3 3 2 3 6 6 2 2 4 3 4 3 3 5 3 6 6 6 4 6 4 6 4 2 2 6 4 2 0 6 4 6 4 3 3 3 4 3 0 0 0 0 1 5 3 0 1 5 3 0 0 0 0 1 5 3 0 0 0
0 67 3 3 2 3 3 2 2 2 4 4 3 3 3 5 5 5 4 6 5 5 5 5 5 5 5 6 4 4 4 5 4 4 4 2 4 6 4 5 6 1 1 1 1 1 2 6 6 4 6 4 6 4 6 6 6 6 6 4 4 5 4 0 6 4 3 3 3
0 126 5 5 3 3 3 3 3 3 3 3 3 2 2 3 3 3 3 3 3 3 3 3 3 2 2 2 3 0 3 4 4 4 3 0 0 0 1 5 2 0 1 5 2 0 0 0 1 5 4 1 1 1 1 2 4 4 4 6 4 0 6 4 6 4 2 6 4 4 3 3 2 3 6 6 2 2 4 3 4 3 3 5 3 6 6 6 4 6 4 6 4 2 2 6 4 2 0 6 4 6 4 3 3 3 4 3 0 0 0 0 1 5 3 0 1 5 3 0 0 0 0 1 5 3 0 0
0 8 0 2 4 3 3 5 3 6
0 52 3 3 2 2 3 3 2 2 3 4 5 5 5 5 6 6 1 6 5 5 5 0 0 0 5 5 5 5 5 1 5 2 2 4 4 4 6 6 4 4 4 6 3 5 4 3 4 3 3 3 4 3
0 160 3 2 3 3 3 3 3 5 2 5 2 3 6 4 4 3 4 5 4 4 4 4 6 6 6 4 4 6 6 6 6 4 4 6 6 6 4 4 4 3 4 4 5 6 0 6 4 6 4 6 4 4 1 1 1 1 1 2 4 6 4 4 3 2 1 5 2 0 0 0 0 1 5 6 1 1 2 4 4 4 4 6 4 4 6 6 4 4 6 4 6 4 6 4 1 1 1 1 2 3 4 5 6 4 6 6 4 6 6 4 0 6 4 3 2 0 0 0 0 1 5 2 0 0 0 0 0 1 5 2 0 0 0 0 0 1 5 2 0 0 0 0 1 5 6 4 6 4 3 3 3 0 0 1 5 3 0 0 0 1
0 52 3 3 3 3 3 2 2 2 2 2 2 5 2 3 3 3 3 3 3 3 3 3 3 3 2 2 5 5 5 5 5 0 0 0 6 4 4 5 6 6 4 2 0 0 0 0 1 5 3 0 0 0
0 208 5 5 3 3 3 3 3 3 3 3 3 2 2 3 3 3 3 3 3 3 3 3 3 2 2 2 3 0 3 4 4 4 3 0 0 0 1 5 2 0 1 5 2 0 0 0 1 5 4 1 1 1 1 2 4 4 4 6 4 0 6 4 6 4 2 6 4 4 3 3 2 3 6 6 2 2 4 3 4 3 3 5 3 6 6 6 4 6 4 6 4 2 2 6 4 2 0 6 4 6 4 3 3 3 4 3 0 0 0 0 1 5 3 0 1 5 3 0 0 0 0 1 5 3 0 0 0 0 0 1 5 6 4 6 6 4 4 5 4 4 6 3 4 4 3 5 4 6 4 6 4 3 4 4 2 3 6 6 3 3 4 5 4 4 3 4 3 3 6 4 4 4 4 4 2 3 6 6 6 4 6 4 6 4 6 4 4 6 4 3 4 4 3 2 3 6 4 1 1 1 2 4 4 3 3 4 5 3
0 140 2 3 2 2 2 4 3 3 3 3 3 3 3 3 3 3 2 2 3 3 3 3 3 3 3 3 2 2 3 2 2 4 5 2 2 4 5 5 5 5 5 5 3 3 3 3 2 2 2 2 5 3 3 3 5 3 3 3 5 3 3 3 3 5 3 6 4 6 4 4 4 6 4 6 6 6 4 4 6 6 4 6 4 4 4 1 1 2 6 4 4 4 6 0 5 5 5 5 1 5 5 5 5 5 1 5 5 5 6 4 6 6 4 6 6 0 4 4 3 4 4 5 4 4 6 6 4 6 4 5 4 5 4 1 2 6 4 4 3 3
0 50 3 3 3 2 4 2 2 2 3 2 2 4 3 2 2 0 1 5 5 5 5 5 5 5 6 1 6 1 1 5 5 5 0 4 6 6 6 3 3 0 0 0 1 5 2 1 5 4 4 3
0 46 2 2 0 0 0 0 0 6 4 6 4 4 2 6 4 6 2 6 4 0 3 4 4 4 3 2 0 1 5 3 1 5 2 0 0 0 0 0 1 5 3 0 0 0 0 0
0 100 2 2 2 2 2 4 2 3 2 3 3 3 2 3 4 4 4 6 4 6 4 6 4 6 4 3 4 4 3 4 2 3 6 4 4 4 6 4 4 5 6 4 4 2 0 0 1 5 3 0 0 1 5 2 0 0 0 0 1 5 4 6 4 6 4 6 4 3 3 4 4 3 5 6 4 1 1 1 1 2 4 4 6 6 3 3 3 4 5 4 4 4 6 6 2 3 5 4 3 3
0 190 5 5 3 3 3 3 3 3 3 3 3 2 2 3 3 3 3 3 3 3 3 3 3 2 2 2 3 0 3 4 4 4 3 0 0 0 1 5 2 0 1 5 2 0 0 0 1 5 4 1 1 1 1 2 4 4 4 6 4 0 6 4 6 4 2 6 4 4 3 3 2 3 6 6 2 2 4 3 4 3 3 5 3 6 6 6 4 6 4 6 4 2 2 6 4 2 0 6 4 6 4 3 3 3 4 3 0 0 0 0 1 5 3 0 1 5 3 0 0 0 0 1 5 3 0 0 0 0 0 1 5 6 4 6 6 4 4 5 4 4 6 3 4 4 3 5 4 6 4 6 4 3 4 4 2 3 6 6 3 3 4 5 4 4 3 4 3 3 6 4 4 4 4 4 2 3 6 6 6 4 6 4 6 4 6 4 4 6 4 3
0 40 3 2 3 3 2 4 5 5 3 3 3 3 3 5 2 2 5 4 3 2 2 5 0 0 0 0 6 4 2 1 5 2 1 5 3 0 0 1 5 3
0 69 5 5 3 3 3 3 3 3 3 3 3 2 2 3 3 3 3 3 3 3 3 3 3 2 2 2 3 0 3 4 4 4 3 0 0 0 1 5 2 0 1 5 2 0 0 0 1 5 4 1 1 1 1 2 4 4 4 6 4 0 6 4 6 4 2 6 4 4 3
0 61 3 3 3 2 4 2 2 2 3 2 2 4 3 2 2 0 1 5 5 5 5 5 5 5 6 1 6 1 1 5 5 5 0 4 6 6 6 3 3 0 0 0 1 5 2 1 5 4 4 3 4 4 4 5 4 4 6 4 6 6 3
0 103 5 5 3 3 3 3 3 3 3 3 3 2 2 3 3 3 3 3 3 3 3 3 3 2 2 2 3 0 3 4 4 4 3 0 0 0 1 5 2 0 1 5 2 0 0 0 1 5 4 1 1 1 1 2 4 4 4 6 4 0 6 4 6 4 2 6 4 4 3 3 2 3 6 6 2 2 4 3 4 3 3 5 3 6 6 6 4 6 4 6 4 2 2 6 4 2 0 6 4 6 4 3 3
0 43 3 2 3 3 2 4 5 5 3 3 3 3 3 5 2 2 5 4 3 2 2 5 0 0 0 0 6 4 2 1 5 2 1 5 3 0 0 1 5 3 0 0 0
0 53 2 2 2 2 2 4 2 3 2 3 3 3 2 3 4 4 4 6 4 6 4 6 4 6 4 3 4 4 3 4 2 3 6 4 4 4 6 4 4 5 6 4 4 2 0 0 1 5 3 0 0 1 5
0 40 2 2 0 0 0 0 0 6 4 6 4 4 2 6 4 6 2 6 4 0 3 4 4 4 3 2 0 1 5 3 1 5 2 0 0 0 0 0 1 5
0 16 3 2 3 3 3 3 3 5 2 5 2 3 6 4 4 3
0 37 2 2 0 0 0 0 0 6 4 6 4 4 2 6 4 6 2 6 4 0 3 4 4 4 3 2 0 1 5 3 1 5 2 0 0 0 0
0 109 5 5 3 3 3 3 3 3 3 3 3 2 2 3 3 3 3 3 3 3 3 3 3 2 2 2 3 0 3 4 4 4 3 0 0 0 1 5 2 0 1 5 2 0 0 0 1 5 4 1 1 1 1 2 4 4 4 6 4 0 6 4 6 4 2 6 4 4 3 3 2 3 6 6 2 2 4 3 4 3 3 5 3 6 6 6 4 6 4 6 4 2 2 6 4 2 0 6 4 6 4 3 3 3 4 3 0 0 0
0 56 3 3 3 3 3 3 5 3 3 3 3 2 3 3 3 3 2 5 2 5 2 2 2 4 0 0 0 0 6 4 4 5 6 6 6 6 4 6 4 6 6 4 6 4 6 4 3 4 5 4 3 3 3 5 3 6
0 121 5 5 3 3 3 3 3 3 3 3 3 2 2 3 3 3 3 3 3 3 3 3 3 2 2 2 3 0 3 4 4 4 3 0 0 0 1 5 2 0 1 5 2 0 0 0 1 5 4 1 1 1 1 2 4 4 4 6 4 0 6 4 6 4 2 6 4 4 3 3 2 3 6 6 2 2 4 3 4 3 3 5 3 6 6 6 4 6 4 6 4 2 2 6 4 2 0 6 4 6 4 3 3 3 4 3 0 0 0 0 1 5 3 0 1 5 3 0 0 0 0
0 174 2 3 2 2 2 4 3 3 3 3 3 3 3 3 3 3 2 2 3 3 3 3 3 3 3 3 2 2 3 2 2 4 5 2 2 4 5 5 5 5 5 5 3 3 3 3 2 2 2 2 5 3 3 3 5 3 3 3 5 3 3 3 3 5 3 6 4 6 4 4 4 6 4 6 6 6 4 4 6 6 4 6 4 4 4 1 1 2 6 4 4 4 6 0 5 5 5 5 1 5 5 5 5 5 1 5 5 5 6 4 6 6 4 6 6 0 4 4 3 4 4 5 4 4 6 6 4 6 4 5 4 5 4 1 2 6 4 4 3 3 5 4 4 6 4 0 3 4 4 3 3 5 6 3 3 4 3 0 0 0 0 0 1 5 4 4 4 3 0 0 1 5 2 0
0 150 3 2 3 3 3 3 3 5 2 5 2 3 6 4 4 3 4 5 4 4 4 4 6 6 6 4 4 6 6 6 6 4 4 6 6 6 4 4 4 3 4 4 5 6 0 6 4 6 4 6 4 4 1 1 1 1 1 2 4 6 4 4 3 2 1 5 2 0 0 0 0 1 5 6 1 1 2 4 4 4 4 6 4 4 6 6 4 4 6 4 6 4 6 4 1 1 1 1 2 3 4 5 6 4 6 6 4 6 6 4 0 6 4 3 2 0 0 0 0 1 5 2 0 0 0 0 0 1 5 2 0 0 0 0 0 1 5 2 0 0 0 0 1 5 6 4 6 4 3 3
0 167 5 5 3 3 3 3 3 3 3 3 3 2 2 3 3 3 3 3 3 3 3 3 3 2 2 2 3 0 3 4 4 4 3 0 0 0 1 5 2 0 1 5 2 0 0 0 1 5 4 1 1 1 1 2 4 4 4 6 4 0 6 4 6 4 2 6 4 4 3 3 2 3 6 6 2 2 4 3 4 3 3 5 3 6 6 6 4 6 4 6 4 2 2 6 4 2 0 6 4 6 4 3 3 3 4 3 0 0 0 0 1 5 3 0 1 5 3 0 0 0 0 1 5 3 0 0 0 0 0 1 5 6 4 6 6 4 4 5 4 4 6 3 4 4 3 5 4 6 4 6 4 3 4 4 2 3 6 6 3 3 4 5 4 4 3 4 3
0 39 2 2 0 0 0 0 0 6 4 6 4 4 2 6 4 6 2 6 4 0 3 4 4 4 3 2 0 1 5 3 1 5 2 0 0 0 0 0 1
0 114 5 5 3 3 3 3 3 3 3 3 3 2 2 3 3 3 3 3 3 3 3 3 3 2 2 2 3 0 3 4 4 4 3 0 0 0 1 5 2 0 1 5 2 0 0 0 1 5 4 1 1 1 1 2 4 4 4 6 4 0 6 4 6 4 2 6 4 4 3 3 2 3 6 6 2 2 4 3 4 3 3 5 3 6 6 6 4 6 4 6 4 2 2 6 4 2 0 6 4 6 4 3 3 3 4 3 0 0 0 0 1 5 3 0
0 202 2 2 2 2 2 4 2 3 2 3 3 3 2 3 4 4 4 6 4 6 4 6 4 6 4 3 4 4 3 4 2 3 6 4 4 4 6 4 4 5 6 4 4 2 0 0 1 5 3 0 0 1 5 2 0 0 0 0 1 5 4 6 4 6 4 6 4 3 3 4 4 3 5 6 4 1 1 1 1 2 4 4 6 6 3 3 3 4 5 4 4 4 6 6 2 3 5 4 3 3 4 4 4 5 4 4 6 6 4 4 6 6 4 1 1 1 2 6 6 6 4 6 6 6 4 6 4 1 1 1 1 1 2 4 6 4 6 4 6 4 4 0 6 4 4 6 6 3 4 4 5 4 0 6 4 0 0 4 4 4 6 4 5 4 6 4 4 6 4 0 3 4 3 3 5 6 2 4 6 6 6 6 4 2 3 5 6 6 4 6 4 4 4 3 4 4 3 3 1 5 3 1
0 51 2 2 2 2 2 4 2 3 2 3 3 3 2 3 4 4 4 6 4 6 4 6 4 6 4 3 4 4 3 4 2 3 6 4 4 4 6 4 4 5 6 4 4 2 0 0 1 5 3 0 0
0 110 3 3 3 2 4 2 2 2 3 2 2 4 3 2 2 0 1 5 5 5 5 5 5 5 6 1 6 1 1 5 5 5 0 4 6 6 6 3 3 0 0 0 1 5 2 1 5 4 4 3 4 4 4 5 4 4 6 4 6 6 3 4 3 3 3 5 4 6 6 4 3 4 4 3 5 6 0 0 6 4 6 4 6 4 3 3 4 4 3 2 3 6 6 4 4 6 4 4 6 4 6 4 2 3 4 5 4 4 4 3
0 168 5 5 3 3 3 3 3 3 3 3 3 2 2 3 3 3 3 3 3 3 3 3 3 2 2 2 3 0 3 4 4 4 3 0 0 0 1 5 2 0 1 5 2 0 0 0 1 5 4 1 1 1 1 2 4 4 4 6 4 0 6 4 6 4 2 6 4 4 3 3 2 3 6 6 2 2 4 3 4 3 3 5 3 6 6 6 4 6 4 6 4 2 2 6 4 2 0 6 4 6 4 3 3 3 4 3 0 0 0 0 1 5 3 0 1 5 3 0 0 0 0 1 5 3 0 0 0 0 0 1 5 6 4 6 6 4 4 5 4 4 6 3 4 4 3 5 4 6 4 6 4 3 4 4 2 3 6 6 3 3 4 5 4 4 3 4 3 3
0 86 3 3 3 2 4 2 2 2 3 2 2 4 3 2 2 0 1 5 5 5 5 5 5 5 6 1 6 1 1 5 5 5 0 4 6 6 6 3 3 0 0 0 1 5 2 1 5 4 4 3 4 4 4 5 4 4 6 4 6 6 3 4 3 3 3 5 4 6 6 4 3 4 4 3 5 6 0 0 6 4 6 4 6 4 3 3
0 127 3 3 3 2 4 2 2 2 3 2 2 4 3 2 2 0 1 5 5 5 5 5 5 5 6 1 6 1 1 5 5 5 0 4 6 6 6 3 3 0 0 0 1 5 2 1 5 4 4 3 4 4 4 5 4 4 6 4 6 6 3 4 3 3 3 5 4 6 6 4 3 4 4 3 5 6 0 0 6 4 6 4 6 4 3 3 4 4 3 2 3 6 6 4 4 6 4 4 6 4 6 4 2 3 4 5 4 4 4 3 4 5 6 3 3 4 4 3 3 0 0 0 1 5 3 0 1
0 195 5 5 3 3 3 3 3 3 3 3 3 2 2 3 3 3 3 3 3 3 3 3 3 2 2 2 3 0 3 4 4 4 3 0 0 0 1 5 2 0 1 5 2 0 0 0 1 5 4 1 1 1 1 2 4 4 4 6 4 0 6 4 6 4 2 6 4 4 3 3 2 3 6 6 2 2 4 3 4 3 3 5 3 6 6 6 4 6 4 6 4 2 2 6 4 2 0 6 4 6 4 3 3 3 4 3 0 0 0 0 1 5 3 0 1 5 3 0 0 0 0 1 5 3 0 0 0 0 0 1 5 6 4 6 6 4 4 5 4 4 6 3 4 4 3 5 4 6 4 6 4 3 4 4 2 3 6 6 3 3 4 5 4 4 3 4 3 3 6 4 4 4 4 4 2 3 6 6 6 4 6 4 6 4 6 4 4 6 4 3 4 4 3 2 3
0 29 2 2 2 2 2 4 2 3 2 3 3 3 2 3 4 4 4 6 4 6 4 6 4 6 4 3 4 4 3
0 69 2 2 2 2 2 4 2 3 2 3 3 3 2 3 4 4 4 6 4 6 4 6 4 6 4 3 4 4 3 4 2 3 6 4 4 4 6 4 4 5 6 4 4 2 0 0 1 5 3 0 0 1 5 2 0 0 0 0 1 5 4 6 4 6 4 6 4 3 3
0 99 2 2 2 2 2 4 2 3 2 3 3 3 2 3 4 4 4 6 4 6 4 6 4 6 4 3 4 4 3 4 2 3 6 4 4 4 6 4 4 5 6 4 4 2 0 0 1 5 3 0 0 1 5 2 0 0 0 0 1 5 4 6 4 6 4 6 4 3 3 4 4 3 5 6 4 1 1 1 1 2 4 4 6 6 3 3 3 4 5 4 4 4 6 6 2 3 5 4 3
0 67 3 5 5 3 3 3 3 3 3 3 3 3 2 5 2 2 2 5 2 3 3 3 3 3 3 3 3 3 3 3 3 3 3 3 3 3 3 3 5 4 3 3 2 2 3 5 5 5 5 1 5 5 5 5 0 4 4 6 6 6 6 4 4 3 5 3 6
0 46 3 3 3 2 4 2 2 2 3 2 2 4 3 2 2 0 1 5 5 5 5 5 5 5 6 1 6 1 1 5 5 5 0 4 6 6 6 3 3 0 0 0 1 5 2 1
0 160 5 5 3 3 3 3 3 3 3 3 3 2 2 3 3 3 3 3 3 3 3 3 3 2 2 2 3 0 3 4 4 4 3 0 0 0 1 5 2 0 1 5 2 0 0 0 1 5 4 1 1 1 1 2 4 4 4 6 4 0 6 4 6 4 2 6 4 4 3 3 2 3 6 6 2 2 4 3 4 3 3 5 3 6 6 6 4 6 4 6 4 2 2 6 4 2 0 6 4 6 4 3 3 3 4 3 0 0 0 0 1 5 3 0 1 5 3 0 0 0 0 1 5 3 0 0 0 0 0 1 5 6 4 6 6 4 4 5 4 4 6 3 4 4 3 5 4 6 4 6 4 3 4 4 2 3 6 6 3 3
0 57 2 2 2 2 2 4 2 3 2 3 3 3 2 3 4 4 4 6 4 6 4 6 4 6 4 3 4 4 3 4 2 3 6 4 4 4 6 4 4 5 6 4 4 2 0 0 1 5 3 0 0 1 5 2 0 0 0
0 128 3 3 3 2 4 2 2 2 3 2 2 4 3 2 2 0 1 5 5 5 5 5 5 5 6 1 6 1 1 5 5 5 0 4 6 6 6 3 3 0 0 0 1 5 2 1 5 4 4 3 4 4 4 5 4 4 6 4 6 6 3 4 3 3 3 5 4 6 6 4 3 4 4 3 5 6 0 0 6 4 6 4 6 4 3 3 4 4 3 2 3 6 6 4 4 6 4 4 6 4 6 4 2 3 4 5 4 4 4 3 4 5 6 3 3 4 4 3 3 0 0 0 1 5 3 0 1 5
0 85 2 2 2 2 2 4 2 3 2 3 3 3 2 3 4 4 4 6 4 6 4 6 4 6 4 3 4 4 3 4 2 3 6 4 4 4 6 4 4 5 6 4 4 2 0 0 1 5 3 0 0 1 5 2 0 0 0 0 1 5 4 6 4 6 4 6 4 3 3 4 4 3 5 6 4 1 1 1 1 2 4 4 6 6 3
0 125 3 2 3 3 3 3 3 5 2 5 2 3 6 4 4 3 4 5 4 4 4 4 6 6 6 4 4 6 6 6 6 4 4 6 6 6 4 4 4 3 4 4 5 6 0 6 4 6 4 6 4 4 1 1 1 1 1 2 4 6 4 4 3 2 1 5 2 0 0 0 0 1 5 6 1 1 2 4 4 4 4 6 4 4 6 6 4 4 6 4 6 4 6 4 1 1 1 1 2 3 4 5 6 4 6 6 4 6 6 4 0 6 4 3 2 0 0 0 0 1 5 2 0 0 0
0 185 2 2 2 2 2 4 2 3 2 3 3 3 2 3 4 4 4 6 4 6 4 6 4 6 4 3 4 4 3 4 2 3 6 4 4 4 6 4 4 5 6 4 4 2 0 0 1 5 3 0 0 1 5 2 0 0 0 0 1 5 4 6 4 6 4 6 4 3 3 4 4 3 5 6 4 1 1 1 1 2 4 4 6 6 3 3 3 4 5 4 4 4 6 6 2 3 5 4 3 3 4 4 4 5 4 4 6 6 4 4 6 6 4 1 1 1 2 6 6 6 4 6 6 6 4 6 4 1 1 1 1 1 2 4 6 4 6 4 6 4 4 0 6 4 4 6 6 3 4 4 5 4 0 6 4 0 0 4 4 4 6 4 5 4 6 4 4 6 4 0 3 4 3 3 5 6 2 4 6 6 6 6 4 2 3
0 146 5 5 3 3 3 3 3 3 3 3 3 2 2 3 3 3 3 3 3 3 3 3 3 2 2 2 3 0 3 4 4 4 3 0 0 0 1 5 2 0 1 5 2 0 0 0 1 5 4 1 1 1 1 2 4 4 4 6 4 0 6 4 6 4 2 6 4 4 3 3 2 3 6 6 2 2 4 3 4 3 3 5 3 6 6 6 4 6 4 6 4 2 2 6 4 2 0 6 4 6 4 3 3 3 4 3 0 0 0 0 1 5 3 0 1 5 3 0 0 0 0 1 5 3 0 0 0 0 0 1 5 6 4 6 6 4 4 5 4 4 6 3 4 4 3 5
0 41 2 2 3 3 2 4 2 2 2 3 2 4 5 1 0 0 0 4 6 6 0 0 4 4 4 6 6 4 6 6 4 4 4 2 0 1 5 3 0 1 5
0 158 3 2 3 3 3 3 3 5 2 5 2 3 6 4 4 3 4 5 4 4 4 4 6 6 6 4 4 6 6 6 6 4 4 6 6 6 4 4 4 3 4 4 5 6 0 6 4 6 4 6 4 4 1 1 1 1 1 2 4 6 4 4 3 2 1 5 2 0 0 0 0 1 5 6 1 1 2 4 4 4 4 6 4 4 6 6 4 4 6 4 6 4 6 4 1 1 1 1 2 3 4 5 6 4 6 6 4 6 6 4 0 6 4 3 2 0 0 0 0 1 5 2 0 0 0 0 0 1 5 2 0 0 0 0 0 1 5 2 0 0 0 0 1 5 6 4 6 4 3 3 3 0 0 1 5 3 0 0
0 132 3 2 3 3 3 3 3 5 2 5 2 3 6 4 4 3 4 5 4 4 4 4 6 6 6 4 4 6 6 6 6 4 4 6 6 6 4 4 4 3 4 4 5 6 0 6 4 6 4 6 4 4 1 1 1 1 1 2 4 6 4 4 3 2 1 5 2 0 0 0 0 1 5 6 1 1 2 4 4 4 4 6 4 4 6 6 4 4 6 4 6 4 6 4 1 1 1 1 2 3 4 5 6 4 6 6 4 6 6 4 0 6 4 3 2 0 0 0 0 1 5 2 0 0 0 0 0 1 5 2 0 0
0 54 4 3 3 2 2 2 5 3 3 3 3 3 3 3 5 5 3 5 2 5 4 3 3 3 3 3 3 5 5 3 3 3 5 0 0 0 0 6 4 6 4 6 4 6 4 6 4 4 4 3 0 1 5 2
0 49 3 3 2 2 2 4 3 2 3 2 3 4 2 3 2 2 4 2 4 3 4 5 4 4 6 2 3 6 6 1 2 4 4 6 4 4 6 4 4 4 6 6 4 6 4 3 4 4 3
0 86 3 3 2 3 3 2 2 2 4 4 3 3 3 5 5 5 4 6 5 5 5 5 5 5 5 6 4 4 4 5 4 4 4 2 4 6 4 5 6 1 1 1 1 1 2 6 6 4 6 4 6 4 6 6 6 6 6 4 4 5 4 0 6 4 3 3 3 4 2 3 6 4 4 4 6 4 4 6 3 3 3 4 3 2 0 1
0 98 3 3 2 3 3 2 2 2 4 4 3 3 3 5 5 5 4 6 5 5 5 5 5 5 5 6 4 4 4 5 4 4 4 2 4 6 4 5 6 1 1 1 1 1 2 6 6 4 6 4 6 4 6 6 6 6 6 4 4 5 4 0 6 4 3 3 3 4 2 3 6 4 4 4 6 4 4 6 3 3 3 4 3 2 0 1 5 2 0 1 5 3 1 5 3 0 0 0
0 82 5 5 3 3 3 3 3 3 3 3 3 2 2 3 3 3 3 3 3 3 3 3 3 2 2 2 3 0 3 4 4 4 3 0 0 0 1 5 2 0 1 5 2 0 0 0 1 5 4 1 1 1 1 2 4 4 4 6 4 0 6 4 6 4 2 6 4 4 3 3 2 3 6 6 2 2 4 3 4 3 3 5
0 135 3 2 3 3 3 3 3 5 2 5 2 3 6 4 4 3 4 5 4 4 4 4 6 6 6 4 4 6 6 6 6 4 4 6 6 6 4 4 4 3 4 4 5 6 0 6 4 6 4 6 4 4 1 1 1 1 1 2 4 6 4 4 3 2 1 5 2 0 0 0 0 1 5 6 1 1 2 4 4 4 4 6 4 4 6 6 4 4 6 4 6 4 6 4 1 1 1 1 2 3 4 5 6 4 6 6 4 6 6 4 0 6 4 3 2 0 0 0 0 1 5 2 0 0 0 0 0 1 5 2 0 0 0 0 0
0 145 5 5 3 3 3 3 3 3 3 3 3 2 2 3 3 3 3 3 3 3 3 3 3 2 2 2 3 0 3 4 4 4 3 0 0 0 1 5 2 0 1 5 2 0 0 0 1 5 4 1 1 1 1 2 4 4 4 6 4 0 6 4 6 4 2 6 4 4 3 3 2 3 6 6 2 2 4 3 4 3 3 5 3 6 6 6 4 6 4 6 4 2 2 6 4 2 0 6 4 6 4 3 3 3 4 3 0 0 0 0 1 5 3 0 1 5 3 0 0 0 0 1 5 3 0 0 0 0 0 1 5 6 4 6 6 4 4 5 4 4 6 3 4 4 3
0 51 3 4 2 3 3 5 3 3 3 3 3 5 5 5 3 3 3 3 5 5 4 0 0 0 4 5 4 3 4 4 4 4 2 1 5 2 1 5 6 2 2 2 6 4 4 4 4 4 3 3 2
0 70 3 2 3 3 2 4 5 5 3 3 3 3 3 5 2 2 5 4 3 2 2 5 0 0 0 0 6 4 2 1 5 2 1 5 3 0 0 1 5 3 0 0 0 0 1 5 6 6 4 1 1 1 1 1 2 4 4 1 1 1 1 1 2 4 3 4 3 0 0 1
0 126 3 2 3 3 3 3 3 5 2 5 2 3 6 4 4 3 4 5 4 4 4 4 6 6 6 4 4 6 6 6 6 4 4 6 6 6 4 4 4 3 4 4 5 6 0 6 4 6 4 6 4 4 1 1 1 1 1 2 4 6 4 4 3 2 1 5 2 0 0 0 0 1 5 6 1 1 2 4 4 4 4 6 4 4 6 6 4 4 6 4 6 4 6 4 1 1 1 1 2 3 4 5 6 4 6 6 4 6 6 4 0 6 4 3 2 0 0 0 0 1 5 2 0 0 0 0
0 126 3 3 3 2 4 2 2 2 3 2 2 4 3 2 2 0 1 5 5 5 5 5 5 5 6 1 6 1 1 5 5 5 0 4 6 6 6 3 3 0 0 0 1 5 2 1 5 4 4 3 4 4 4 5 4 4 6 4 6 6 3 4 3 3 3 5 4 6 6 4 3 4 4 3 5 6 0 0 6 4 6 4 6 4 3 3 4 4 3 2 3 6 6 4 4 6 4 4 6 4 6 4 2 3 4 5 4 4 4 3 4 5 6 3 3 4 4 3 3 0 0 0 1 5 3 0
0 66 3 2 3 3 3 3 3 5 2 5 2 3 6 4 4 3 4 5 4 4 4 4 6 6 6 4 4 6 6 6 6 4 4 6 6 6 4 4 4 3 4 4 5 6 0 6 4 6 4 6 4 4 1 1 1 1 1 2 4 6 4 4 3 2 1 5
0 4 0 2 4 3
0 44 2 2 0 0 0 0 0 6 4 6 4 4 2 6 4 6 2 6 4 0 3 4 4 4 3 2 0 1 5 3 1 5 2 0 0 0 0 0 1 5 3 0 0 0
0 181 2 3 2 2 2 4 3 3 3 3 3 3 3 3 3 3 2 2 3 3 3 3 3 3 3 3 2 2 3 2 2 4 5 2 2 4 5 5 5 5 5 5 3 3 3 3 2 2 2 2 5 3 3 3 5 3 3 3 5 3 3 3 3 5 3 6 4 6 4 4 4 6 4 6 6 6 4 4 6 6 4 6 4 4 4 1 1 2 6 4 4 4 6 0 5 5 5 5 1 5 5 5 5 5 1 5 5 5 6 4 6 6 4 6 6 0 4 4 3 4 4 5 4 4 6 6 4 6 4 5 4 5 4 1 2 6 4 4 3 3 5 4 4 6 4 0 3 4 4 3 3 5 6 3 3 4 3 0 0 0 0 0 1 5 4 4 4 3 0 0 1 5 2 0 0 1 5 2 0 1 5
0 149 3 2 3 3 3 3 3 5 2 5 2 3 6 4 4 3 4 5 4 4 4 4 6 6 6 4 4 6 6 6 6 4 4 6 6 6 4 4 4 3 4 4 5 6 0 6 4 6 4 6 4 4 1 1 1 1 1 2 4 6 4 4 3 2 1 5 2 0 0 0 0 1 5 6 1 1 2 4 4 4 4 6 4 4 6 6 4 4 6 4 6 4 6 4 1 1 1 1 2 3 4 5 6 4 6 6 4 6 6 4 0 6 4 3 2 0 0 0 0 1 5 2 0 0 0 0 0 1 5 2 0 0 0 0 0 1 5 2 0 0 0 0 1 5 6 4 6 4 3
0 118 5 5 3 3 3 3 3 3 3 3 3 2 2 3 3 3 3 3 3 3 3 3 3 2 2 2 3 0 3 4 4 4 3 0 0 0 1 5 2 0 1 5 2 0 0 0 1 5 4 1 1 1 1 2 4 4 4 6 4 0 6 4 6 4 2 6 4 4 3 3 2 3 6 6 2 2 4 3 4 3 3 5 3 6 6 6 4 6 4 6 4 2 2 6 4 2 0 6 4 6 4 3 3 3 4 3 0 0 0 0 1 5 3 0 1 5 3 0
0 41 5 2 2 3 3 3 5 5 5 5 4 3 4 4 2 2 3 6 4 6 4 6 4 2 4 6 4 4 6 6 4 6 4 6 4 6 4 6 6 4 3
0 142 5 5 3 3 3 3 3 3 3 3 3 2 2 3 3 3 3 3 3 3 3 3 3 2 2 2 3 0 3 4 4 4 3 0 0 0 1 5 2 0 1 5 2 0 0 0 1 5 4 1 1 1 1 2 4 4 4 6 4 0 6 4 6 4 2 6 4 4 3 3 2 3 6 6 2 2 4 3 4 3 3 5 3 6 6 6 4 6 4 6 4 2 2 6 4 2 0 6 4 6 4 3 3 3 4 3 0 0 0 0 1 5 3 0 1 5 3 0 0 0 0 1 5 3 0 0 0 0 0 1 5 6 4 6 6 4 4 5 4 4 6 3
0 55 2 2 2 2 2 4 2 3 2 3 3 3 2 3 4 4 4 6 4 6 4 6 4 6 4 3 4 4 3 4 2 3 6 4 4 4 6 4 4 5 6 4 4 2 0 0 1 5 3 0 0 1 5 2 0
0 45 3 3 3 2 4 2 2 2 3 2 2 4 3 2 2 0 1 5 5 5 5 5 5 5 6 1 6 1 1 5 5 5 0 4 6 6 6 3 3 0 0 0 1 5 2
0 131 3 2 3 3 3 3 3 5 2 5 2 3 6 4 4 3 4 5 4 4 4 4 6 6 6 4 4 6 6 6 6 4 4 6 6 6 4 4 4 3 4 4 5 6 0 6 4 6 4 6 4 4 1 1 1 1 1 2 4 6 4 4 3 2 1 5 2 0 0 0 0 1 5 6 1 1 2 4 4 4 4 6 4 4 6 6 4 4 6 4 6 4 6 4 1 1 1 1 2 3 4 5 6 4 6 6 4 6 6 4 0 6 4 3 2 0 0 0 0 1 5 2 0 0 0 0 0 1 5 2 0
0 66 3 3 3 2 4 2 2 2 3 2 2 4 3 2 2 0 1 5 5 5 5 5 5 5 6 1 6 1 1 5 5 5 0 4 6 6 6 3 3 0 0 0 1 5 2 1 5 4 4 3 4 4 4 5 4 4 6 4 6 6 3 4 3 3 3 5
0 50 2 2 2 2 2 4 2 3 2 3 3 3 2 3 4 4 4 6 4 6 4 6 4 6 4 3 4 4 3 4 2 3 6 4 4 4 6 4 4 5 6 4 4 2 0 0 1 5 3 0
0 100 3 2 3 3 3 3 3 5 2 5 2 3 6 4 4 3 4 5 4 4 4 4 6 6 6 4 4 6 6 6 6 4 4 6 6 6 4 4 4 3 4 4 5 6 0 6 4 6 4 6 4 4 1 1 1 1 1 2 4 6 4 4 3 2 1 5 2 0 0 0 0 1 5 6 1 1 2 4 4 4 4 6 4 4 6 6 4 4 6 4 6 4 6 4 1 1 1 1 2 3
0 66 3 5 5 3 3 3 3 3 3 3 3 3 2 5 2 2 2 5 2 3 3 3 3 3 3 3 3 3 3 3 3 3 3 3 3 3 3 3 5 4 3 3 2 2 3 5 5 5 5 1 5 5 5 5 0 4 4 6 6 6 6 4 4 3 5 3
0 47 3 3 3 2 4 2 2 2 3 2 2 4 3 2 2 0 1 5 5 5 5 5 5 5 6 1 6 1 1 5 5 5 0 4 6 6 6 3 3 0 0 0 1 5 2 1 5
0 117 5 5 3 3 3 3 3 3 3 3 3 2 2 3 3 3 3 3 3 3 3 3 3 2 2 2 3 0 3 4 4 4 3 0 0 0 1 5 2 0 1 5 2 0 0 0 1 5 4 1 1 1 1 2 4 4 4 6 4 0 6 4 6 4 2 6 4 4 3 3 2 3 6 6 2 2 4 3 4 3 3 5 3 6 6 6 4 6 4 6 4 2 2 6 4 2 0 6 4 6 4 3 3 3 4 3 0 0 0 0 1 5 3 0 1 5 3
0 68 3 2 3 3 2 4 5 5 3 3 3 3 3 5 2 2 5 4 3 2 2 5 0 0 0 0 6 4 2 1 5 2 1 5 3 0 0 1 5 3 0 0 0 0 1 5 6 6 4 1 1 1 1 1 2 4 4 1 1 1 1 1 2 4 3 4 3 0
0 58 3 3 3 3 3 2 2 2 2 2 2 5 2 3 3 3 3 3 3 3 3 3 3 3 2 2 5 5 5 5 5 0 0 0 6 4 4 5 6 6 4 2 0 0 0 0 1 5 3 0 0 0 0 0 1 5 3 0
0 55 2 2 0 0 0 0 0 6 4 6 4 4 2 6 4 6 2 6 4 0 3 4 4 4 3 2 0 1 5 3 1 5 2 0 0 0 0 0 1 5 3 0 0 0 0 0 1 5 2 0 0 0 0 0 1
0 53 3 3 2 2 3 3 2 2 3 4 5 5 5 5 6 6 1 6 5 5 5 0 0 0 5 5 5 5 5 1 5 2 2 4 4 4 6 6 4 4 4 6 3 5 4 3 4 3 3 3 4 3 3
0 60 0 1 0 4 3 5 6 6 4 6 6 4 6 4 4 4 3 3 0 0 0 1 5 2 0 0 0 1 5 3 0 0 0 0 1 5 4 4 4 3 0 0 1 5 3 0 1 5 3 0 0 1 5 3 0 1 5 2 0 0
0 171 3 2 3 3 3 3 3 5 2 5 2 3 6 4 4 3 4 5 4 4 4 4 6 6 6 4 4 6 6 6 6 4 4 6 6 6 4 4 4 3 4 4 5 6 0 6 4 6 4 6 4 4 1 1 1 1 1 2 4 6 4 4 3 2 1 5 2 0 0 0 0 1 5 6 1 1 2 4 4 4 4 6 4 4 6 6 4 4 6 4 6 4 6 4 1 1 1 1 2 3 4 5 6 4 6 6 4 6 6 4 0 6 4 3 2 0 0 0 0 1 5 2 0 0 0 0 0 1 5 2 0 0 0 0 0 1 5 2 0 0 0 0 1 5 6 4 6 4 3 3 3 0 0 1 5 3 0 0 0 1 5 3 0 0 1 5 3 0 0 0 0
0 97 3 3 2 3 3 2 2 2 4 4 3 3 3 5 5 5 4 6 5 5 5 5 5 5 5 6 4 4 4 5 4 4 4 2 4 6 4 5 6 1 1 1 1 1 2 6 6 4 6 4 6 4 6 6 6 6 6 4 4 5 4 0 6 4 3 3 3 4 2 3 6 4 4 4 6 4 4 6 3 3 3 4 3 2 0 1 5 2 0 1 5 3 1 5 3 0 0
0 40 3 3 3 2 4 2 2 2 3 2 2 4 3 2 2 0 1 5 5 5 5 5 5 5 6 1 6 1 1 5 5 5 0 4 6 6 6 3 3 0
0 60 3 3 3 3 3 2 2 2 2 2 2 5 2 3 3 3 3 3 3 3 3 3 3 3 2 2 5 5 5 5 5 0 0 0 6 4 4 5 6 6 4 2 0 0 0 0 1 5 3 0 0 0 0 0 1 5 3 0 0 0
0 71 3 2 3 3 2 4 5 5 3 3 3 3 3 5 2 2 5 4 3 2 2 5 0 0 0 0 6 4 2 1 5 2 1 5 3 0 0 1 5 3 0 0 0 0 1 5 6 6 4 1 1 1 1 1 2 4 4 1 1 1 1 1 2 4 3 4 3 0 0 1 5
0 110 5 5 3 3 3 3 3 3 3 3 3 2 2 3 3 3 3 3 3 3 3 3 3 2 2 2 3 0 3 4 4 4 3 0 0 0 1 5 2 0 1 5 2 0 0 0 1 5 4 1 1 1 1 2 4 4 4 6 4 0 6 4 6 4 2 6 4 4 3 3 2 3 6 6 2 2 4 3 4 3 3 5 3 6 6 6 4 6 4 6 4 2 2 6 4 2 0 6 4 6 4 3 3 3 4 3 0 0 0 0
0 63 3 3 3 3 3 2 2 2 2 2 2 5 2 3 3 3 3 3 3 3 3 3 3 3 2 2 5 5 5 5 5 0 0 0 6 4 4 5 6 6 4 2 0 0 0 0 1 5 3 0 0 0 0 0 1 5 3 0 0 0 0 1 5
0 53 0 0 4 6 4 4 4 6 6 6 4 6 4 4 4 4 6 6 4 3 5 6 4 6 4 6 4 2 6 4 6 4 6 6 4 6 4 4 1 1 1 2 6 4 4 4 3 3 5 6 4 3 5
0 119 3 2 3 3 3 3 3 5 2 5 2 3 6 4 4 3 4 5 4 4 4 4 6 6 6 4 4 6 6 6 6 4 4 6 6 6 4 4 4 3 4 4 5 6 0 6 4 6 4 6 4 4 1 1 1 1 1 2 4 6 4 4 3 2 1 5 2 0 0 0 0 1 5 6 1 1 2 4 4 4 4 6 4 4 6 6 4 4 6 4 6 4 6 4 1 1 1 1 2 3 4 5 6 4 6 6 4 6 6 4 0 6 4 3 2 0 0 0 0
0 54 3 3 3 3 3 2 2 2 2 2 2 5 2 3 3 3 3 3 3 3 3 3 3 3 2 2 5 5 5 5 5 0 0 0 6 4 4 5 6 6 4 2 0 0 0 0 1 5 3 0 0 0 0 0
0 61 3 3 3 3 3 2 2 2 2 2 2 5 2 3 3 3 3 3 3 3 3 3 3 3 2 2 5 5 5 5 5 0 0 0 6 4 4 5 6 6 4 2 0 0 0 0 1 5 3 0 0 0 0 0 1 5 3 0 0 0 0
0 122 5 5 3 3 3 3 3 3 3 3 3 2 2 3 3 3 3 3 3 3 3 3 3 2 2 2 3 0 3 4 4 4 3 0 0 0 1 5 2 0 1 5 2 0 0 0 1 5 4 1 1 1 1 2 4 4 4 6 4 0 6 4 6 4 2 6 4 4 3 3 2 3 6 6 2 2 4 3 4 3 3 5 3 6 6 6 4 6 4 6 4 2 2 6 4 2 0 6 4 6 4 3 3 3 4 3 0 0 0 0 1 5 3 0 1 5 3 0 0 0 0 1
0 55 3 3 2 2 3 2 2 2 2 3 2 4 2 3 2 2 3 6 4 4 4 6 2 4 6 6 4 4 6 4 2 3 6 4 4 3 3 5 6 3 3 3 4 5 6 6 4 4 4 6 4 2 3 4 3
0 69 3 3 3 3 3 2 2 2 2 2 2 5 2 3 3 3 3 3 3 3 3 3 3 3 2 2 5 5 5 5 5 0 0 0 6 4 4 5 6 6 4 2 0 0 0 0 1 5 3 0 0 0 0 0 1 5 3 0 0 0 0 1 5 2 0 0 0 1 5
0 45 3 2 3 3 2 4 5 5 3 3 3 3 3 5 2 2 5 4 3 2 2 5 0 0 0 0 6 4 2 1 5 2 1 5 3 0 0 1 5 3 0 0 0 0 1
0 47 2 2 0 0 0 0 0 6 4 6 4 4 2 6 4 6 2 6 4 0 3 4 4 4 3 2 0 1 5 3 1 5 2 0 0 0 0 0 1 5 3 0 0 0 0 0 1
0 52 2 2 0 0 0 0 0 6 4 6 4 4 2 6 4 6 2 6 4 0 3 4 4 4 3 2 0 1 5 3 1 5 2 0 0 0 0 0 1 5 3 0 0 0 0 0 1 5 2 0 0 0
0 63 3 3 3 2 4 2 2 2 3 2 2 4 3 2 2 0 1 5 5 5 5 5 5 5 6 1 6 1 1 5 5 5 0 4 6 6 6 3 3 0 0 0 1 5 2 1 5 4 4 3 4 4 4 5 4 4 6 4 6 6 3 4 3
0 122 3 3 3 2 4 2 2 2 3 2 2 4 3 2 2 0 1 5 5 5 5 5 5 5 6 1 6 1 1 5 5 5 0 4 6 6 6 3 3 0 0 0 1 5 2 1 5 4 4 3 4 4 4 5 4 4 6 4 6 6 3 4 3 3 3 5 4 6 6 4 3 4 4 3 5 6 0 0 6 4 6 4 6 4 3 3 4 4 3 2 3 6 6 4 4 6 4 4 6 4 6 4 2 3 4 5 4 4 4 3 4 5 6 3 3 4 4 3 3 0 0 0
0 129 5 5 3 3 3 3 3 3 3 3 3 2 2 3 3 3 3 3 3 3 3 3 3 2 2 2 3 0 3 4 4 4 3 0 0 0 1 5 2 0 1 5 2 0 0 0 1 5 4 1 1 1 1 2 4 4 4 6 4 0 6 4 6 4 2 6 4 4 3 3 2 3 6 6 2 2 4 3 4 3 3 5 3 6 6 6 4 6 4 6 4 2 2 6 4 2 0 6 4 6 4 3 3 3 4 3 0 0 0 0 1 5 3 0 1 5 3 0 0 0 0 1 5 3 0 0 0 0 0
0 26 2 3 2 3 2 4 2 3 2 2 4 2 4 6 4 4 4 6 6 6 4 6 4 4 4 3
0 26 2 2 0 0 0 0 0 6 4 6 4 4 2 6 4 6 2 6 4 0 3 4 4 4 3 2
0 51 2 2 0 0 0 0 0 6 4 6 4 4 2 6 4 6 2 6 4 0 3 4 4 4 3 2 0 1 5 3 1 5 2 0 0 0 0 0 1 5 3 0 0 0 0 0 1 5 2 0 0
0 41 5 5 3 3 3 3 3 3 3 3 3 2 2 3 3 3 3 3 3 3 3 3 3 2 2 2 3 0 3 4 4 4 3 0 0 0 1 5 2 0 1
0 53 3 3 3 3 3 2 2 2 2 2 2 5 2 3 3 3 3 3 3 3 3 3 3 3 2 2 5 5 5 5 5 0 0 0 6 4 4 5 6 6 4 2 0 0 0 0 1 5 3 0 0 0 0
0 67 3 2 3 3 2 4 5 5 3 3 3 3 3 5 2 2 5 4 3 2 2 5 0 0 0 0 6 4 2 1 5 2 1 5 3 0 0 1 5 3 0 0 0 0 1 5 6 6 4 1 1 1 1 1 2 4 4 1 1 1 1 1 2 4 3 4 3
0 58 4 3 3 2 2 2 5 3 3 3 3 3 3 3 5 5 3 5 2 5 4 3 3 3 3 3 3 5 5 3 3 3 5 0 0 0 0 6 4 6 4 6 4 6 4 6 4 4 4 3 0 1 5 2 1 5 3 0
0 115 5 5 3 3 3 3 3 3 3 3 3 2 2 3 3 3 3 3 3 3 3 3 3 2 2 2 3 0 3 4 4 4 3 0 0 0 1 5 2 0 1 5 2 0 0 0 1 5 4 1 1 1 1 2 4 4 4 6 4 0 6 4 6 4 2 6 4 4 3 3 2 3 6 6 2 2 4 3 4 3 3 5 3 6 6 6 4 6 4 6 4 2 2 6 4 2 0 6 4 6 4 3 3 3 4 3 0 0 0 0 1 5 3 0 1
0 107 5 5 3 3 3 3 3 3 3 3 3 2 2 3 3 3 3 3 3 3 3 3 3 2 2 2 3 0 3 4 4 4 3 0 0 0 1 5 2 0 1 5 2 0 0 0 1 5 4 1 1 1 1 2 4 4 4 6 4 0 6 4 6 4 2 6 4 4 3 3 2 3 6 6 2 2 4 3 4 3 3 5 3 6 6 6 4 6 4 6 4 2 2 6 4 2 0 6 4 6 4 3 3 3 4 3 0
0 96 3 3 2 3 3 2 2 2 4 4 3 3 3 5 5 5 4 6 5 5 5 5 5 5 5 6 4 4 4 5 4 4 4 2 4 6 4 5 6 1 1 1 1 1 2 6 6 4 6 4 6 4 6 6 6 6 6 4 4 5 4 0 6 4 3 3 3 4 2 3 6 4 4 4 6 4 4 6 3 3 3 4 3 2 0 1 5 2 0 1 5 3 1 5 3 0
0 68 3 2 3 3 3 3 3 5 2 5 2 3 6 4 4 3 4 5 4 4 4 4 6 6 6 4 4 6 6 6 6 4 4 6 6 6 4 4 4 3 4 4 5 6 0 6 4 6 4 6 4 4 1 1 1 1 1 2 4 6 4 4 3 2 1 5 2 0
0 121 3 3 3 2 4 2 2 2 3 2 2 4 3 2 2 0 1 5 5 5 5 5 5 5 6 1 6 1 1 5 5 5 0 4 6 6 6 3 3 0 0 0 1 5 2 1 5 4 4 3 4 4 4 5 4 4 6 4 6 6 3 4 3 3 3 5 4 6 6 4 3 4 4 3 5 6 0 0 6 4 6 4 6 4 3 3 4 4 3 2 3 6 6 4 4 6 4 4 6 4 6 4 2 3 4 5 4 4 4 3 4 5 6 3 3 4 4 3 3 0 0
0 116 3 2 3 3 3 3 3 5 2 5 2 3 6 4 4 3 4 5 4 4 4 4 6 6 6 4 4 6 6 6 6 4 4 6 6 6 4 4 4 3 4 4 5 6 0 6 4 6 4 6 4 4 1 1 1 1 1 2 4 6 4 4 3 2 1 5 2 0 0 0 0 1 5 6 1 1 2 4 4 4 4 6 4 4 6 6 4 4 6 4 6 4 6 4 1 1 1 1 2 3 4 5 6 4 6 6 4 6 6 4 0 6 4 3 2 0
0 150 2 3 2 2 2 4 3 3 3 3 3 3 3 3 3 3 2 2 3 3 3 3 3 3 3 3 2 2 3 2 2 4 5 2 2 4 5 5 5 5 5 5 3 3 3 3 2 2 2 2 5 3 3 3 5 3 3 3 5 3 3 3 3 5 3 6 4 6 4 4 4 6 4 6 6 6 4 4 6 6 4 6 4 4 4 1 1 2 6 4 4 4 6 0 5 5 5 5 1 5 5 5 5 5 1 5 5 5 6 4 6 6 4 6 6 0 4 4 3 4 4 5 4 4 6 6 4 6 4 5 4 5 4 1 2 6 4 4 3 3 5 4 4 6 4 0 3 4 4 3
0 46 3 3 2 2 3 3 2 2 3 4 5 5 5 5 6 6 1 6 5 5 5 0 0 0 5 5 5 5 5 1 5 2 2 4 4 4 6 6 4 4 4 6 3 5 4 3
0 96 2 2 2 2 2 4 2 3 2 3 3 3 2 3 4 4 4 6 4 6 4 6 4 6 4 3 4 4 3 4 2 3 6 4 4 4 6 4 4 5 6 4 4 2 0 0 1 5 3 0 0 1 5 2 0 0 0 0 1 5 4 6 4 6 4 6 4 3 3 4 4 3 5 6 4 1 1 1 1 2 4 4 6 6 3 3 3 4 5 4 4 4 6 6 2 3
0 81 3 3 2 3 3 2 2 2 4 4 3 3 3 5 5 5 4 6 5 5 5 5 5 5 5 6 4 4 4 5 4 4 4 2 4 6 4 5 6 1 1 1 1 1 2 6 6 4 6 4 6 4 6 6 6 6 6 4 4 5 4 0 6 4 3 3 3 4 2 3 6 4 4 4 6 4 4 6 3 3 3
0 23 0 1 0 4 3 5 6 6 4 6 6 4 6 4 4 4 3 3 0 0 0 1 5
0 30 2 2 0 0 0 0 0 6 4 6 4 4 2 6 4 6 2 6 4 0 3 4 4 4 3 2 0 1 5 3
0 154 3 2 3 3 3 3 3 5 2 5 2 3 6 4 4 3 4 5 4 4 4 4 6 6 6 4 4 6 6 6 6 4 4 6 6 6 4 4 4 3 4 4 5 6 0 6 4 6 4 6 4 4 1 1 1 1 1 2 4 6 4 4 3 2 1 5 2 0 0 0 0 1 5 6 1 1 2 4 4 4 4 6 4 4 6 6 4 4 6 4 6 4 6 4 1 1 1 1 2 3 4 5 6 4 6 6 4 6 6 4 0 6 4 3 2 0 0 0 0 1 5 2 0 0 0 0 0 1 5 2 0 0 0 0 0 1 5 2 0 0 0 0 1 5 6 4 6 4 3 3 3 0 0 1
0 41 2 4 4 6 4 6 6 4 4 4 6 1 2 5 3 6 6 6 4 0 5 5 5 5 5 0 0 0 0 6 4 6 6 2 4 6 4 3 4 3 5
0 194 2 2 2 2 2 4 2 3 2 3 3 3 2 3 4 4 4 6 4 6 4 6 4 6 4 3 4 4 3 4 2 3 6 4 4 4 6 4 4 5 6 4 4 2 0 0 1 5 3 0 0 1 5 2 0 0 0 0 1 5 4 6 4 6 4 6 4 3 3 4 4 3 5 6 4 1 1 1 1 2 4 4 6 6 3 3 3 4 5 4 4 4 6 6 2 3 5 4 3 3 4 4 4 5 4 4 6 6 4 4 6 6 4 1 1 1 2 6 6 6 4 6 6 6 4 6 4 1 1 1 1 1 2 4 6 4 6 4 6 4 4 0 6 4 4 6 6 3 4 4 5 4 0 6 4 0 0 4 4 4 6 4 5 4 6 4 4 6 4 0 3 4 3 3 5 6 2 4 6 6 6 6 4 2 3 5 6 6 4 6 4 4 4 3
0 56 3 3 3 3 3 2 2 2 2 2 2 5 2 3 3 3 3 3 3 3 3 3 3 3 2 2 5 5 5 5 5 0 0 0 6 4 4 5 6 6 4 2 0 0 0 0 1 5 3 0 0 0 0 0 1 5
0 90 3 3 2 3 3 2 2 2 4 4 3 3 3 5 5 5 4 6 5 5 5 5 5 5 5 6 4 4 4 5 4 4 4 2 4 6 4 5 6 1 1 1 1 1 2 6 6 4 6 4 6 4 6 6 6 6 6 4 4 5 4 0 6 4 3 3 3 4 2 3 6 4 4 4 6 4 4 6 3 3 3 4 3 2 0 1 5 2 0 1
0 53 0 1 0 4 3 5 6 6 4 6 6 4 6 4 4 4 3 3 0 0 0 1 5 2 0 0 0 1 5 3 0 0 0 0 1 5 4 4 4 3 0 0 1 5 3 0 1 5 3 0 0 1 5
0 157 2 3 2 2 2 4 3 3 3 3 3 3 3 3 3 3 2 2 3 3 3 3 3 3 3 3 2 2 3 2 2 4 5 2 2 4 5 5 5 5 5 5 3 3 3 3 2 2 2 2 5 3 3 3 5 3 3 3 5 3 3 3 3 5 3 6 4 6 4 4 4 6 4 6 6 6 4 4 6 6 4 6 4 4 4 1 1 2 6 4 4 4 6 0 5 5 5 5 1 5 5 5 5 5 1 5 5 5 6 4 6 6 4 6 6 0 4 4 3 4 4 5 4 4 6 6 4 6 4 5 4 5 4 1 2 6 4 4 3 3 5 4 4 6 4 0 3 4 4 3 3 5 6 3 3 4 3
0 35 3 2 3 3 2 4 5 5 3 3 3 3 3 5 2 2 5 4 3 2 2 5 0 0 0 0 6 4 2 1 5 2 1 5 3
0 41 3 2 3 3 2 4 5 5 3 3 3 3 3 5 2 2 5 4 3 2 2 5 0 0 0 0 6 4 2 1 5 2 1 5 3 0 0 1 5 3 0
0 34 2 3 2 3 2 4 2 3 2 2 4 2 4 6 4 4 4 6 6 6 4 6 4 4 4 3 5 6 6 6 4 4 3 2
0 64 4 3 3 2 2 2 5 3 3 3 3 3 3 3 5 5 3 5 2 5 4 3 3 3 3 3 3 5 5 3 3 3 5 0 0 0 0 6 4 6 4 6 4 6 4 6 4 4 4 3 0 1 5 2 1 5 3 0 1 5 2 0 0 0
0 57 3 3 3 3 3 2 2 2 2 2 2 5 2 3 3 3 3 3 3 3 3 3 3 3 2 2 5 5 5 5 5 0 0 0 6 4 4 5 6 6 4 2 0 0 0 0 1 5 3 0 0 0 0 0 1 5 3
0 5 0 2 4 3 3
0 56 4 3 3 2 2 2 5 3 3 3 3 3 3 3 5 5 3 5 2 5 4 3 3 3 3 3 3 5 5 3 3 3 5 0 0 0 0 6 4 6 4 6 4 6 4 6 4 4 4 3 0 1 5 2 1 5
0 40 3 3 2 2 3 2 2 2 2 3 2 4 2 3 2 2 3 6 4 4 4 6 2 4 6 6 4 4 6 4 2 3 6 4 4 3 3 5 6 3
0 65 3 2 3 3 3 3 3 5 2 5 2 3 6 4 4 3 4 5 4 4 4 4 6 6 6 4 4 6 6 6 6 4 4 6 6 6 4 4 4 3 4 4 5 6 0 6 4 6 4 6 4 4 1 1 1 1 1 2 4 6 4 4 3 2 1
0 141 2 3 2 2 2 4 3 3 3 3 3 3 3 3 3 3 2 2 3 3 3 3 3 3 3 3 2 2 3 2 2 4 5 2 2 4 5 5 5 5 5 5 3 3 3 3 2 2 2 2 5 3 3 3 5 3 3 3 5 3 3 3 3 5 3 6 4 6 4 4 4 6 4 6 6 6 4 4 6 6 4 6 4 4 4 1 1 2 6 4 4 4 6 0 5 5 5 5 1 5 5 5 5 5 1 5 5 5 6 4 6 6 4 6 6 0 4 4 3 4 4 5 4 4 6 6 4 6 4 5 4 5 4 1 2 6 4 4 3 3 5
0 11 3 2 3 2 0 0 0 6 4 3 3
0 63 0 1 0 4 3 5 6 6 4 6 6 4 6 4 4 4 3 3 0 0 0 1 5 2 0 0 0 1 5 3 0 0 0 0 1 5 4 4 4 3 0 0 1 5 3 0 1 5 3 0 0 1 5 3 0 1 5 2 0 0 0 1 5
0 84 5 5 3 3 3 3 3 3 3 3 3 2 2 3 3 3 3 3 3 3 3 3 3 2 2 2 3 0 3 4 4 4 3 0 0 0 1 5 2 0 1 5 2 0 0 0 1 5 4 1 1 1 1 2 4 4 4 6 4 0 6 4 6 4 2 6 4 4 3 3 2 3 6 6 2 2 4 3 4 3 3 5 3 6
0 71 3 2 3 3 3 3 3 5 2 5 2 3 6 4 4 3 4 5 4 4 4 4 6 6 6 4 4 6 6 6 6 4 4 6 6 6 4 4 4 3 4 4 5 6 0 6 4 6 4 6 4 4 1 1 1 1 1 2 4 6 4 4 3 2 1 5 2 0 0 0 0
0 65 3 3 2 3 3 2 2 2 4 4 3 3 3 5 5 5 4 6 5 5 5 5 5 5 5 6 4 4 4 5 4 4 4 2 4 6 4 5 6 1 1 1 1 1 2 6 6 4 6 4 6 4 6 6 6 6 6 4 4 5 4 0 6 4 3
0 48 2 2 0 0 0 0 0 6 4 6 4 4 2 6 4 6 2 6 4 0 3 4 4 4 3 2 0 1 5 3 1 5 2 0 0 0 0 0 1 5 3 0 0 0 0 0 1 5
0 52 3 3 3 3 3 3 5 3 3 3 3 2 3 3 3 3 2 5 2 5 2 2 2 4 0 0 0 0 6 4 4 5 6 6 6 6 4 6 4 6 6 4 6 4 6 4 3 4 5 4 3 3
