988 7
1 99 6 3 3 1 3 1 1 3 1 3 1 3 1 6 3 6 3 6 3 6 4 0 3 0 1 0 3 3 3 3 3 3 3 3 3 3 3 0 4 4 4 6 4 6 6 1 6 0 2 0 2 0 0 5 6 6 6 6 6 3 3 5 6 5 5 2 5 2 5 2 5 2 5 2 4 4 4 4 4 3 5 2 5 2 5 2 5 2 5 2 3 1 1 1 1 1 5 5 4
1 66 0 0 0 2 0 2 0 2 0 0 0 6 3 3 1 3 1 1 3 1 1 3 1 1 3 1 1 5 3 3 3 3 3 3 3 3 3 3 0 0 2 0 2 0 2 5 6 3 3 3 3 4 5 5 5 5 4 5 5 4 5 5 4 5 5 4
1 33 6 3 3 1 1 3 1 3 1 1 5 3 3 3 3 0 5 4 5 4 5 5 5 4 5 5 5 5 5 4 5 5 4
1 7 5 4 5 4 5 5 4
1 27 6 3 3 1 3 1 1 3 1 3 1 1 3 1 1 5 3 3 3 3 3 3 5 5 5 5 4
1 52 5 5 5 3 3 3 3 3 3 3 3 5 3 3 3 4 4 3 5 3 3 3 3 3 3 3 3 0 5 3 3 3 3 3 3 3 3 5 5 5 4 5 5 5 4 5 5 5 4 5 5 4
1 115 0 2 5 0 3 5 1 1 1 1 1 4 0 3 0 1 0 4 6 4 6 6 3 5 4 6 4 6 6 3 4 4 0 3 5 1 2 5 0 3 0 1 4 0 3 0 1 6 3 3 1 1 3 1 3 1 3 1 4 1 4 0 2 0 2 0 2 6 6 5 5 6 0 0 2 0 2 0 0 2 0 2 0 2 0 2 0 3 3 3 3 0 0 0 2 0 2 3 3 6 5 5 5 5 5 4 5 4 5 5 5 5 5 4 4
1 49 6 3 3 1 3 1 1 3 1 1 5 5 5 2 5 2 3 5 5 3 3 3 3 6 3 3 1 3 3 3 0 3 3 3 3 3 4 5 5 4 5 5 5 4 4 5 5 5 4
1 100 5 2 4 4 4 3 6 3 4 6 3 6 3 4 6 4 6 4 6 4 1 1 1 1 1 2 5 0 3 5 1 4 6 6 3 6 3 6 3 4 6 3 3 1 3 1 1 3 1 1 3 1 1 1 1 6 5 2 5 2 5 2 3 5 5 5 3 3 3 3 3 3 0 5 3 3 3 3 3 3 3 3 5 5 5 5 4 5 5 5 4 5 5 5 4 5 5 5 5 4
1 77 6 3 3 1 1 3 3 3 3 3 3 3 3 3 3 3 0 2 0 0 6 6 3 3 3 3 5 5 5 5 4 4 4 1 1 4 1 6 6 6 1 4 1 0 3 3 3 3 3 3 3 6 3 3 1 3 1 3 1 3 1 3 1 1 1 1 6 5 5 5 4 5 5 5 5 5 4
1 91 5 5 4 4 4 4 3 5 2 5 2 5 2 5 2 4 4 4 4 4 3 5 2 5 2 5 2 5 2 3 0 2 0 2 0 2 0 2 0 2 0 6 0 0 0 3 5 6 3 5 3 0 0 2 3 6 6 5 5 3 3 3 3 0 3 5 5 5 5 2 5 2 5 2 5 2 5 2 4 4 4 3 1 1 6 6 3 3 1 1 4
1 35 0 3 0 1 1 6 0 0 5 3 3 5 2 5 2 3 5 5 3 3 4 5 5 5 4 5 5 5 4 4 5 5 5 5 4
1 35 6 3 3 1 1 3 1 3 1 1 3 1 0 1 1 1 1 1 1 1 1 1 5 5 5 4 5 4 4 5 5 5 5 5 4
1 28 5 5 2 5 2 5 2 5 2 3 5 2 5 2 3 5 5 3 3 3 3 5 5 5 5 5 4 4
1 48 5 2 5 2 5 2 5 2 4 4 3 5 1 4 6 4 4 4 6 0 3 3 3 3 3 0 4 6 4 6 4 6 6 3 6 6 3 3 1 5 4 5 5 4 5 4 5 4
1 4 5 5 5 4
1 28 0 1 1 6 6 3 3 1 1 3 1 1 3 1 3 1 3 3 3 3 3 3 3 5 5 5 5 4
1 52 6 3 3 1 1 3 1 3 1 1 3 1 1 3 1 0 3 3 3 3 3 3 3 3 3 3 3 0 1 1 6 0 4 4 0 2 0 2 0 2 0 2 5 5 4 5 5 5 4 5 5 4
1 2 4 4
1 58 0 0 2 0 2 0 2 0 2 0 0 4 4 4 4 4 1 4 0 3 3 3 3 3 0 6 3 4 6 4 6 6 3 6 3 6 4 2 5 0 3 5 1 4 6 4 6 4 6 4 6 4 6 5 1 1 1 1
1 3 5 5 4
1 39 0 3 3 3 3 3 3 3 0 5 0 3 3 3 6 3 3 1 3 1 1 3 1 3 1 1 3 1 1 1 5 5 5 4 5 5 5 5 4
1 56 0 1 1 6 0 3 3 3 6 3 3 1 1 3 1 3 1 1 3 1 1 1 1 1 6 3 4 6 4 6 6 3 4 6 4 0 4 6 6 4 6 6 0 2 0 3 3 3 0 2 0 2 0 2 0 2
1 60 6 3 3 1 1 3 1 3 1 3 1 3 1 3 3 3 3 3 3 3 3 3 5 5 5 5 2 5 2 3 6 3 3 1 3 1 1 5 3 3 0 3 3 3 3 3 3 3 3 3 3 3 5 5 5 5 4 5 5 4
1 23 0 0 3 3 3 3 3 5 5 1 1 6 5 4 5 4 5 5 5 5 4 5 4
1 10 6 3 3 1 1 5 4 5 5 4
1 40 6 3 3 1 1 3 1 3 1 1 3 1 1 5 3 3 3 3 3 3 5 5 2 5 2 5 2 5 2 4 4 4 4 3 5 5 5 5 5 4
1 6 5 5 5 5 5 4
1 40 5 5 5 2 5 2 3 1 1 6 4 4 4 3 5 2 5 2 4 4 4 4 3 3 5 5 4 5 5 4 5 5 5 5 4 5 5 5 5 4
1 42 0 3 3 3 3 3 5 2 5 2 5 2 5 2 4 3 3 5 5 6 3 3 1 1 3 1 1 5 5 5 5 4 5 5 4 5 5 5 4 4 5 4
1 83 6 3 3 1 3 1 3 1 3 1 1 3 1 1 6 3 3 1 3 1 1 3 1 0 2 0 0 0 0 3 5 3 5 5 5 5 6 5 3 3 5 5 5 3 6 5 6 6 0 2 0 2 0 2 0 0 0 0 0 3 3 3 3 3 6 3 3 1 3 1 3 1 1 3 1 1 3 1 3 0 1 1 6
1 18 0 5 3 3 3 3 3 3 0 5 3 3 0 5 5 5 5 4
1 122 0 5 3 3 3 3 0 5 5 3 3 3 3 1 6 6 4 4 0 2 3 5 5 3 6 3 3 0 0 2 0 2 0 2 0 2 5 0 5 3 3 3 3 5 2 5 2 5 2 5 2 4 4 4 4 4 3 5 5 5 2 5 2 5 2 5 2 5 2 3 5 2 5 2 4 4 4 4 3 3 3 3 3 3 3 3 5 2 5 2 5 2 5 2 5 2 4 3 5 2 5 2 3 5 2 5 2 5 2 5 2 3 5 5 5 5 4 5 5 5 5 4
1 46 0 5 3 3 3 3 3 3 3 3 3 3 6 3 5 3 3 3 3 3 3 3 3 5 5 5 5 4 5 5 5 5 4 5 5 5 5 5 4 5 5 4 5 5 5 4
1 38 6 3 3 1 3 1 1 5 6 3 3 1 1 1 1 6 0 3 3 3 3 3 3 3 0 5 5 5 5 4 5 5 5 4 5 5 5 4
1 16 5 5 5 2 5 2 3 3 3 3 3 3 3 3 3 3
1 30 6 3 3 1 3 1 1 3 1 1 3 1 1 5 3 3 3 3 3 3 3 3 3 3 5 5 5 5 4 4
1 34 6 3 5 3 3 3 3 3 3 3 3 0 3 0 1 1 6 0 1 1 6 5 5 5 5 5 4 5 4 5 4 5 5 4
1 80 5 2 5 2 4 4 3 5 2 5 2 5 2 3 5 0 2 0 2 0 2 0 2 0 2 3 6 6 6 5 6 3 5 5 6 0 2 0 2 0 2 0 2 0 2 0 3 0 3 6 6 6 3 0 3 6 5 6 6 5 6 0 5 4 5 5 5 5 5 4 5 5 5 5 5 4 5 5 5 4
1 57 6 3 6 3 6 3 6 3 4 6 4 6 4 4 6 4 5 2 5 2 5 2 5 2 5 2 3 3 5 6 6 3 6 3 3 3 6 6 6 0 5 6 3 5 5 5 5 6 6 5 5 5 4 5 4 5 4
1 6 3 5 5 5 3 3
1 38 0 5 3 3 3 3 3 3 3 3 3 3 0 1 4 4 4 1 4 4 4 1 6 3 3 1 3 1 1 3 1 1 3 1 1 1 1 6
1 58 6 3 3 3 3 3 3 3 3 3 3 0 1 1 4 4 4 4 6 1 6 6 0 2 0 2 6 3 3 1 3 1 3 1 1 3 1 1 3 1 3 3 3 3 3 3 3 5 5 5 5 4 5 5 4 5 5 4
1 58 0 5 3 3 0 5 3 3 3 3 3 3 3 3 6 3 3 3 3 3 3 3 3 3 3 5 2 5 2 5 2 5 2 3 5 5 3 3 3 3 3 3 3 3 3 3 3 4 5 5 4 5 5 4 5 5 5 4
1 12 5 5 5 4 5 4 5 5 5 5 5 4
1 26 6 3 1 1 6 0 0 5 3 5 2 5 2 5 2 5 2 5 2 3 5 3 3 5 5 4
1 81 4 3 5 2 4 4 4 4 4 3 5 5 5 3 3 3 3 0 3 0 1 0 2 0 2 0 2 0 2 0 6 5 3 3 4 4 6 4 6 3 3 1 3 1 1 3 1 3 1 1 5 3 3 3 3 3 3 3 3 3 3 0 6 3 4 6 4 6 4 6 4 6 4 4 0 3 5 1 6 3 5
1 15 5 5 5 5 5 4 5 5 5 5 5 4 5 5 4
1 10 0 3 3 3 3 3 3 3 3 3
1 57 0 3 3 3 3 3 0 5 0 3 3 3 0 0 2 3 6 5 6 6 5 5 6 1 6 4 6 3 3 1 1 3 1 1 3 1 1 3 1 3 1 1 3 3 3 3 3 3 3 4 5 4 4 5 5 4 4
1 18 4 5 5 5 5 5 4 5 5 5 5 5 4 5 4 5 5 4
1 10 0 3 3 3 5 5 5 5 5 4
1 4 5 4 4 4
1 7 5 5 5 4 5 5 4
1 10 0 3 3 3 3 3 0 0 5 0
1 64 5 5 5 3 4 4 0 3 5 1 4 6 4 6 4 6 5 6 3 5 0 5 3 3 3 3 5 5 2 5 2 4 4 3 1 1 6 4 3 5 5 6 3 3 1 3 1 3 1 3 1 1 5 3 3 3 3 5 5 5 5 4 4 4
1 36 6 3 3 1 3 1 3 1 1 3 1 1 3 1 4 5 5 4 5 5 5 5 5 4 4 5 5 5 5 5 4 5 5 5 5 4
1 19 6 3 3 3 3 3 3 3 3 5 5 5 4 5 5 5 5 5 4
1 3 4 5 4
1 43 0 3 6 3 3 1 1 3 1 3 3 3 3 3 3 3 3 3 0 5 3 3 3 3 3 3 5 5 5 4 5 5 5 4 5 5 5 5 5 4 5 5 4
1 64 0 3 6 3 3 1 3 1 3 1 1 3 1 4 6 6 3 6 3 4 6 4 6 4 1 1 6 3 4 6 4 6 5 4 6 6 3 4 6 4 6 4 6 4 0 3 3 3 3 3 3 3 3 3 3 3 5 4 5 5 4 5 5 4
1 10 5 5 5 4 5 5 5 5 4 4
1 86 5 5 5 5 2 5 2 5 2 5 2 5 2 3 5 2 4 4 4 3 3 3 3 3 3 0 3 3 3 3 3 3 3 0 5 3 3 3 3 3 3 6 3 3 1 3 1 3 1 3 1 1 3 1 1 0 2 0 2 0 2 0 2 0 2 6 4 1 1 1 4 4 6 4 0 3 3 3 3 3 3 3 3 3 3 3
1 96 0 3 3 3 3 3 3 3 5 5 2 5 2 5 2 3 5 2 3 5 5 2 5 2 3 5 3 3 5 5 2 3 5 5 2 5 2 5 2 5 2 5 2 3 2 5 0 3 0 1 4 6 6 3 4 6 4 6 3 4 6 6 3 6 4 6 6 3 6 3 6 0 0 2 0 2 0 2 5 5 5 5 4 5 5 5 4 5 5 5 4 5 4 5 5 4
1 58 0 4 0 2 0 2 3 3 3 0 0 0 2 0 2 0 2 0 2 0 2 0 6 5 6 6 3 3 0 5 5 6 6 3 6 6 3 3 0 2 0 2 0 5 5 5 5 5 6 5 3 5 3 3 5 6 5 3
1 54 0 5 3 3 3 3 3 3 3 3 3 3 1 1 6 6 3 3 3 3 3 3 3 3 0 5 0 0 2 0 2 0 2 0 2 0 2 5 6 6 3 3 6 6 6 3 5 4 5 5 5 5 5 4
1 1 4
1 39 0 5 3 3 3 3 3 3 3 3 3 3 0 5 3 3 3 3 3 3 3 3 0 1 1 1 1 1 4 0 3 5 1 6 3 3 1 1 5
1 33 0 1 1 6 5 3 0 2 0 2 0 2 0 2 0 2 5 6 5 6 3 5 4 4 5 5 5 4 5 5 5 5 4
1 19 0 5 3 3 3 3 0 3 3 3 3 3 5 5 5 5 4 5 4
1 23 0 1 1 1 2 5 0 3 0 1 4 0 3 5 1 4 4 5 5 5 5 5 4
1 54 0 3 3 3 3 3 3 3 3 3 6 3 3 1 3 1 1 3 1 1 3 1 5 3 3 6 3 3 1 3 1 1 3 1 1 5 3 3 3 3 3 3 3 4 5 5 5 5 5 4 5 5 4 4
1 30 5 5 2 5 2 5 2 4 4 3 5 3 0 2 0 2 0 2 0 2 3 0 3 3 3 3 3 3 3 4
1 47 6 3 3 1 3 1 3 1 1 3 1 1 3 1 5 0 3 3 3 3 3 3 3 3 3 0 6 4 0 2 0 2 5 4 5 5 5 5 4 5 5 5 5 4 5 5 4
1 41 0 1 1 6 0 5 3 3 3 3 3 3 3 3 0 3 3 3 5 3 5 0 0 2 0 2 0 2 0 2 0 2 0 0 0 3 3 0 2 4 4
1 55 0 1 1 6 5 2 5 2 5 2 4 4 4 3 3 5 5 2 5 2 3 5 2 5 2 5 2 5 2 5 2 3 3 3 3 3 3 0 3 3 3 3 3 3 3 0 5 3 3 3 3 3 3 3 3
1 16 0 1 1 6 0 5 3 3 3 3 3 3 3 3 3 3
0 48 5 5 5 2 5 2 4 3 5 5 6 4 6 1 4 1 4 6 4 1 0 0 0 5 6 5 5 5 3 5 2 5 2 5 2 5 2 5 2 4 4 4 4 3 5 5 2 5
0 59 5 5 2 5 2 5 2 5 2 5 2 4 4 4 3 5 5 3 3 3 3 3 3 3 3 3 5 2 5 2 5 2 5 2 5 2 4 4 3 5 5 2 5 2 5 2 3 5 2 5 2 5 2 5 2 4 4 4 4
0 22 6 3 3 1 1 3 1 1 3 1 1 3 1 1 3 1 1 1 1 6 5 2
0 15 5 5 2 5 2 5 2 5 2 4 4 4 3 5 2
0 21 6 3 3 1 3 1 1 3 1 1 5 1 1 6 5 2 3 5 5 5 2
0 66 0 6 4 6 6 4 1 0 2 0 2 0 2 3 3 5 6 6 6 6 5 3 5 2 5 2 5 2 5 2 5 2 3 5 3 3 3 3 0 5 3 3 3 3 3 3 3 3 3 3 5 1 1 6 5 5 2 5 2 5 2 5 2 3 5 2
0 6 5 5 5 2 5 2
0 10 6 3 3 1 1 4 6 5 2 5
0 19 0 5 3 3 3 3 6 3 3 1 3 1 1 3 1 1 1 1 2
0 33 0 6 3 6 3 4 6 6 3 4 6 4 6 3 4 6 4 6 6 3 6 3 4 4 6 4 6 4 2 5 0 3 5
0 10 0 1 1 6 0 5 2 5 2 4
0 47 6 3 3 1 5 0 0 2 0 2 0 2 0 2 0 2 0 1 4 6 5 2 5 2 5 2 5 2 5 2 3 5 2 5 2 5 2 4 4 4 4 4 3 5 2 5 2
0 34 5 5 2 5 2 5 2 3 5 2 5 2 4 4 3 0 2 0 2 0 2 0 2 0 5 5 2 4 4 3 5 2 5 2
0 46 0 0 2 0 2 0 2 0 0 0 2 0 0 0 2 0 1 4 6 3 3 1 1 3 1 1 3 1 3 1 5 3 3 3 3 3 3 5 2 5 2 5 2 4 4 4
0 13 5 2 5 2 5 2 4 4 4 3 5 2 4
0 33 0 5 0 3 3 3 3 3 6 3 3 1 3 1 3 1 1 3 1 1 0 2 0 2 0 2 0 2 5 2 3 5 2
0 39 0 5 3 3 3 3 3 3 3 3 6 3 3 1 3 1 1 3 1 3 1 1 1 6 5 5 2 5 2 3 5 2 5 2 5 2 5 2 5
0 48 6 3 3 1 5 0 0 2 0 2 0 2 0 2 0 2 0 1 4 6 5 2 5 2 5 2 5 2 5 2 3 5 2 5 2 5 2 4 4 4 4 4 3 5 2 5 2 5
0 45 0 3 3 3 3 3 3 3 3 3 6 3 3 1 3 1 3 1 3 3 3 5 5 2 5 2 4 4 4 4 3 1 1 6 5 5 5 5 1 1 1 1 2 5 0
0 7 5 2 3 5 2 5 2
0 51 5 2 5 0 3 0 1 1 1 1 1 1 2 5 0 3 0 1 6 3 4 6 4 6 6 3 4 6 4 3 5 2 3 5 2 3 5 2 3 5 3 3 3 3 3 3 5 5 5 2 5
0 23 5 2 4 4 4 4 3 1 1 6 5 2 5 2 3 5 2 5 2 3 5 2 5
0 24 6 3 3 1 3 1 1 3 1 1 5 1 1 6 5 2 3 5 5 5 2 5 2 5
0 49 6 3 3 1 1 3 1 3 3 3 3 3 6 3 3 1 1 1 1 6 0 0 2 0 2 0 6 5 6 6 3 3 3 0 6 4 6 4 6 4 5 2 5 2 5 2 5 2 4
0 143 0 5 3 3 3 3 3 3 3 3 6 3 3 1 3 1 1 3 1 1 5 3 3 3 3 6 3 3 1 1 3 1 3 1 1 0 2 0 2 0 2 0 2 3 0 0 0 0 2 0 2 0 6 6 5 5 5 5 5 6 6 6 5 6 6 6 6 5 6 5 0 2 0 2 0 2 0 2 0 2 6 6 6 6 5 3 6 6 5 5 5 3 3 3 3 3 3 0 2 0 2 6 6 5 5 5 6 6 6 6 3 3 5 5 5 3 5 6 3 3 3 5 5 2 5 2 5 2 5 2 5 2 4 4 3 5 2 5 2 5 2 5 2
0 94 5 2 5 2 5 2 4 4 4 3 5 2 5 2 5 2 5 2 5 2 3 5 5 5 2 5 2 3 0 2 0 2 0 2 0 2 0 2 6 3 3 0 0 2 0 2 0 2 0 2 0 2 0 0 5 6 5 5 6 6 5 5 6 6 0 4 6 6 3 3 1 3 1 3 1 3 1 1 3 1 5 3 3 3 3 5 2 5 2 5 2 5 2 4
0 22 0 1 1 6 0 5 2 5 2 4 4 4 4 3 5 2 5 2 5 2 5 2
0 67 6 3 3 1 1 3 1 3 1 3 1 1 3 1 1 1 1 6 5 2 5 2 5 2 5 2 5 2 4 4 4 4 4 3 5 2 5 2 5 2 3 5 2 5 2 5 2 5 2 3 5 2 5 2 5 2 5 2 5 2 3 5 2 5 2 5 2
0 20 0 1 1 6 0 5 2 5 2 4 4 4 4 3 5 2 5 2 5 2
0 59 6 3 0 2 0 0 3 5 6 5 6 6 0 2 0 2 0 3 5 3 3 0 2 0 2 0 2 0 2 3 6 6 5 0 3 3 5 6 3 4 1 6 4 4 5 2 5 2 5 2 5 2 3 5 2 5 2 5 2
0 52 5 5 2 5 2 5 2 5 2 5 2 4 4 4 3 5 5 3 3 3 3 3 3 3 3 3 5 2 5 2 5 2 5 2 5 2 4 4 3 5 5 2 5 2 5 2 3 5 2 5 2 5
0 24 0 1 1 6 5 5 2 5 2 5 2 3 5 2 5 2 3 5 2 3 5 2 5 2
0 13 5 5 2 5 2 5 2 3 5 2 5 2 4
0 68 0 1 4 4 6 0 2 0 2 0 2 0 2 5 6 5 3 5 6 6 5 6 0 4 4 6 6 6 0 2 0 2 0 2 0 2 0 2 3 3 5 5 6 5 3 3 3 4 1 4 1 6 0 1 1 6 5 4 4 4 3 5 2 4 4 3 5 2
0 43 0 3 3 3 3 3 0 0 2 0 6 0 2 0 2 0 2 0 2 0 2 6 5 6 5 0 2 0 2 0 2 0 0 0 3 3 3 3 3 3 5 2 5
0 26 0 3 3 3 3 3 3 3 3 3 6 3 3 1 3 1 3 1 3 3 3 5 5 2 5 2
0 64 6 3 3 1 1 3 1 3 3 3 3 3 6 3 3 1 1 1 1 6 0 0 2 0 2 0 6 5 6 6 3 3 3 0 6 4 6 4 6 4 5 2 5 2 5 2 5 2 4 4 3 5 2 5 2 3 4 4 4 4 3 5 2 5
0 30 5 2 5 2 5 2 4 3 4 4 4 3 5 2 5 2 5 2 3 5 2 5 2 5 2 5 2 4 4 4
0 36 0 1 1 6 5 5 2 5 2 5 2 3 5 2 5 2 3 5 2 3 5 2 5 2 5 2 4 4 3 5 2 5 2 5 2 5
0 93 5 2 5 2 5 2 4 4 4 3 5 2 5 2 5 2 5 2 5 2 3 5 5 5 2 5 2 3 0 2 0 2 0 2 0 2 0 2 6 3 3 0 0 2 0 2 0 2 0 2 0 2 0 0 5 6 5 5 6 6 5 5 6 6 0 4 6 6 3 3 1 3 1 3 1 3 1 1 3 1 5 3 3 3 3 5 2 5 2 5 2 5 2
0 28 0 5 3 3 3 3 3 3 3 3 6 3 3 1 3 1 1 3 1 3 1 1 1 6 5 5 2 5
0 30 6 3 3 1 1 1 1 6 6 3 3 1 3 1 3 3 3 3 3 3 3 4 3 5 2 5 2 5 2 4
0 29 0 0 2 0 0 2 0 2 4 4 4 4 1 4 6 6 6 4 4 5 2 5 2 5 2 5 2 5 2
0 38 3 5 3 3 3 0 4 6 4 4 0 2 0 2 0 2 0 2 0 2 0 6 5 5 5 2 5 2 5 2 5 2 3 5 2 5 2 5
0 13 5 2 5 2 5 2 5 2 3 5 5 2 5
0 13 3 5 2 5 2 5 2 5 2 4 4 4 4
0 19 0 5 3 3 3 3 5 2 5 2 5 2 5 2 5 2 4 4 4
0 63 0 3 3 3 3 3 3 3 3 3 3 3 6 3 3 1 3 1 3 1 1 4 6 6 3 6 3 4 6 6 3 5 1 1 4 6 6 3 5 2 5 0 3 0 1 5 2 5 2 5 2 5 2 5 2 3 5 2 5 2 5 2 5
0 52 5 2 5 0 3 0 1 1 1 1 1 1 2 5 0 3 0 1 6 3 4 6 4 6 6 3 4 6 4 3 5 2 3 5 2 3 5 2 3 5 3 3 3 3 3 3 5 5 5 2 5 2
0 51 5 5 2 5 2 5 2 5 2 5 2 4 4 4 3 5 5 3 3 3 3 3 3 3 3 3 5 2 5 2 5 2 5 2 5 2 4 4 3 5 5 2 5 2 5 2 3 5 2 5 2
0 27 3 5 3 3 3 0 4 6 4 4 0 2 0 2 0 2 0 2 0 2 0 6 5 5 5 2 5
0 56 5 2 5 0 3 0 1 1 1 1 1 1 2 5 0 3 0 1 6 3 4 6 4 6 6 3 4 6 4 3 5 2 3 5 2 3 5 2 3 5 3 3 3 3 3 3 5 5 5 2 5 2 5 2 5 2
0 92 5 2 5 2 5 2 4 4 4 3 5 2 5 2 5 2 5 2 5 2 3 5 5 5 2 5 2 3 0 2 0 2 0 2 0 2 0 2 6 3 3 0 0 2 0 2 0 2 0 2 0 2 0 0 5 6 5 5 6 6 5 5 6 6 0 4 6 6 3 3 1 3 1 3 1 3 1 1 3 1 5 3 3 3 3 5 2 5 2 5 2 5
0 49 5 5 5 2 5 2 4 3 5 5 6 4 6 1 4 1 4 6 4 1 0 0 0 5 6 5 5 5 3 5 2 5 2 5 2 5 2 5 2 4 4 4 4 3 5 5 2 5 2
0 23 5 5 2 5 2 5 2 5 2 4 4 4 3 5 2 5 2 3 5 5 2 5 2
0 6 5 5 2 5 2 5
0 68 0 3 3 3 5 2 5 2 5 2 5 2 4 4 4 3 4 4 4 4 4 3 5 2 5 2 5 2 3 5 0 2 0 2 0 2 4 0 5 3 3 3 3 3 3 3 3 3 3 0 6 3 6 3 6 3 6 3 5 6 3 4 6 4 6 5 2 5
0 47 6 3 3 1 1 3 1 3 1 3 1 1 3 1 1 1 1 6 5 2 5 2 5 2 5 2 5 2 4 4 4 4 4 3 5 2 5 2 5 2 3 5 2 5 2 5 2
0 87 5 2 5 2 5 2 4 4 4 3 5 2 5 2 5 2 5 2 5 2 3 5 5 5 2 5 2 3 0 2 0 2 0 2 0 2 0 2 6 3 3 0 0 2 0 2 0 2 0 2 0 2 0 0 5 6 5 5 6 6 5 5 6 6 0 4 6 6 3 3 1 3 1 3 1 3 1 1 3 1 5 3 3 3 3 5 2
0 11 5 5 2 5 2 3 5 2 5 2 5
0 21 6 3 3 1 1 3 1 3 1 3 1 1 3 1 1 1 1 6 5 2 5
0 22 6 3 3 1 1 3 1 3 1 3 1 1 3 1 1 1 1 6 5 2 5 2
0 18 5 2 5 2 5 2 5 2 3 5 2 5 2 5 2 5 2 5
0 26 6 3 3 1 1 1 1 6 6 3 3 1 3 1 3 3 3 3 3 3 3 4 3 5 2 5
0 29 6 3 3 1 1 3 1 3 1 3 1 1 3 1 1 1 1 6 5 2 5 2 5 2 5 2 5 2 4
0 46 0 3 3 3 3 3 0 0 2 0 6 0 2 0 2 0 2 0 2 0 2 6 5 6 5 0 2 0 2 0 2 0 0 0 3 3 3 3 3 3 5 2 5 2 5 2
0 14 6 3 3 1 1 3 1 1 3 1 2 5 0 3
0 27 5 2 5 2 5 2 4 3 4 4 4 3 5 2 5 2 5 2 3 5 2 5 2 5 2 5 2
0 15 5 2 5 2 5 2 5 2 3 5 5 2 5 2 5
0 44 6 3 3 1 1 3 1 3 3 3 3 3 6 3 3 1 1 1 1 6 0 0 2 0 2 0 6 5 6 6 3 3 3 0 6 4 6 4 6 4 5 2 5 2
0 61 6 3 0 2 0 0 3 5 6 5 6 6 0 2 0 2 0 3 5 3 3 0 2 0 2 0 2 0 2 3 6 6 5 0 3 3 5 6 3 4 1 6 4 4 5 2 5 2 5 2 5 2 3 5 2 5 2 5 2 5 2
0 77 0 3 3 3 5 2 5 2 5 2 5 2 4 4 4 3 4 4 4 4 4 3 5 2 5 2 5 2 3 5 0 2 0 2 0 2 4 0 5 3 3 3 3 3 3 3 3 3 3 0 6 3 6 3 6 3 6 3 5 6 3 4 6 4 6 5 2 5 0 3 5 1 1 1 1 5 2
0 40 0 0 2 0 2 0 2 0 0 0 2 0 0 0 2 0 1 4 6 3 3 1 1 3 1 1 3 1 3 1 5 3 3 3 3 3 3 5 2 5
0 33 6 3 3 1 5 0 0 2 0 2 0 2 0 2 0 2 0 1 4 6 5 2 5 2 5 2 5 2 5 2 3 5 2
0 9 0 3 3 3 3 3 5 2 5
0 23 6 3 3 1 3 1 3 1 3 1 1 1 1 6 5 5 5 2 5 2 5 2 5
0 10 5 2 5 2 5 2 5 2 5 2
0 19 6 3 5 3 3 3 3 3 3 3 3 5 5 5 2 5 2 5 2
0 9 5 2 5 2 5 2 5 2 4
0 73 0 6 4 6 6 4 1 0 2 0 2 0 2 3 3 5 6 6 6 6 5 3 5 2 5 2 5 2 5 2 5 2 3 5 3 3 3 3 0 5 3 3 3 3 3 3 3 3 3 3 5 1 1 6 5 5 2 5 2 5 2 5 2 3 5 2 5 2 5 2 5 2 5
0 52 0 3 3 3 3 3 3 3 3 3 3 3 6 3 3 1 3 1 3 1 1 4 6 6 3 6 3 4 6 6 3 5 1 1 4 6 6 3 5 2 5 0 3 0 1 5 2 5 2 5 2 5
0 11 0 4 6 6 3 6 3 4 2 5 0
0 11 6 3 3 1 1 4 6 5 2 5 0
0 18 5 2 4 3 5 5 2 5 2 5 2 5 2 5 2 4 4 4
0 13 0 5 3 3 3 3 5 2 5 2 5 2 5
0 44 0 3 3 3 3 3 3 3 3 3 3 3 6 3 3 1 3 1 3 1 1 4 6 6 3 6 3 4 6 6 3 5 1 1 4 6 6 3 5 2 5 0 3 0
0 23 6 3 3 1 1 4 6 5 2 5 0 3 0 1 5 2 5 2 5 2 5 2 5
0 74 0 1 4 4 6 0 2 0 2 0 2 0 2 5 6 5 3 5 6 6 5 6 0 4 4 6 6 6 0 2 0 2 0 2 0 2 0 2 3 3 5 5 6 5 3 3 3 4 1 4 1 6 0 1 1 6 5 4 4 4 3 5 2 4 4 3 5 2 5 2 5 2 5 2
0 140 0 5 3 3 3 3 3 3 3 3 6 3 3 1 3 1 1 3 1 1 5 3 3 3 3 6 3 3 1 1 3 1 3 1 1 0 2 0 2 0 2 0 2 3 0 0 0 0 2 0 2 0 6 6 5 5 5 5 5 6 6 6 5 6 6 6 6 5 6 5 0 2 0 2 0 2 0 2 0 2 6 6 6 6 5 3 6 6 5 5 5 3 3 3 3 3 3 0 2 0 2 6 6 5 5 5 6 6 6 6 3 3 5 5 5 3 5 6 3 3 3 5 5 2 5 2 5 2 5 2 5 2 4 4 3 5 2 5 2 5
0 42 6 3 3 1 1 3 1 3 1 1 3 1 3 3 3 3 3 3 3 3 3 1 1 6 5 3 3 3 3 3 3 3 3 3 3 5 5 2 5 2 5 2
0 47 5 5 5 2 5 2 4 3 5 5 6 4 6 1 4 1 4 6 4 1 0 0 0 5 6 5 5 5 3 5 2 5 2 5 2 5 2 5 2 4 4 4 4 3 5 5 2
0 27 5 2 5 2 5 2 5 2 4 4 3 5 2 3 5 5 2 5 2 5 2 5 2 5 2 4 4
0 108 0 3 3 3 3 3 3 5 2 5 2 5 2 5 2 5 2 3 6 3 3 1 3 1 1 1 1 6 0 0 2 0 2 0 2 0 2 0 2 0 2 0 2 0 2 5 5 5 5 0 3 3 3 3 0 0 2 0 2 0 2 0 2 6 6 6 5 5 3 3 3 5 3 3 6 5 6 5 3 5 6 3 0 2 0 2 0 2 4 4 4 4 4 3 5 5 2 5 2 5 2 3 5 2 5 2 4 4
0 71 6 3 3 1 1 3 1 3 1 3 1 1 3 1 1 1 1 6 5 2 5 2 5 2 5 2 5 2 4 4 4 4 4 3 5 2 5 2 5 2 3 5 2 5 2 5 2 5 2 3 5 2 5 2 5 2 5 2 5 2 3 5 2 5 2 5 2 4 4 4 4
0 28 3 5 3 3 3 0 4 6 4 4 0 2 0 2 0 2 0 2 0 2 0 6 5 5 5 2 5 2
0 26 0 6 4 6 6 4 1 0 2 0 2 0 2 3 3 5 6 6 6 6 5 3 5 2 5 2
0 14 5 5 5 2 5 2 5 2 5 2 5 2 4 4
0 2 5 2
0 38 0 5 3 3 3 3 3 3 3 3 6 3 3 1 3 1 1 3 1 3 1 1 1 6 5 5 2 5 2 3 5 2 5 2 5 2 5 2
0 18 6 3 3 1 3 1 3 1 3 1 1 1 1 6 5 5 5 2
0 4 3 5 2 5
0 8 0 3 3 3 5 5 2 5
0 8 5 5 2 4 4 4 4 4
0 39 5 2 5 2 5 2 4 3 4 4 4 3 5 2 5 2 5 2 3 5 2 5 2 5 2 5 2 4 4 4 4 4 3 5 2 5 2 5 2
0 31 3 5 3 3 3 0 4 6 4 4 0 2 0 2 0 2 0 2 0 2 0 6 5 5 5 2 5 2 5 2 5
0 27 0 6 4 6 6 4 1 0 2 0 2 0 2 3 3 5 6 6 6 6 5 3 5 2 5 2 5
0 53 6 3 3 1 1 3 1 3 1 3 1 1 3 1 1 1 1 6 5 2 5 2 5 2 5 2 5 2 4 4 4 4 4 3 5 2 5 2 5 2 3 5 2 5 2 5 2 5 2 3 5 2 5
0 46 6 3 3 1 1 3 1 3 1 3 1 1 3 1 1 1 1 6 5 2 5 2 5 2 5 2 5 2 4 4 4 4 4 3 5 2 5 2 5 2 3 5 2 5 2 5
0 42 6 3 3 1 5 0 0 2 0 2 0 2 0 2 0 2 0 1 4 6 5 2 5 2 5 2 5 2 5 2 3 5 2 5 2 5 2 4 4 4 4 4
0 6 3 5 2 5 2 5
0 14 5 5 2 5 2 5 2 5 2 5 2 4 4 4
0 19 5 2 5 2 5 2 5 2 4 4 3 5 2 3 5 5 2 5 2
0 53 6 3 3 1 5 0 0 2 0 2 0 2 0 2 0 2 0 1 4 6 5 2 5 2 5 2 5 2 5 2 3 5 2 5 2 5 2 4 4 4 4 4 3 5 2 5 2 5 2 5 2 4 4
0 5 5 2 5 0 3
0 28 5 2 4 3 5 5 2 5 2 5 2 5 2 5 2 4 4 4 3 5 5 2 5 2 5 2 5 2
0 128 0 5 3 3 3 3 3 3 3 3 6 3 3 1 3 1 1 3 1 1 5 3 3 3 3 6 3 3 1 1 3 1 3 1 1 0 2 0 2 0 2 0 2 3 0 0 0 0 2 0 2 0 6 6 5 5 5 5 5 6 6 6 5 6 6 6 6 5 6 5 0 2 0 2 0 2 0 2 0 2 6 6 6 6 5 3 6 6 5 5 5 3 3 3 3 3 3 0 2 0 2 6 6 5 5 5 6 6 6 6 3 3 5 5 5 3 5 6 3 3 3 5 5 2 5 2 5 2
0 22 5 2 5 2 5 2 4 3 4 4 4 3 5 2 5 2 5 2 3 5 2 5
0 67 6 3 0 2 0 0 3 5 6 5 6 6 0 2 0 2 0 3 5 3 3 0 2 0 2 0 2 0 2 3 6 6 5 0 3 3 5 6 3 4 1 6 4 4 5 2 5 2 5 2 5 2 3 5 2 5 2 5 2 5 2 4 4 3 5 5 2
0 16 5 5 2 5 2 3 5 2 5 2 5 2 4 4 4 4
0 37 0 5 0 3 3 3 3 3 6 3 3 1 3 1 3 1 1 3 1 1 0 2 0 2 0 2 0 2 5 2 3 5 2 5 2 5 2
0 14 5 5 2 5 2 5 2 3 5 2 5 2 4 4
0 21 0 3 3 3 3 3 0 6 3 4 4 4 4 4 5 2 5 2 4 4 4
0 10 5 2 5 2 5 2 5 2 4 4
0 7 5 5 5 2 5 2 5
0 28 5 5 2 5 2 5 2 5 2 3 4 6 4 0 5 3 3 3 3 3 3 5 5 5 5 2 5 2
0 50 6 3 3 1 5 0 0 2 0 2 0 2 0 2 0 2 0 1 4 6 5 2 5 2 5 2 5 2 5 2 3 5 2 5 2 5 2 4 4 4 4 4 3 5 2 5 2 5 2 5
0 159 0 5 3 3 3 3 3 3 3 3 6 3 3 1 3 1 1 3 1 1 5 3 3 3 3 6 3 3 1 1 3 1 3 1 1 0 2 0 2 0 2 0 2 3 0 0 0 0 2 0 2 0 6 6 5 5 5 5 5 6 6 6 5 6 6 6 6 5 6 5 0 2 0 2 0 2 0 2 0 2 6 6 6 6 5 3 6 6 5 5 5 3 3 3 3 3 3 0 2 0 2 6 6 5 5 5 6 6 6 6 3 3 5 5 5 3 5 6 3 3 3 5 5 2 5 2 5 2 5 2 5 2 4 4 3 5 2 5 2 5 2 5 2 3 2 5 0 3 5 1 4 6 4 6 4 4 2 5 0
0 146 0 5 3 3 3 3 3 3 3 3 6 3 3 1 3 1 1 3 1 1 5 3 3 3 3 6 3 3 1 1 3 1 3 1 1 0 2 0 2 0 2 0 2 3 0 0 0 0 2 0 2 0 6 6 5 5 5 5 5 6 6 6 5 6 6 6 6 5 6 5 0 2 0 2 0 2 0 2 0 2 6 6 6 6 5 3 6 6 5 5 5 3 3 3 3 3 3 0 2 0 2 6 6 5 5 5 6 6 6 6 3 3 5 5 5 3 5 6 3 3 3 5 5 2 5 2 5 2 5 2 5 2 4 4 3 5 2 5 2 5 2 5 2 3 2 5
0 35 5 5 2 5 2 5 2 5 2 5 2 4 4 4 3 5 5 3 3 3 3 3 3 3 3 3 5 2 5 2 5 2 5 2 5
0 10 5 5 2 5 2 5 2 5 2 5
0 17 5 2 4 3 5 5 2 5 2 5 2 5 2 5 2 4 4
0 49 0 3 3 3 3 3 3 3 3 3 3 3 6 3 3 1 3 1 3 1 1 4 6 6 3 6 3 4 6 6 3 5 1 1 4 6 6 3 5 2 5 0 3 0 1 5 2 5 2
0 63 6 3 0 2 0 0 3 5 6 5 6 6 0 2 0 2 0 3 5 3 3 0 2 0 2 0 2 0 2 3 6 6 5 0 3 3 5 6 3 4 1 6 4 4 5 2 5 2 5 2 5 2 3 5 2 5 2 5 2 5 2 4 4
0 25 0 6 4 6 6 4 1 0 2 0 2 0 2 3 3 5 6 6 6 6 5 3 5 2 5
0 25 6 3 3 1 1 1 1 6 6 3 3 1 3 1 3 3 3 3 3 3 3 4 3 5 2
0 13 5 2 4 3 5 5 2 5 2 5 2 5 2
0 49 5 5 2 5 2 5 2 5 2 5 2 4 4 4 3 5 5 3 3 3 3 3 3 3 3 3 5 2 5 2 5 2 5 2 5 2 4 4 3 5 5 2 5 2 5 2 3 5 2
0 17 5 5 2 5 2 3 5 2 5 2 5 2 4 4 4 4 4
0 22 6 3 3 1 3 1 1 3 1 1 5 1 1 6 5 2 3 5 5 5 2 5
0 9 5 5 2 5 2 5 2 5 2
0 93 6 3 3 1 1 3 1 3 1 3 1 1 3 1 1 1 1 6 5 2 5 2 5 2 5 2 5 2 4 4 4 4 4 3 5 2 5 2 5 2 3 5 2 5 2 5 2 5 2 3 5 2 5 2 5 2 5 2 5 2 3 5 2 5 2 5 2 4 4 4 4 3 3 3 3 3 3 0 3 3 3 3 3 5 2 5 2 5 2 5 2 5 2
0 68 0 3 3 3 3 3 3 3 3 3 3 3 6 3 3 1 3 1 3 1 1 4 6 6 3 6 3 4 6 6 3 5 1 1 4 6 6 3 5 2 5 0 3 0 1 5 2 5 2 5 2 5 2 5 2 3 5 2 5 2 5 2 5 2 3 5 2 5
0 24 6 3 3 1 5 0 0 2 0 2 0 2 0 2 0 2 0 1 4 6 5 2 5 2
0 18 5 2 5 2 5 2 5 2 4 4 3 5 2 3 5 5 2 5
0 58 6 3 0 2 0 0 3 5 6 5 6 6 0 2 0 2 0 3 5 3 3 0 2 0 2 0 2 0 2 3 6 6 5 0 3 3 5 6 3 4 1 6 4 4 5 2 5 2 5 2 5 2 3 5 2 5 2 5
0 125 0 5 3 3 3 3 3 3 3 3 6 3 3 1 3 1 1 3 1 1 5 3 3 3 3 6 3 3 1 1 3 1 3 1 1 0 2 0 2 0 2 0 2 3 0 0 0 0 2 0 2 0 6 6 5 5 5 5 5 6 6 6 5 6 6 6 6 5 6 5 0 2 0 2 0 2 0 2 0 2 6 6 6 6 5 3 6 6 5 5 5 3 3 3 3 3 3 0 2 0 2 6 6 5 5 5 6 6 6 6 3 3 5 5 5 3 5 6 3 3 3 5 5 2 5
0 50 5 5 5 2 5 2 4 3 5 5 6 4 6 1 4 1 4 6 4 1 0 0 0 5 6 5 5 5 3 5 2 5 2 5 2 5 2 5 2 4 4 4 4 3 5 5 2 5 2 4
0 28 5 2 5 2 5 2 5 2 4 4 3 5 2 3 5 5 2 5 2 5 2 5 2 5 2 4 4 4
0 22 5 2 4 4 4 4 3 1 1 6 5 2 5 2 3 5 2 5 2 3 5 2
0 82 0 3 3 3 5 2 5 2 5 2 5 2 4 4 4 3 4 4 4 4 4 3 5 2 5 2 5 2 3 5 0 2 0 2 0 2 4 0 5 3 3 3 3 3 3 3 3 3 3 0 6 3 6 3 6 3 6 3 5 6 3 4 6 4 6 5 2 5 0 3 5 1 1 1 1 5 2 5 2 5 2 4
0 26 0 0 2 0 0 2 0 2 4 4 4 4 1 4 6 6 6 4 4 5 2 5 2 5 2 5
0 39 6 3 3 1 5 0 0 2 0 2 0 2 0 2 0 2 0 1 4 6 5 2 5 2 5 2 5 2 5 2 3 5 2 5 2 5 2 4 4
0 38 6 3 3 1 5 0 0 2 0 2 0 2 0 2 0 2 0 1 4 6 5 2 5 2 5 2 5 2 5 2 3 5 2 5 2 5 2 4
0 4 5 2 4 4
0 9 5 2 3 5 2 5 2 5 2
0 76 0 1 4 4 6 0 2 0 2 0 2 0 2 5 6 5 3 5 6 6 5 6 0 4 4 6 6 6 0 2 0 2 0 2 0 2 0 2 3 3 5 5 6 5 3 3 3 4 1 4 1 6 0 1 1 6 5 4 4 4 3 5 2 4 4 3 5 2 5 2 5 2 5 2 5 2
0 8 5 5 2 5 2 3 5 2
0 36 0 5 0 3 3 3 3 3 6 3 3 1 3 1 3 1 1 3 1 1 0 2 0 2 0 2 0 2 5 2 3 5 2 5 2 5
0 19 6 3 3 1 3 1 3 1 3 1 1 1 1 6 5 5 5 2 5
0 38 5 5 2 5 2 5 2 5 2 5 2 4 4 4 3 5 5 3 3 3 3 3 3 3 3 3 5 2 5 2 5 2 5 2 5 2 4 4
0 22 5 5 2 5 2 5 2 5 2 4 4 4 3 5 2 5 2 3 5 5 2 5
0 95 5 2 5 2 5 2 4 4 4 3 5 2 5 2 5 2 5 2 5 2 3 5 5 5 2 5 2 3 0 2 0 2 0 2 0 2 0 2 6 3 3 0 0 2 0 2 0 2 0 2 0 2 0 0 5 6 5 5 6 6 5 5 6 6 0 4 6 6 3 3 1 3 1 3 1 3 1 1 3 1 5 3 3 3 3 5 2 5 2 5 2 5 2 4 4
0 41 0 3 3 3 3 3 3 3 3 3 3 3 6 3 3 1 3 1 3 1 1 4 6 6 3 6 3 4 6 6 3 5 1 1 4 6 6 3 5 2 5
0 10 0 3 3 3 5 5 2 5 2 5
0 24 0 1 1 6 0 5 2 5 2 4 4 4 4 3 5 2 5 2 5 2 5 2 5 2
0 30 6 3 3 1 5 0 0 2 0 2 0 2 0 2 0 2 0 1 4 6 5 2 5 2 5 2 5 2 5 2
0 15 0 3 3 3 5 5 2 5 2 5 2 5 2 5 2
0 27 5 5 2 5 2 5 2 3 5 2 5 2 4 4 3 0 2 0 2 0 2 0 2 0 5 5 2
0 85 5 5 5 5 5 5 3 3 3 3 3 3 0 1 1 1 1 1 4 6 4 2 5 0 3 5 1 6 3 4 6 4 6 4 6 4 6 6 6 3 5 0 4 6 4 6 4 6 4 4 6 4 6 4 4 4 6 6 3 6 3 6 3 6 3 5 4 6 4 6 5 0 6 3 6 3 4 6 4 6 6 2 5 0 3
0 36 6 3 3 1 5 0 0 2 0 2 0 2 0 2 0 2 0 1 4 6 5 2 5 2 5 2 5 2 5 2 3 5 2 5 2 5
0 15 0 1 1 6 5 5 2 5 2 5 2 3 5 2 5
0 16 5 2 5 2 5 2 5 2 3 5 5 2 5 2 5 2
0 8 5 2 3 5 2 5 2 5
0 6 5 2 3 5 2 5
0 130 0 5 3 3 3 3 3 3 3 3 6 3 3 1 3 1 1 3 1 1 5 3 3 3 3 6 3 3 1 1 3 1 3 1 1 0 2 0 2 0 2 0 2 3 0 0 0 0 2 0 2 0 6 6 5 5 5 5 5 6 6 6 5 6 6 6 6 5 6 5 0 2 0 2 0 2 0 2 0 2 6 6 6 6 5 3 6 6 5 5 5 3 3 3 3 3 3 0 2 0 2 6 6 5 5 5 6 6 6 6 3 3 5 5 5 3 5 6 3 3 3 5 5 2 5 2 5 2 5 2
0 102 0 0 2 0 0 2 0 2 4 4 4 4 1 4 6 6 6 4 4 5 2 5 2 5 2 5 2 5 2 3 5 5 0 2 0 2 0 2 0 2 0 2 0 3 0 2 0 2 0 2 0 2 3 0 0 6 3 6 3 3 0 4 6 4 6 6 3 6 6 3 5 6 3 4 6 4 6 6 3 5 1 1 5 5 5 1 1 1 1 1 1 1 6 3 4 6 4 6 4 6 4 2
0 17 5 2 5 2 5 2 4 3 4 4 4 3 5 2 5 2 5
0 4 5 2 5 0
0 32 5 5 5 2 5 2 4 3 5 5 6 4 6 1 4 1 4 6 4 1 0 0 0 5 6 5 5 5 3 5 2 5
0 45 0 3 3 3 3 3 0 0 2 0 6 0 2 0 2 0 2 0 2 0 2 6 5 6 5 0 2 0 2 0 2 0 0 0 3 3 3 3 3 3 5 2 5 2 5
0 70 0 3 3 3 5 2 5 2 5 2 5 2 4 4 4 3 4 4 4 4 4 3 5 2 5 2 5 2 3 5 0 2 0 2 0 2 4 0 5 3 3 3 3 3 3 3 3 3 3 0 6 3 6 3 6 3 6 3 5 6 3 4 6 4 6 5 2 5 0 3
0 28 0 1 1 6 5 5 2 5 2 5 2 3 5 2 5 2 3 5 2 3 5 2 5 2 5 2 4 4
0 44 0 3 3 3 3 3 3 3 3 3 6 3 3 1 3 1 3 1 3 3 3 5 5 2 5 2 4 4 4 4 3 1 1 6 5 5 5 5 1 1 1 1 2 5
0 50 5 2 5 0 3 0 1 1 1 1 1 1 2 5 0 3 0 1 6 3 4 6 4 6 6 3 4 6 4 3 5 2 3 5 2 3 5 2 3 5 3 3 3 3 3 3 5 5 5 2
0 25 5 2 4 4 4 4 3 1 1 6 5 2 5 2 3 5 2 5 2 3 5 2 5 2 4
0 32 0 6 4 6 6 4 1 0 2 0 2 0 2 3 3 5 6 6 6 6 5 3 5 2 5 2 5 2 5 2 5 2
0 49 6 3 3 1 1 3 1 3 1 3 1 1 3 1 1 1 1 6 5 2 5 2 5 2 5 2 5 2 4 4 4 4 4 3 5 2 5 2 5 2 3 5 2 5 2 5 2 5 2
0 43 0 0 2 0 2 0 2 0 0 0 2 0 0 0 2 0 1 4 6 3 3 1 1 3 1 1 3 1 3 1 5 3 3 3 3 3 3 5 2 5 2 5 2
0 11 0 3 3 3 5 5 2 5 2 5 2
0 10 5 2 5 2 5 2 4 4 4 4
0 14 5 2 5 2 5 2 4 3 4 4 4 3 5 2
0 31 0 1 1 6 5 5 2 5 2 5 2 3 5 2 5 2 3 5 2 3 5 2 5 2 5 2 4 4 3 5 2
0 51 6 3 0 2 0 0 3 5 6 5 6 6 0 2 0 2 0 3 5 3 3 0 2 0 2 0 2 0 2 3 6 6 5 0 3 3 5 6 3 4 1 6 4 4 5 2 5 2 5 2 5
0 3 5 2 4
0 11 5 2 3 5 2 5 2 5 2 5 2
0 37 0 5 3 3 3 3 3 3 3 3 6 3 3 1 3 1 1 3 1 3 1 1 1 6 5 5 2 5 2 3 5 2 5 2 5 2 5
0 32 5 5 2 5 2 5 2 3 5 2 5 2 4 4 3 0 2 0 2 0 2 0 2 0 5 5 2 4 4 3 5 2
0 43 0 5 3 3 3 3 3 3 3 3 6 3 3 1 3 1 1 3 1 3 1 1 1 6 5 5 2 5 2 3 5 2 5 2 5 2 5 2 5 2 3 5 2
0 51 5 5 5 2 5 2 4 3 5 5 6 4 6 1 4 1 4 6 4 1 0 0 0 5 6 5 5 5 3 5 2 5 2 5 2 5 2 5 2 4 4 4 4 3 5 5 2 5 2 4 4
0 32 6 3 3 1 1 3 1 3 1 3 1 1 3 1 1 1 1 6 5 2 5 2 5 2 5 2 5 2 4 4 4 4
0 11 5 5 2 5 2 5 2 5 2 4 4
0 25 5 2 5 2 5 2 4 3 4 4 4 3 5 2 5 2 5 2 3 5 2 5 2 5 2
0 22 5 5 5 5 5 5 3 3 3 3 3 3 0 1 1 1 1 1 4 6 4 2
0 63 6 3 3 1 1 3 1 3 1 3 1 1 3 1 1 1 1 6 5 2 5 2 5 2 5 2 5 2 4 4 4 4 4 3 5 2 5 2 5 2 3 5 2 5 2 5 2 5 2 3 5 2 5 2 5 2 5 2 5 2 3 5 2
0 61 0 3 3 3 3 3 3 3 3 3 3 3 6 3 3 1 3 1 3 1 1 4 6 6 3 6 3 4 6 6 3 5 1 1 4 6 6 3 5 2 5 0 3 0 1 5 2 5 2 5 2 5 2 5 2 3 5 2 5 2 5
0 57 6 3 3 1 1 3 1 3 1 3 1 1 3 1 1 1 1 6 5 2 5 2 5 2 5 2 5 2 4 4 4 4 4 3 5 2 5 2 5 2 3 5 2 5 2 5 2 5 2 3 5 2 5 2 5 2 5
0 34 0 1 0 2 0 2 0 2 0 0 0 0 2 0 2 0 2 0 2 0 2 0 1 4 0 1 1 6 5 2 5 2 5 2
0 71 0 3 3 3 3 3 3 3 3 3 3 3 6 3 3 1 3 1 3 1 1 4 6 6 3 6 3 4 6 6 3 5 1 1 4 6 6 3 5 2 5 0 3 0 1 5 2 5 2 5 2 5 2 5 2 3 5 2 5 2 5 2 5 2 3 5 2 5 2 5 2
0 80 0 3 3 3 5 2 5 2 5 2 5 2 4 4 4 3 4 4 4 4 4 3 5 2 5 2 5 2 3 5 0 2 0 2 0 2 4 0 5 3 3 3 3 3 3 3 3 3 3 0 6 3 6 3 6 3 6 3 5 6 3 4 6 4 6 5 2 5 0 3 5 1 1 1 1 5 2 5 2 5
0 28 0 3 3 3 3 3 3 3 3 3 6 3 3 1 3 1 3 1 3 3 3 5 5 2 5 2 4 4
0 16 5 5 2 5 2 5 2 5 2 4 4 4 3 5 2 5
0 23 5 2 5 2 5 2 4 4 4 3 5 2 4 4 4 4 3 5 5 2 5 2 4
0 67 0 3 3 3 5 2 5 2 5 2 5 2 4 4 4 3 4 4 4 4 4 3 5 2 5 2 5 2 3 5 0 2 0 2 0 2 4 0 5 3 3 3 3 3 3 3 3 3 3 0 6 3 6 3 6 3 6 3 5 6 3 4 6 4 6 5 2
0 38 5 2 5 0 3 0 1 1 1 1 1 1 2 5 0 3 0 1 6 3 4 6 4 6 6 3 4 6 4 3 5 2 3 5 2 3 5 2
0 29 5 2 5 2 5 2 5 2 4 4 3 5 2 3 5 5 2 5 2 5 2 5 2 5 2 4 4 4 4
0 25 6 3 3 1 3 1 1 3 1 1 5 1 1 6 5 2 3 5 5 5 2 5 2 5 2
0 75 0 6 4 6 6 4 1 0 2 0 2 0 2 3 3 5 6 6 6 6 5 3 5 2 5 2 5 2 5 2 5 2 3 5 3 3 3 3 0 5 3 3 3 3 3 3 3 3 3 3 5 1 1 6 5 5 2 5 2 5 2 5 2 3 5 2 5 2 5 2 5 2 5 2 4
0 7 5 5 2 5 2 5 2
0 5 5 2 3 5 2
0 48 0 3 3 3 3 3 0 0 2 0 6 0 2 0 2 0 2 0 2 0 2 6 5 6 5 0 2 0 2 0 2 0 0 0 3 3 3 3 3 3 5 2 5 2 5 2 4 4
0 7 0 1 1 6 5 5 2
0 34 6 3 3 1 5 0 0 2 0 2 0 2 0 2 0 2 0 1 4 6 5 2 5 2 5 2 5 2 5 2 3 5 2 5
0 38 0 5 0 3 3 3 3 3 6 3 3 1 3 1 3 1 1 3 1 1 0 2 0 2 0 2 0 2 5 2 3 5 2 5 2 5 2 5
0 39 6 3 3 1 1 3 1 3 1 1 3 1 3 3 3 3 3 3 3 3 3 1 1 6 5 3 3 3 3 3 3 3 3 3 3 5 5 2 5
0 8 5 5 2 5 2 5 2 5
0 58 5 2 5 0 3 0 1 1 1 1 1 1 2 5 0 3 0 1 6 3 4 6 4 6 6 3 4 6 4 3 5 2 3 5 2 3 5 2 3 5 3 3 3 3 3 3 5 5 5 2 5 2 5 2 5 2 5 2
0 29 0 5 3 3 3 3 3 3 3 3 6 3 3 1 3 1 1 3 1 3 1 1 1 6 5 5 2 5 2
0 30 3 5 3 3 3 0 4 6 4 4 0 2 0 2 0 2 0 2 0 2 0 6 5 5 5 2 5 2 5 2
0 30 6 3 3 1 1 3 1 3 1 3 1 1 3 1 1 1 1 6 5 2 5 2 5 2 5 2 5 2 4 4
0 8 0 3 3 3 3 3 5 2
0 41 0 5 0 3 3 3 3 3 6 3 3 1 3 1 3 1 1 3 1 1 0 2 0 2 0 2 0 2 5 2 3 5 2 5 2 5 2 5 2 4 4
0 74 0 6 4 6 6 4 1 0 2 0 2 0 2 3 3 5 6 6 6 6 5 3 5 2 5 2 5 2 5 2 5 2 3 5 3 3 3 3 0 5 3 3 3 3 3 3 3 3 3 3 5 1 1 6 5 5 2 5 2 5 2 5 2 3 5 2 5 2 5 2 5 2 5 2
0 26 6 3 3 1 1 4 6 5 2 5 0 3 0 1 5 2 5 2 5 2 5 2 5 2 4 4
0 90 6 3 3 1 1 3 1 3 1 3 1 1 3 1 1 1 1 6 5 2 5 2 5 2 5 2 5 2 4 4 4 4 4 3 5 2 5 2 5 2 3 5 2 5 2 5 2 5 2 3 5 2 5 2 5 2 5 2 5 2 3 5 2 5 2 5 2 4 4 4 4 3 3 3 3 3 3 0 3 3 3 3 3 5 2 5 2 5 2 5
0 6 0 3 3 3 5 2
0 24 0 3 3 3 3 3 5 2 5 2 5 2 3 5 2 5 2 5 2 3 5 5 2 4
0 21 5 2 5 2 5 2 3 5 2 4 3 5 2 5 2 5 2 5 2 4 4
0 10 5 5 2 5 2 3 5 2 5 2
0 12 0 1 1 6 0 5 2 5 2 4 4 4
0 26 5 5 2 5 2 3 0 2 6 6 6 5 5 6 3 3 5 5 5 1 1 6 5 5 2 5
0 27 5 5 2 5 2 3 0 2 6 6 6 5 5 6 3 3 5 5 5 1 1 6 5 5 2 5 2
0 142 0 5 3 3 3 3 3 3 3 3 6 3 3 1 3 1 1 3 1 1 5 3 3 3 3 6 3 3 1 1 3 1 3 1 1 0 2 0 2 0 2 0 2 3 0 0 0 0 2 0 2 0 6 6 5 5 5 5 5 6 6 6 5 6 6 6 6 5 6 5 0 2 0 2 0 2 0 2 0 2 6 6 6 6 5 3 6 6 5 5 5 3 3 3 3 3 3 0 2 0 2 6 6 5 5 5 6 6 6 6 3 3 5 5 5 3 5 6 3 3 3 5 5 2 5 2 5 2 5 2 5 2 4 4 3 5 2 5 2 5 2 5
0 23 5 2 4 3 5 5 2 5 2 5 2 5 2 5 2 4 4 4 3 5 5 2 5
0 44 0 3 3 3 3 3 0 0 2 0 6 0 2 0 2 0 2 0 2 0 2 6 5 6 5 0 2 0 2 0 2 0 0 0 3 3 3 3 3 3 5 2 5 2
0 109 0 3 3 3 3 3 3 5 2 5 2 5 2 5 2 5 2 3 6 3 3 1 3 1 1 1 1 6 0 0 2 0 2 0 2 0 2 0 2 0 2 0 2 0 2 5 5 5 5 0 3 3 3 3 0 0 2 0 2 0 2 0 2 6 6 6 5 5 3 3 3 5 3 3 6 5 6 5 3 5 6 3 0 2 0 2 0 2 4 4 4 4 4 3 5 5 2 5 2 5 2 3 5 2 5 2 4 4 4
0 69 6 3 3 1 1 3 1 3 1 3 1 1 3 1 1 1 1 6 5 2 5 2 5 2 5 2 5 2 4 4 4 4 4 3 5 2 5 2 5 2 3 5 2 5 2 5 2 5 2 3 5 2 5 2 5 2 5 2 5 2 3 5 2 5 2 5 2 4 4
0 147 0 5 3 3 3 3 3 3 3 3 6 3 3 1 3 1 1 3 1 1 5 3 3 3 3 6 3 3 1 1 3 1 3 1 1 0 2 0 2 0 2 0 2 3 0 0 0 0 2 0 2 0 6 6 5 5 5 5 5 6 6 6 5 6 6 6 6 5 6 5 0 2 0 2 0 2 0 2 0 2 6 6 6 6 5 3 6 6 5 5 5 3 3 3 3 3 3 0 2 0 2 6 6 5 5 5 6 6 6 6 3 3 5 5 5 3 5 6 3 3 3 5 5 2 5 2 5 2 5 2 5 2 4 4 3 5 2 5 2 5 2 5 2 3 2 5 0
0 10 0 1 1 6 5 5 2 5 2 5
0 30 5 2 5 2 5 2 5 2 4 4 3 5 2 3 5 5 2 5 2 5 2 5 2 5 2 4 4 4 4 4
0 9 0 4 6 6 3 6 3 4 2
0 15 5 5 2 5 2 3 3 5 2 5 2 5 2 5 2
0 25 6 3 3 1 1 3 1 1 3 1 1 3 1 1 3 1 1 1 1 6 5 2 5 2 5
0 28 0 0 2 0 0 2 0 2 4 4 4 4 1 4 6 6 6 4 4 5 2 5 2 5 2 5 2 5
0 67 0 3 3 3 3 3 3 3 3 3 3 3 6 3 3 1 3 1 3 1 1 4 6 6 3 6 3 4 6 6 3 5 1 1 4 6 6 3 5 2 5 0 3 0 1 5 2 5 2 5 2 5 2 5 2 3 5 2 5 2 5 2 5 2 3 5 2
0 34 5 5 2 5 2 5 2 5 2 5 2 4 4 4 3 5 5 3 3 3 3 3 3 3 3 3 5 2 5 2 5 2 5 2
0 11 0 1 1 6 0 5 2 5 2 4 4
0 34 0 1 1 6 5 5 2 5 2 5 2 3 5 2 5 2 3 5 2 3 5 2 5 2 5 2 4 4 3 5 2 5 2 5
0 38 5 2 5 2 5 2 4 3 4 4 4 3 5 2 5 2 5 2 3 5 2 5 2 5 2 5 2 4 4 4 4 4 3 5 2 5 2 5
0 7 5 5 5 2 5 2 4
0 6 0 1 1 6 5 2
0 59 6 3 3 1 1 3 1 3 1 3 1 1 3 1 1 1 1 6 5 2 5 2 5 2 5 2 5 2 4 4 4 4 4 3 5 2 5 2 5 2 3 5 2 5 2 5 2 5 2 3 5 2 5 2 5 2 5 2 5
0 16 6 3 3 1 1 4 6 5 2 5 0 3 0 1 5 2
0 23 0 3 3 3 3 3 0 6 3 4 4 4 4 4 5 2 5 2 4 4 4 4 4
0 12 0 3 3 3 5 5 2 5 2 5 2 5
0 20 0 5 3 3 3 3 5 2 5 2 5 2 5 2 5 2 4 4 4 4
0 141 0 5 3 3 3 3 3 3 3 3 6 3 3 1 3 1 1 3 1 1 5 3 3 3 3 6 3 3 1 1 3 1 3 1 1 0 2 0 2 0 2 0 2 3 0 0 0 0 2 0 2 0 6 6 5 5 5 5 5 6 6 6 5 6 6 6 6 5 6 5 0 2 0 2 0 2 0 2 0 2 6 6 6 6 5 3 6 6 5 5 5 3 3 3 3 3 3 0 2 0 2 6 6 5 5 5 6 6 6 6 3 3 5 5 5 3 5 6 3 3 3 5 5 2 5 2 5 2 5 2 5 2 4 4 3 5 2 5 2 5 2
0 69 0 3 3 3 3 3 3 3 3 3 3 3 6 3 3 1 3 1 3 1 1 4 6 6 3 6 3 4 6 6 3 5 1 1 4 6 6 3 5 2 5 0 3 0 1 5 2 5 2 5 2 5 2 5 2 3 5 2 5 2 5 2 5 2 3 5 2 5 2
0 28 6 3 3 1 1 3 1 3 1 3 1 1 3 1 1 1 1 6 5 2 5 2 5 2 5 2 5 2
0 40 5 5 5 2 5 2 4 3 5 5 6 4 6 1 4 1 4 6 4 1 0 0 0 5 6 5 5 5 3 5 2 5 2 5 2 5 2 5 2 4
0 13 5 2 5 2 5 2 3 5 2 4 3 5 2
0 69 0 6 4 6 6 4 1 0 2 0 2 0 2 3 3 5 6 6 6 6 5 3 5 2 5 2 5 2 5 2 5 2 3 5 3 3 3 3 0 5 3 3 3 3 3 3 3 3 3 3 5 1 1 6 5 5 2 5 2 5 2 5 2 3 5 2 5 2 5
0 7 3 5 2 5 2 5 2
0 41 0 1 1 6 5 5 2 5 2 5 2 3 5 2 5 2 3 5 2 3 5 2 5 2 5 2 4 4 3 5 2 5 2 5 2 5 2 5 2 4 4
0 37 5 5 5 2 5 2 4 3 5 5 6 4 6 1 4 1 4 6 4 1 0 0 0 5 6 5 5 5 3 5 2 5 2 5 2 5 2
0 37 0 1 1 6 5 5 2 5 2 5 2 3 5 2 5 2 3 5 2 3 5 2 5 2 5 2 4 4 3 5 2 5 2 5 2 5 2
0 31 0 6 3 6 3 4 6 6 3 4 6 4 6 3 4 6 4 6 6 3 6 3 4 4 6 4 6 4 2 5 0
0 54 6 3 3 1 5 0 0 2 0 2 0 2 0 2 0 2 0 1 4 6 5 2 5 2 5 2 5 2 5 2 3 5 2 5 2 5 2 4 4 4 4 4 3 5 2 5 2 5 2 5 2 4 4 4
0 13 5 5 2 5 2 3 5 2 5 2 5 2 4
0 60 0 6 4 6 6 4 1 0 2 0 2 0 2 3 3 5 6 6 6 6 5 3 5 2 5 2 5 2 5 2 5 2 3 5 3 3 3 3 0 5 3 3 3 3 3 3 3 3 3 3 5 1 1 6 5 5 2 5 2 5
0 29 5 2 5 2 5 2 4 3 4 4 4 3 5 2 5 2 5 2 3 5 2 5 2 5 2 5 2 4 4
0 16 5 2 5 0 3 0 1 1 1 1 1 1 2 5 0 3
0 16 6 3 3 1 3 1 1 3 1 1 5 1 1 6 5 2
0 18 5 2 5 2 5 2 4 3 4 4 4 3 5 2 5 2 5 2
0 57 5 2 5 0 3 0 1 1 1 1 1 1 2 5 0 3 0 1 6 3 4 6 4 6 6 3 4 6 4 3 5 2 3 5 2 3 5 2 3 5 3 3 3 3 3 3 5 5 5 2 5 2 5 2 5 2 5
0 45 6 3 3 1 5 0 0 2 0 2 0 2 0 2 0 2 0 1 4 6 5 2 5 2 5 2 5 2 5 2 3 5 2 5 2 5 2 4 4 4 4 4 3 5 2
0 84 5 5 5 5 5 5 3 3 3 3 3 3 0 1 1 1 1 1 4 6 4 2 5 0 3 5 1 6 3 4 6 4 6 4 6 4 6 6 6 3 5 0 4 6 4 6 4 6 4 4 6 4 6 4 4 4 6 6 3 6 3 6 3 6 3 5 4 6 4 6 5 0 6 3 6 3 4 6 4 6 6 2 5 0
0 19 5 2 5 2 5 2 5 2 3 5 2 5 2 5 2 5 2 5 2
0 40 6 3 3 1 5 0 0 2 0 2 0 2 0 2 0 2 0 1 4 6 5 2 5 2 5 2 5 2 5 2 3 5 2 5 2 5 2 4 4 4
0 21 5 2 5 2 5 2 4 4 4 3 5 2 4 4 4 4 3 5 5 2 5
0 42 6 3 3 1 1 3 1 3 3 3 3 3 6 3 3 1 1 1 1 6 0 0 2 0 2 0 6 5 6 6 3 3 3 0 6 4 6 4 6 4 5 2
0 34 0 5 0 3 3 3 3 3 6 3 3 1 3 1 3 1 1 3 1 1 0 2 0 2 0 2 0 2 5 2 3 5 2 5
0 27 6 3 3 1 3 1 1 3 1 1 5 1 1 6 5 2 3 5 5 5 2 5 2 5 2 5 2
0 14 3 5 2 5 2 5 2 5 2 4 4 4 4 4
0 14 5 5 2 5 2 3 3 5 2 5 2 5 2 5
0 58 5 5 2 5 2 5 2 5 2 5 2 4 4 4 3 5 5 3 3 3 3 3 3 3 3 3 5 2 5 2 5 2 5 2 5 2 4 4 3 5 5 2 5 2 5 2 3 5 2 5 2 5 2 5 2 4 4 4
0 37 6 3 3 1 1 3 1 3 1 3 1 1 3 1 1 1 1 6 5 2 5 2 5 2 5 2 5 2 4 4 4 4 4 3 5 2 5
0 18 6 3 5 3 3 3 3 3 3 3 3 5 5 5 2 5 2 5
0 21 0 5 3 3 3 3 5 2 5 2 5 2 5 2 5 2 4 4 4 4 4
0 15 5 2 5 2 5 2 5 2 3 5 2 5 2 5 2
0 37 6 3 3 1 1 1 1 6 6 3 3 1 3 1 3 3 3 3 3 3 3 4 3 5 2 5 2 5 2 4 4 4 3 2 5 0 3
0 27 6 3 3 1 1 3 1 3 1 3 1 1 3 1 1 1 1 6 5 2 5 2 5 2 5 2 5
0 40 6 3 3 1 1 3 1 3 1 3 1 1 3 1 1 1 1 6 5 2 5 2 5 2 5 2 5 2 4 4 4 4 4 3 5 2 5 2 5 2
0 44 0 5 3 3 3 3 3 3 3 3 6 3 3 1 3 1 1 3 1 3 1 1 1 6 5 5 2 5 2 3 5 2 5 2 5 2 5 2 5 2 3 5 2 5
0 31 5 2 5 2 5 2 4 3 4 4 4 3 5 2 5 2 5 2 3 5 2 5 2 5 2 5 2 4 4 4 4
0 27 0 3 3 3 3 3 3 3 3 3 6 3 3 1 3 1 3 1 3 3 3 5 5 2 5 2 4
0 14 5 2 5 2 5 2 3 5 2 4 3 5 2 5
0 27 5 2 5 2 5 2 4 4 4 3 5 2 5 2 5 2 5 2 5 2 3 5 5 5 2 5 2
0 21 0 1 1 6 0 5 2 5 2 4 4 4 4 3 5 2 5 2 5 2 5
0 24 5 2 5 2 5 2 4 3 4 4 4 3 5 2 5 2 5 2 3 5 2 5 2 5
0 24 6 3 3 1 3 1 3 1 3 1 1 1 1 6 5 5 5 2 5 2 5 2 5 2
0 14 5 2 4 4 4 4 3 1 1 6 5 2 5 2
0 13 5 2 5 2 5 2 5 2 4 4 3 5 2
0 27 5 2 5 2 5 2 3 5 2 4 3 5 2 5 2 5 2 5 2 4 4 4 3 5 2 5 2
0 22 0 0 2 0 0 2 0 2 4 4 4 4 1 4 6 6 6 4 4 5 2 5
0 23 0 3 3 3 3 3 5 2 5 2 5 2 3 5 2 5 2 5 2 3 5 5 2
0 17 5 2 5 2 5 2 5 2 4 4 3 5 2 3 5 5 2
0 11 0 1 1 6 5 5 2 5 2 5 2
0 33 6 3 3 1 1 3 1 3 1 3 1 1 3 1 1 1 1 6 5 2 5 2 5 2 5 2 5 2 4 4 4 4 4
0 12 3 5 2 5 2 5 2 5 2 4 4 4
0 15 0 3 3 3 3 3 5 2 5 2 5 2 3 5 2
0 47 6 3 3 1 1 3 1 3 3 3 3 3 6 3 3 1 1 1 1 6 0 0 2 0 2 0 6 5 6 6 3 3 3 0 6 4 6 4 6 4 5 2 5 2 5 2 5
0 29 0 3 3 3 3 3 3 3 3 3 6 3 3 1 3 1 3 1 3 3 3 5 5 2 5 2 4 4 4
0 63 0 6 4 6 6 4 1 0 2 0 2 0 2 3 3 5 6 6 6 6 5 3 5 2 5 2 5 2 5 2 5 2 3 5 3 3 3 3 0 5 3 3 3 3 3 3 3 3 3 3 5 1 1 6 5 5 2 5 2 5 2 5 2
0 58 6 3 3 1 1 3 1 3 1 3 1 1 3 1 1 1 1 6 5 2 5 2 5 2 5 2 5 2 4 4 4 4 4 3 5 2 5 2 5 2 3 5 2 5 2 5 2 5 2 3 5 2 5 2 5 2 5 2
0 36 3 5 3 3 3 0 4 6 4 4 0 2 0 2 0 2 0 2 0 2 0 6 5 5 5 2 5 2 5 2 5 2 3 5 2 5
0 9 5 2 4 3 5 5 2 5 2
0 53 5 2 5 0 3 0 1 1 1 1 1 1 2 5 0 3 0 1 6 3 4 6 4 6 6 3 4 6 4 3 5 2 3 5 2 3 5 2 3 5 3 3 3 3 3 3 5 5 5 2 5 2 5
0 6 5 2 5 0 3 0
0 145 0 5 3 3 3 3 3 3 3 3 6 3 3 1 3 1 1 3 1 1 5 3 3 3 3 6 3 3 1 1 3 1 3 1 1 0 2 0 2 0 2 0 2 3 0 0 0 0 2 0 2 0 6 6 5 5 5 5 5 6 6 6 5 6 6 6 6 5 6 5 0 2 0 2 0 2 0 2 0 2 6 6 6 6 5 3 6 6 5 5 5 3 3 3 3 3 3 0 2 0 2 6 6 5 5 5 6 6 6 6 3 3 5 5 5 3 5 6 3 3 3 5 5 2 5 2 5 2 5 2 5 2 4 4 3 5 2 5 2 5 2 5 2 3 2
0 25 6 3 3 1 1 4 6 5 2 5 0 3 0 1 5 2 5 2 5 2 5 2 5 2 4
0 33 5 5 5 2 5 2 4 3 5 5 6 4 6 1 4 1 4 6 4 1 0 0 0 5 6 5 5 5 3 5 2 5 2
0 12 6 3 3 1 1 3 1 1 3 1 2 5
0 35 5 5 2 5 2 5 2 3 5 2 5 2 4 4 3 0 2 0 2 0 2 0 2 0 5 5 2 4 4 3 5 2 5 2 5
0 11 0 3 3 3 5 2 5 2 5 2 5
0 127 0 5 3 3 3 3 3 3 3 3 6 3 3 1 3 1 1 3 1 1 5 3 3 3 3 6 3 3 1 1 3 1 3 1 1 0 2 0 2 0 2 0 2 3 0 0 0 0 2 0 2 0 6 6 5 5 5 5 5 6 6 6 5 6 6 6 6 5 6 5 0 2 0 2 0 2 0 2 0 2 6 6 6 6 5 3 6 6 5 5 5 3 3 3 3 3 3 0 2 0 2 6 6 5 5 5 6 6 6 6 3 3 5 5 5 3 5 6 3 3 3 5 5 2 5 2 5
0 21 6 3 3 1 1 4 6 5 2 5 0 3 0 1 5 2 5 2 5 2 5
0 15 6 3 5 3 3 3 3 3 3 3 3 5 5 5 2
0 16 6 3 5 3 3 3 3 3 3 3 3 5 5 5 2 5
0 14 5 2 5 2 5 2 5 2 3 5 2 5 2 5
0 44 6 3 3 1 1 3 1 3 1 3 1 1 3 1 1 1 1 6 5 2 5 2 5 2 5 2 5 2 4 4 4 4 4 3 5 2 5 2 5 2 3 5 2 5
0 13 0 3 3 3 3 3 3 5 2 5 2 5 2
0 31 0 6 4 6 6 4 1 0 2 0 2 0 2 3 3 5 6 6 6 6 5 3 5 2 5 2 5 2 5 2 5
0 45 6 3 3 1 1 3 1 3 3 3 3 3 6 3 3 1 1 1 1 6 0 0 2 0 2 0 6 5 6 6 3 3 3 0 6 4 6 4 6 4 5 2 5 2 5
0 24 0 0 2 0 0 2 0 2 4 4 4 4 1 4 6 6 6 4 4 5 2 5 2 5
0 4 5 5 2 4
0 10 0 3 3 3 3 3 3 5 2 5
0 19 5 2 4 4 4 4 3 1 1 6 5 2 5 2 3 5 2 5 2
0 15 5 2 5 2 5 2 5 2 3 5 5 5 2 5 2
0 52 6 3 0 2 0 0 3 5 6 5 6 6 0 2 0 2 0 3 5 3 3 0 2 0 2 0 2 0 2 3 6 6 5 0 3 3 5 6 3 4 1 6 4 4 5 2 5 2 5 2 5 2
0 18 0 1 1 6 0 5 2 5 2 4 4 4 4 3 5 2 5 2
0 46 0 3 3 3 3 3 3 3 3 3 6 3 3 1 3 1 3 1 3 3 3 5 5 2 5 2 4 4 4 4 3 1 1 6 5 5 5 5 1 1 1 1 2 5 0 3
0 13 0 1 1 6 0 5 2 5 2 4 4 4 4
0 9 5 2 5 2 5 2 5 2 5
0 33 5 5 2 5 2 5 2 5 2 3 4 6 4 0 5 3 3 3 3 3 3 5 5 5 5 2 5 2 5 2 3 5 2
0 24 0 6 4 6 6 4 1 0 2 0 2 0 2 3 3 5 6 6 6 6 5 3 5 2
0 11 5 2 4 3 5 5 2 5 2 5 2
0 15 5 2 5 2 5 2 4 3 4 4 4 3 5 2 5
0 64 6 3 3 1 1 3 1 3 1 3 1 1 3 1 1 1 1 6 5 2 5 2 5 2 5 2 5 2 4 4 4 4 4 3 5 2 5 2 5 2 3 5 2 5 2 5 2 5 2 3 5 2 5 2 5 2 5 2 5 2 3 5 2 5
0 12 5 2 4 3 5 5 2 5 2 5 2 5
0 24 6 3 3 1 1 4 6 5 2 5 0 3 0 1 5 2 5 2 5 2 5 2 5 2
0 43 6 3 3 1 1 3 1 3 1 3 1 1 3 1 1 1 1 6 5 2 5 2 5 2 5 2 5 2 4 4 4 4 4 3 5 2 5 2 5 2 3 5 2
0 76 0 6 3 6 3 4 6 6 3 4 6 4 6 3 4 6 4 6 6 3 6 3 4 4 6 4 6 4 2 5 0 3 5 1 4 0 3 0 1 6 3 3 1 1 3 1 1 3 1 3 1 3 1 1 1 6 6 3 3 1 6 3 3 1 3 1 3 1 3 1 1 2 5 0 3 0
0 30 5 5 2 5 2 5 2 5 2 5 2 4 4 4 3 5 5 3 3 3 3 3 3 3 3 3 5 2 5 2
0 30 5 5 2 5 2 3 0 2 6 6 6 5 5 6 3 3 5 5 5 1 1 6 5 5 2 5 2 3 5 2
0 28 5 5 2 5 2 5 2 3 5 2 5 2 4 4 3 0 2 0 2 0 2 0 2 0 5 5 2 4
0 18 6 3 3 1 1 4 6 5 2 5 0 3 0 1 5 2 5 2
0 91 5 2 5 2 5 2 4 4 4 3 5 2 5 2 5 2 5 2 5 2 3 5 5 5 2 5 2 3 0 2 0 2 0 2 0 2 0 2 6 3 3 0 0 2 0 2 0 2 0 2 0 2 0 0 5 6 5 5 6 6 5 5 6 6 0 4 6 6 3 3 1 3 1 3 1 3 1 1 3 1 5 3 3 3 3 5 2 5 2 5 2
0 22 5 2 5 2 5 2 5 2 4 4 3 5 2 3 5 5 2 5 2 5 2 5
0 27 5 2 4 3 5 5 2 5 2 5 2 5 2 5 2 4 4 4 3 5 5 2 5 2 5 2 5
0 9 0 1 1 6 5 5 2 5 2
0 12 5 2 4 4 4 4 3 1 1 6 5 2
0 87 6 3 3 1 1 3 1 3 1 3 1 1 3 1 1 1 1 6 5 2 5 2 5 2 5 2 5 2 4 4 4 4 4 3 5 2 5 2 5 2 3 5 2 5 2 5 2 5 2 3 5 2 5 2 5 2 5 2 5 2 3 5 2 5 2 5 2 4 4 4 4 3 3 3 3 3 3 0 3 3 3 3 3 5 2 5 2
0 13 6 3 3 1 1 4 6 5 2 5 0 3 0
0 10 5 2 5 2 5 2 3 5 2 4
0 14 0 3 3 3 3 3 3 5 2 5 2 5 2 5
0 26 6 3 3 1 4 6 4 6 6 3 6 3 4 4 6 4 6 4 6 4 6 6 3 4 2 5
0 42 5 5 5 2 5 2 4 3 5 5 6 4 6 1 4 1 4 6 4 1 0 0 0 5 6 5 5 5 3 5 2 5 2 5 2 5 2 5 2 4 4 4
0 25 0 3 3 3 3 3 3 3 3 3 6 3 3 1 3 1 3 1 3 3 3 5 5 2 5
0 3 3 5 2
0 30 0 1 0 2 0 2 0 2 0 0 0 0 2 0 2 0 2 0 2 0 2 0 1 4 0 1 1 6 5 2
0 14 0 3 3 3 5 5 2 5 2 5 2 5 2 5
0 61 0 6 4 6 6 4 1 0 2 0 2 0 2 3 3 5 6 6 6 6 5 3 5 2 5 2 5 2 5 2 5 2 3 5 3 3 3 3 0 5 3 3 3 3 3 3 3 3 3 3 5 1 1 6 5 5 2 5 2 5 2
0 29 6 3 3 1 1 1 1 6 6 3 3 1 3 1 3 3 3 3 3 3 3 4 3 5 2 5 2 5 2
0 70 0 3 3 3 3 3 3 3 3 3 3 3 6 3 3 1 3 1 3 1 1 4 6 6 3 6 3 4 6 6 3 5 1 1 4 6 6 3 5 2 5 0 3 0 1 5 2 5 2 5 2 5 2 5 2 3 5 2 5 2 5 2 5 2 3 5 2 5 2 5
0 9 5 2 5 2 5 2 4 4 4
0 12 5 2 5 2 5 2 5 2 4 4 4 4
0 71 6 3 0 2 0 0 3 5 6 5 6 6 0 2 0 2 0 3 5 3 3 0 2 0 2 0 2 0 2 3 6 6 5 0 3 3 5 6 3 4 1 6 4 4 5 2 5 2 5 2 5 2 3 5 2 5 2 5 2 5 2 4 4 3 5 5 2 5 2 5 2
0 37 3 5 3 3 3 0 4 6 4 4 0 2 0 2 0 2 0 2 0 2 0 6 5 5 5 2 5 2 5 2 5 2 3 5 2 5 2
0 29 5 5 2 5 2 5 2 3 5 2 5 2 4 4 3 0 2 0 2 0 2 0 2 0 5 5 2 4 4
0 4 5 5 2 5
0 131 0 5 3 3 3 3 3 3 3 3 6 3 3 1 3 1 1 3 1 1 5 3 3 3 3 6 3 3 1 1 3 1 3 1 1 0 2 0 2 0 2 0 2 3 0 0 0 0 2 0 2 0 6 6 5 5 5 5 5 6 6 6 5 6 6 6 6 5 6 5 0 2 0 2 0 2 0 2 0 2 6 6 6 6 5 3 6 6 5 5 5 3 3 3 3 3 3 0 2 0 2 6 6 5 5 5 6 6 6 6 3 3 5 5 5 3 5 6 3 3 3 5 5 2 5 2 5 2 5 2 5
0 42 0 3 3 3 3 3 0 0 2 0 6 0 2 0 2 0 2 0 2 0 2 6 5 6 5 0 2 0 2 0 2 0 0 0 3 3 3 3 3 3 5 2
0 12 0 4 6 6 3 6 3 4 2 5 0 3
0 10 0 3 3 3 5 2 5 2 5 2
0 57 0 6 4 6 6 4 1 0 2 0 2 0 2 3 3 5 6 6 6 6 5 3 5 2 5 2 5 2 5 2 5 2 3 5 3 3 3 3 0 5 3 3 3 3 3 3 3 3 3 3 5 1 1 6 5 5 2
0 13 0 3 3 3 5 2 5 2 5 2 5 2 4
0 54 5 2 5 0 3 0 1 1 1 1 1 1 2 5 0 3 0 1 6 3 4 6 4 6 6 3 4 6 4 3 5 2 3 5 2 3 5 2 3 5 3 3 3 3 3 3 5 5 5 2 5 2 5 2
0 9 0 3 3 3 5 2 5 2 5
0 19 0 3 3 3 3 3 0 6 3 4 4 4 4 4 5 2 5 2 4
0 23 5 5 5 5 5 5 3 3 3 3 3 3 0 1 1 1 1 1 4 6 4 2 5
0 42 0 3 3 3 3 3 3 3 3 3 3 3 6 3 3 1 3 1 3 1 1 4 6 6 3 6 3 4 6 6 3 5 1 1 4 6 6 3 5 2 5 0
0 37 6 3 3 1 5 0 0 2 0 2 0 2 0 2 0 2 0 1 4 6 5 2 5 2 5 2 5 2 5 2 3 5 2 5 2 5 2
0 71 0 1 4 4 6 0 2 0 2 0 2 0 2 5 6 5 3 5 6 6 5 6 0 4 4 6 6 6 0 2 0 2 0 2 0 2 0 2 3 3 5 5 6 5 3 3 3 4 1 4 1 6 0 1 1 6 5 4 4 4 3 5 2 4 4 3 5 2 5 2 5
0 10 0 1 1 6 5 2 5 2 5 2
0 20 0 3 3 3 3 3 0 6 3 4 4 4 4 4 5 2 5 2 4 4
0 20 5 2 5 2 5 2 4 4 4 3 5 2 4 4 4 4 3 5 5 2
0 26 0 3 3 3 3 3 6 3 3 1 3 1 5 3 3 3 3 3 3 3 3 3 3 5 2 5
0 27 6 3 3 1 1 4 6 5 2 5 0 3 0 1 5 2 5 2 5 2 5 2 5 2 4 4 4
0 62 0 3 3 3 3 3 3 3 3 3 3 3 6 3 3 1 3 1 3 1 1 4 6 6 3 6 3 4 6 6 3 5 1 1 4 6 6 3 5 2 5 0 3 0 1 5 2 5 2 5 2 5 2 5 2 3 5 2 5 2 5 2
0 12 5 5 2 5 2 5 2 5 2 4 4 4
0 22 5 2 5 2 5 2 4 4 4 3 5 2 4 4 4 4 3 5 5 2 5 2
0 158 0 5 3 3 3 3 3 3 3 3 6 3 3 1 3 1 1 3 1 1 5 3 3 3 3 6 3 3 1 1 3 1 3 1 1 0 2 0 2 0 2 0 2 3 0 0 0 0 2 0 2 0 6 6 5 5 5 5 5 6 6 6 5 6 6 6 6 5 6 5 0 2 0 2 0 2 0 2 0 2 6 6 6 6 5 3 6 6 5 5 5 3 3 3 3 3 3 0 2 0 2 6 6 5 5 5 6 6 6 6 3 3 5 5 5 3 5 6 3 3 3 5 5 2 5 2 5 2 5 2 5 2 4 4 3 5 2 5 2 5 2 5 2 3 2 5 0 3 5 1 4 6 4 6 4 4 2 5
0 5 5 2 5 2 4
0 10 5 5 2 5 2 5 2 5 2 4
0 31 5 5 2 5 2 5 2 5 2 5 2 4 4 4 3 5 5 3 3 3 3 3 3 3 3 3 5 2 5 2 5
0 39 0 5 0 3 3 3 3 3 6 3 3 1 3 1 3 1 1 3 1 1 0 2 0 2 0 2 0 2 5 2 3 5 2 5 2 5 2 5 2
0 27 0 5 3 3 3 3 3 3 3 3 6 3 3 1 3 1 1 3 1 3 1 1 1 6 5 5 2
0 59 0 3 3 3 3 3 3 3 3 3 3 3 6 3 3 1 3 1 3 1 1 4 6 6 3 6 3 4 6 6 3 5 1 1 4 6 6 3 5 2 5 0 3 0 1 5 2 5 2 5 2 5 2 5 2 3 5 2 5
0 25 0 1 1 6 5 5 2 5 2 5 2 3 5 2 5 2 3 5 2 3 5 2 5 2 5
0 8 3 5 2 5 2 5 2 5
0 39 0 0 2 0 2 0 2 0 0 0 2 0 0 0 2 0 1 4 6 3 3 1 1 3 1 1 3 1 3 1 5 3 3 3 3 3 3 5 2
0 19 5 2 5 2 5 2 5 2 3 5 5 5 2 5 2 5 2 5 2
0 69 0 3 3 3 5 2 5 2 5 2 5 2 4 4 4 3 4 4 4 4 4 3 5 2 5 2 5 2 3 5 0 2 0 2 0 2 4 0 5 3 3 3 3 3 3 3 3 3 3 0 6 3 6 3 6 3 6 3 5 6 3 4 6 4 6 5 2 5 0
0 17 5 5 2 5 2 3 3 5 2 5 2 5 2 5 2 5 2
0 7 5 5 2 4 4 4 4
0 11 6 3 3 1 1 3 1 1 3 1 2
0 58 0 3 3 3 3 3 3 3 3 3 3 3 6 3 3 1 3 1 3 1 1 4 6 6 3 6 3 4 6 6 3 5 1 1 4 6 6 3 5 2 5 0 3 0 1 5 2 5 2 5 2 5 2 5 2 3 5 2
0 20 6 3 3 1 1 3 1 3 1 3 1 1 3 1 1 1 1 6 5 2
0 23 0 1 1 6 5 5 2 5 2 5 2 3 5 2 5 2 3 5 2 3 5 2 5
0 101 0 3 3 3 3 3 3 5 2 5 2 5 2 5 2 5 2 3 6 3 3 1 3 1 1 1 1 6 0 0 2 0 2 0 2 0 2 0 2 0 2 0 2 0 2 5 5 5 5 0 3 3 3 3 0 0 2 0 2 0 2 0 2 6 6 6 5 5 3 3 3 5 3 3 6 5 6 5 3 5 6 3 0 2 0 2 0 2 4 4 4 4 4 3 5 5 2 5 2 5 2
0 40 0 3 3 3 3 3 3 3 3 3 3 3 6 3 3 1 3 1 3 1 1 4 6 6 3 6 3 4 6 6 3 5 1 1 4 6 6 3 5 2
0 47 0 5 3 3 3 3 3 3 3 3 6 3 3 1 3 1 1 3 1 3 1 1 1 6 5 5 2 5 2 3 5 2 5 2 5 2 5 2 5 2 3 5 2 5 2 5 2
0 35 6 3 3 1 1 1 1 6 6 3 3 1 3 1 3 3 3 3 3 3 3 4 3 5 2 5 2 5 2 4 4 4 3 2 5
0 18 0 3 3 3 3 3 0 6 3 4 4 4 4 4 5 2 5 2
0 9 6 3 3 1 1 4 6 5 2
0 137 0 5 3 3 3 3 3 3 3 3 6 3 3 1 3 1 1 3 1 1 5 3 3 3 3 6 3 3 1 1 3 1 3 1 1 0 2 0 2 0 2 0 2 3 0 0 0 0 2 0 2 0 6 6 5 5 5 5 5 6 6 6 5 6 6 6 6 5 6 5 0 2 0 2 0 2 0 2 0 2 6 6 6 6 5 3 6 6 5 5 5 3 3 3 3 3 3 0 2 0 2 6 6 5 5 5 6 6 6 6 3 3 5 5 5 3 5 6 3 3 3 5 5 2 5 2 5 2 5 2 5 2 4 4 3 5 2
0 35 0 5 3 3 3 3 3 3 3 3 6 3 3 1 3 1 1 3 1 3 1 1 1 6 5 5 2 5 2 3 5 2 5 2 5
0 91 6 3 3 1 1 3 1 3 1 3 1 1 3 1 1 1 1 6 5 2 5 2 5 2 5 2 5 2 4 4 4 4 4 3 5 2 5 2 5 2 3 5 2 5 2 5 2 5 2 3 5 2 5 2 5 2 5 2 5 2 3 5 2 5 2 5 2 4 4 4 4 3 3 3 3 3 3 0 3 3 3 3 3 5 2 5 2 5 2 5 2
0 32 5 5 2 5 2 3 5 1 1 6 0 3 3 3 3 3 3 3 3 3 3 3 5 5 5 1 1 1 1 1 2 5
0 100 0 3 3 3 3 3 3 5 2 5 2 5 2 5 2 5 2 3 6 3 3 1 3 1 1 1 1 6 0 0 2 0 2 0 2 0 2 0 2 0 2 0 2 0 2 5 5 5 5 0 3 3 3 3 0 0 2 0 2 0 2 0 2 6 6 6 5 5 3 3 3 5 3 3 6 5 6 5 3 5 6 3 0 2 0 2 0 2 4 4 4 4 4 3 5 5 2 5 2 5
0 18 5 2 5 2 5 2 5 2 3 5 5 5 2 5 2 5 2 5
0 19 0 1 1 6 5 5 2 5 2 5 2 3 5 2 5 2 3 5 2
0 36 5 2 5 2 5 2 4 3 4 4 4 3 5 2 5 2 5 2 3 5 2 5 2 5 2 5 2 4 4 4 4 4 3 5 2 5
0 8 0 3 3 3 5 2 5 2
0 17 5 2 5 0 3 0 1 1 1 1 1 1 2 5 0 3 0
0 28 6 3 3 1 1 1 1 6 6 3 3 1 3 1 3 3 3 3 3 3 3 4 3 5 2 5 2 5
0 12 5 5 2 5 2 5 2 3 5 2 5 2
0 22 5 2 5 2 5 2 3 5 2 4 3 5 2 5 2 5 2 5 2 4 4 4
0 47 6 3 0 2 0 0 3 5 6 5 6 6 0 2 0 2 0 3 5 3 3 0 2 0 2 0 2 0 2 3 6 6 5 0 3 3 5 6 3 4 1 6 4 4 5 2 5
0 20 0 5 3 3 3 3 6 3 3 1 3 1 1 3 1 1 1 1 2 5
0 16 5 2 5 2 5 2 3 5 2 4 3 5 2 5 2 5
0 26 5 2 5 2 5 2 4 3 4 4 4 3 5 2 5 2 5 2 3 5 2 5 2 5 2 5
0 34 6 3 3 1 1 1 1 6 6 3 3 1 3 1 3 3 3 3 3 3 3 4 3 5 2 5 2 5 2 4 4 4 3 2
0 49 6 3 0 2 0 0 3 5 6 5 6 6 0 2 0 2 0 3 5 3 3 0 2 0 2 0 2 0 2 3 6 6 5 0 3 3 5 6 3 4 1 6 4 4 5 2 5 2 5
0 8 0 1 1 6 0 5 2 5
0 33 5 5 2 5 2 5 2 5 2 5 2 4 4 4 3 5 5 3 3 3 3 3 3 3 3 3 5 2 5 2 5 2 5
0 26 6 3 3 1 1 3 1 3 1 3 1 1 3 1 1 1 1 6 5 2 5 2 5 2 5 2
0 29 5 5 2 5 2 5 2 5 2 5 2 4 4 4 3 5 5 3 3 3 3 3 3 3 3 3 5 2 5
0 25 0 3 3 3 3 3 6 3 3 1 3 1 5 3 3 3 3 3 3 3 3 3 3 5 2
0 126 0 5 3 3 3 3 3 3 3 3 6 3 3 1 3 1 1 3 1 1 5 3 3 3 3 6 3 3 1 1 3 1 3 1 1 0 2 0 2 0 2 0 2 3 0 0 0 0 2 0 2 0 6 6 5 5 5 5 5 6 6 6 5 6 6 6 6 5 6 5 0 2 0 2 0 2 0 2 0 2 6 6 6 6 5 3 6 6 5 5 5 3 3 3 3 3 3 0 2 0 2 6 6 5 5 5 6 6 6 6 3 3 5 5 5 3 5 6 3 3 3 5 5 2 5 2
0 22 6 3 3 1 3 1 3 1 3 1 1 1 1 6 5 5 5 2 5 2 5 2
0 17 6 3 3 1 1 4 6 5 2 5 0 3 0 1 5 2 5
0 23 5 2 5 2 5 2 5 2 4 4 3 5 2 3 5 5 2 5 2 5 2 5 2
0 48 6 3 3 1 3 1 1 3 1 3 1 3 1 3 3 3 3 3 0 4 4 4 4 4 4 4 6 0 6 6 3 4 6 4 6 6 3 6 3 4 4 6 4 6 4 2 5 0
0 16 0 3 3 3 3 3 3 5 2 5 2 5 2 5 2 5
0 157 0 5 3 3 3 3 3 3 3 3 6 3 3 1 3 1 1 3 1 1 5 3 3 3 3 6 3 3 1 1 3 1 3 1 1 0 2 0 2 0 2 0 2 3 0 0 0 0 2 0 2 0 6 6 5 5 5 5 5 6 6 6 5 6 6 6 6 5 6 5 0 2 0 2 0 2 0 2 0 2 6 6 6 6 5 3 6 6 5 5 5 3 3 3 3 3 3 0 2 0 2 6 6 5 5 5 6 6 6 6 3 3 5 5 5 3 5 6 3 3 3 5 5 2 5 2 5 2 5 2 5 2 4 4 3 5 2 5 2 5 2 5 2 3 2 5 0 3 5 1 4 6 4 6 4 4 2
0 25 0 3 3 3 5 2 5 2 5 2 5 2 4 4 4 3 4 4 4 4 4 3 5 2 5
0 75 0 1 4 4 6 0 2 0 2 0 2 0 2 5 6 5 3 5 6 6 5 6 0 4 4 6 6 6 0 2 0 2 0 2 0 2 0 2 3 3 5 5 6 5 3 3 3 4 1 4 1 6 0 1 1 6 5 4 4 4 3 5 2 4 4 3 5 2 5 2 5 2 5 2 5
0 88 5 2 5 2 5 2 4 4 4 3 5 2 5 2 5 2 5 2 5 2 3 5 5 5 2 5 2 3 0 2 0 2 0 2 0 2 0 2 6 3 3 0 0 2 0 2 0 2 0 2 0 2 0 0 5 6 5 5 6 6 5 5 6 6 0 4 6 6 3 3 1 3 1 3 1 3 1 1 3 1 5 3 3 3 3 5 2 5
0 16 5 2 5 2 5 2 4 3 4 4 4 3 5 2 5 2
0 13 0 4 6 6 3 6 3 4 2 5 0 3 5
0 27 6 3 3 1 1 3 1 1 3 1 1 3 1 1 3 1 1 1 1 6 5 2 5 2 5 2 5
0 16 0 1 1 6 5 5 2 5 2 5 2 3 5 2 5 2
0 72 0 1 4 4 6 0 2 0 2 0 2 0 2 5 6 5 3 5 6 6 5 6 0 4 4 6 6 6 0 2 0 2 0 2 0 2 0 2 3 3 5 5 6 5 3 3 3 4 1 4 1 6 0 1 1 6 5 4 4 4 3 5 2 4 4 3 5 2 5 2 5 2
0 106 0 0 2 0 0 2 0 2 4 4 4 4 1 4 6 6 6 4 4 5 2 5 2 5 2 5 2 5 2 3 5 5 0 2 0 2 0 2 0 2 0 2 0 3 0 2 0 2 0 2 0 2 3 0 0 6 3 6 3 3 0 4 6 4 6 6 3 6 6 3 5 6 3 4 6 4 6 6 3 5 1 1 5 5 5 1 1 1 1 1 1 1 6 3 4 6 4 6 4 6 4 2 5 0 3 0
0 54 5 5 2 5 2 5 2 5 2 5 2 4 4 4 3 5 5 3 3 3 3 3 3 3 3 3 5 2 5 2 5 2 5 2 5 2 4 4 3 5 5 2 5 2 5 2 3 5 2 5 2 5 2 5
0 31 6 3 3 1 1 1 1 6 6 3 3 1 3 1 3 3 3 3 3 3 3 4 3 5 2 5 2 5 2 4 4
0 32 6 3 3 1 1 3 1 1 3 1 1 3 1 1 3 1 1 1 1 6 5 2 5 2 5 2 5 2 3 5 5 2
0 17 5 5 2 5 2 5 2 5 2 4 4 4 3 5 2 5 2
0 12 6 3 3 1 1 4 6 5 2 5 0 3
0 20 6 3 3 1 3 1 3 1 3 1 1 1 1 6 5 5 5 2 5 2
0 8 0 5 3 3 3 3 5 2
0 18 0 5 3 3 3 3 5 2 5 2 5 2 5 2 5 2 4 4
0 5 5 5 2 5 2
0 66 6 3 3 1 1 3 1 3 1 3 1 1 3 1 1 1 1 6 5 2 5 2 5 2 5 2 5 2 4 4 4 4 4 3 5 2 5 2 5 2 3 5 2 5 2 5 2 5 2 3 5 2 5 2 5 2 5 2 5 2 3 5 2 5 2 5
0 24 5 2 5 2 5 2 4 4 4 3 5 2 4 4 4 4 3 5 5 2 5 2 4 4
0 31 0 1 0 2 0 2 0 2 0 0 0 0 2 0 2 0 2 0 2 0 2 0 1 4 0 1 1 6 5 2 5
0 129 0 5 3 3 3 3 3 3 3 3 6 3 3 1 3 1 1 3 1 1 5 3 3 3 3 6 3 3 1 1 3 1 3 1 1 0 2 0 2 0 2 0 2 3 0 0 0 0 2 0 2 0 6 6 5 5 5 5 5 6 6 6 5 6 6 6 6 5 6 5 0 2 0 2 0 2 0 2 0 2 6 6 6 6 5 3 6 6 5 5 5 3 3 3 3 3 3 0 2 0 2 6 6 5 5 5 6 6 6 6 3 3 5 5 5 3 5 6 3 3 3 5 5 2 5 2 5 2 5
0 13 5 2 5 0 3 0 1 1 1 1 1 1 2
0 24 0 3 3 3 3 3 3 3 3 3 6 3 3 1 3 1 3 1 3 3 3 5 5 2
0 41 5 2 5 2 5 2 4 3 4 4 4 3 5 2 5 2 5 2 3 5 2 5 2 5 2 5 2 4 4 4 4 4 3 5 2 5 2 5 2 5 2
0 33 0 1 0 2 0 2 0 2 0 0 0 0 2 0 2 0 2 0 2 0 2 0 1 4 0 1 1 6 5 2 5 2 5
0 16 5 2 5 2 5 2 5 2 3 5 2 5 2 5 2 5
0 16 5 2 4 3 5 5 2 5 2 5 2 5 2 5 2 4
0 17 0 3 3 3 3 3 0 6 3 4 4 4 4 4 5 2 5
0 58 0 6 4 6 6 4 1 0 2 0 2 0 2 3 3 5 6 6 6 6 5 3 5 2 5 2 5 2 5 2 5 2 3 5 3 3 3 3 0 5 3 3 3 3 3 3 3 3 3 3 5 1 1 6 5 5 2 5
0 55 5 2 5 0 3 0 1 1 1 1 1 1 2 5 0 3 0 1 6 3 4 6 4 6 6 3 4 6 4 3 5 2 3 5 2 3 5 2 3 5 3 3 3 3 3 3 5 5 5 2 5 2 5 2 5
0 71 0 3 3 3 5 2 5 2 5 2 5 2 4 4 4 3 4 4 4 4 4 3 5 2 5 2 5 2 3 5 0 2 0 2 0 2 4 0 5 3 3 3 3 3 3 3 3 3 3 0 6 3 6 3 6 3 6 3 5 6 3 4 6 4 6 5 2 5 0 3 5
0 20 5 2 5 2 5 2 3 5 2 4 3 5 2 5 2 5 2 5 2 4
0 46 6 3 0 2 0 0 3 5 6 5 6 6 0 2 0 2 0 3 5 3 3 0 2 0 2 0 2 0 2 3 6 6 5 0 3 3 5 6 3 4 1 6 4 4 5 2
0 52 6 3 3 1 1 3 1 3 1 3 1 1 3 1 1 1 1 6 5 2 5 2 5 2 5 2 5 2 4 4 4 4 4 3 5 2 5 2 5 2 3 5 2 5 2 5 2 5 2 3 5 2
0 29 5 5 2 5 2 5 2 5 2 3 4 6 4 0 5 3 3 3 3 3 3 5 5 5 5 2 5 2 5
0 26 5 2 5 2 5 2 4 4 4 3 5 2 5 2 5 2 5 2 5 2 3 5 5 5 2 5
0 17 5 2 5 2 5 2 4 4 4 3 5 2 5 2 5 2 5
0 9 0 5 3 3 3 3 5 2 5
0 53 6 3 3 1 1 3 1 3 3 3 3 3 6 3 3 1 1 1 1 6 0 0 2 0 2 0 6 5 6 6 3 3 3 0 6 4 6 4 6 4 5 2 5 2 5 2 5 2 4 4 3 5 2
0 25 6 3 3 1 5 0 0 2 0 2 0 2 0 2 0 2 0 1 4 6 5 2 5 2 5
0 97 0 0 2 0 2 0 0 2 0 2 0 2 0 2 0 2 0 2 0 0 0 0 2 0 0 6 3 3 1 1 3 1 1 4 4 6 4 4 4 4 6 0 2 0 2 0 2 0 2 0 2 5 6 6 5 6 5 6 5 0 0 3 5 5 6 3 5 6 5 6 3 6 3 3 1 3 1 3 1 1 3 1 1 3 1 3 6 3 3 1 1 3 1 5 5 2 5
0 26 5 5 2 5 2 5 2 5 2 3 4 6 4 0 5 3 3 3 3 3 3 5 5 5 5 2
0 50 6 3 3 1 1 3 1 3 3 3 3 3 6 3 3 1 1 1 1 6 0 0 2 0 2 0 6 5 6 6 3 3 3 0 6 4 6 4 6 4 5 2 5 2 5 2 5 2 4 4
0 11 5 5 2 5 2 5 2 5 2 5 2
0 22 6 3 3 1 1 4 6 5 2 5 0 3 0 1 5 2 5 2 5 2 5 2
0 24 6 3 5 3 3 3 3 3 3 3 3 5 5 5 2 5 2 5 2 3 5 2 4 4
0 40 6 3 3 1 1 3 1 3 1 1 3 1 3 3 3 3 3 3 3 3 3 1 1 6 5 3 3 3 3 3 3 3 3 3 3 5 5 2 5 2
0 28 5 5 2 5 2 5 2 5 2 5 2 4 4 4 3 5 5 3 3 3 3 3 3 3 3 3 5 2
0 71 0 6 4 6 6 4 1 0 2 0 2 0 2 3 3 5 6 6 6 6 5 3 5 2 5 2 5 2 5 2 5 2 3 5 3 3 3 3 0 5 3 3 3 3 3 3 3 3 3 3 5 1 1 6 5 5 2 5 2 5 2 5 2 3 5 2 5 2 5 2 5
0 23 6 3 3 1 1 3 1 1 3 1 1 3 1 1 3 1 1 1 1 6 5 2 5
0 8 0 1 1 6 5 5 2 5
0 45 0 5 3 3 3 3 3 3 3 3 6 3 3 1 3 1 1 3 1 3 1 1 1 6 5 5 2 5 2 3 5 2 5 2 5 2 5 2 5 2 3 5 2 5 2
0 42 0 0 2 0 2 0 2 0 0 0 2 0 0 0 2 0 1 4 6 3 3 1 1 3 1 1 3 1 3 1 5 3 3 3 3 3 3 5 2 5 2 5
0 14 5 2 5 0 3 0 1 1 1 1 1 1 2 5
0 18 5 2 5 2 5 2 5 2 3 5 5 2 5 2 5 2 5 2
0 56 5 5 2 5 2 5 2 5 2 5 2 4 4 4 3 5 5 3 3 3 3 3 3 3 3 3 5 2 5 2 5 2 5 2 5 2 4 4 3 5 5 2 5 2 5 2 3 5 2 5 2 5 2 5 2 4
0 27 6 3 3 1 1 1 1 6 6 3 3 1 3 1 3 3 3 3 3 3 3 4 3 5 2 5 2
0 50 0 3 3 3 3 3 0 0 2 0 6 0 2 0 2 0 2 0 2 0 2 6 5 6 5 0 2 0 2 0 2 0 0 0 3 3 3 3 3 3 5 2 5 2 5 2 4 4 4 4
0 23 5 2 5 2 5 2 4 3 4 4 4 3 5 2 5 2 5 2 3 5 2 5 2
0 74 0 6 3 6 3 4 6 6 3 4 6 4 6 3 4 6 4 6 6 3 6 3 4 4 6 4 6 4 2 5 0 3 5 1 4 0 3 0 1 6 3 3 1 1 3 1 1 3 1 3 1 3 1 1 1 6 6 3 3 1 6 3 3 1 3 1 3 1 3 1 1 2 5 0
0 31 5 5 2 5 2 3 5 1 1 6 0 3 3 3 3 3 3 3 3 3 3 3 5 5 5 1 1 1 1 1 2
0 11 0 5 3 3 3 3 5 2 5 2 5
0 59 0 6 4 6 6 4 1 0 2 0 2 0 2 3 3 5 6 6 6 6 5 3 5 2 5 2 5 2 5 2 5 2 3 5 3 3 3 3 0 5 3 3 3 3 3 3 3 3 3 3 5 1 1 6 5 5 2 5 2
0 25 5 2 4 3 5 5 2 5 2 5 2 5 2 5 2 4 4 4 3 5 5 2 5 2 5
0 14 0 3 3 3 5 2 5 2 5 2 5 2 4 4
0 33 0 1 1 6 5 5 2 5 2 5 2 3 5 2 5 2 3 5 2 3 5 2 5 2 5 2 4 4 3 5 2 5 2
0 68 0 6 4 6 6 4 1 0 2 0 2 0 2 3 3 5 6 6 6 6 5 3 5 2 5 2 5 2 5 2 5 2 3 5 3 3 3 3 0 5 3 3 3 3 3 3 3 3 3 3 5 1 1 6 5 5 2 5 2 5 2 5 2 3 5 2 5 2
0 22 6 3 5 3 3 3 3 3 3 3 3 5 5 5 2 5 2 5 2 3 5 2
0 32 0 1 0 2 0 2 0 2 0 0 0 0 2 0 2 0 2 0 2 0 2 0 1 4 0 1 1 6 5 2 5 2
0 30 5 5 2 5 2 5 2 5 2 3 4 6 4 0 5 3 3 3 3 3 3 5 5 5 5 2 5 2 5 2
0 5 5 5 5 2 5
0 49 0 3 3 3 3 3 0 0 2 0 6 0 2 0 2 0 2 0 2 0 2 6 5 6 5 0 2 0 2 0 2 0 0 0 3 3 3 3 3 3 5 2 5 2 5 2 4 4 4
0 4 5 5 5 2
0 37 5 2 5 2 5 2 4 3 4 4 4 3 5 2 5 2 5 2 3 5 2 5 2 5 2 5 2 4 4 4 4 4 3 5 2 5 2
0 10 0 5 3 3 3 3 5 2 5 2
0 44 5 5 2 5 2 5 2 5 2 5 2 4 4 4 3 5 5 3 3 3 3 3 3 3 3 3 5 2 5 2 5 2 5 2 5 2 4 4 3 5 5 2 5 2
0 13 5 2 5 2 5 2 5 2 5 2 4 4 4
0 25 6 3 3 1 1 3 1 3 1 3 1 1 3 1 1 1 1 6 5 2 5 2 5 2 5
0 17 0 5 3 3 3 3 5 2 5 2 5 2 5 2 5 2 4
0 14 5 2 5 2 5 2 5 2 3 5 5 5 2 5
0 17 5 2 5 2 5 2 5 2 3 5 5 2 5 2 5 2 5
0 13 0 3 3 3 5 5 2 5 2 5 2 5 2
0 42 5 5 2 5 2 5 2 5 2 5 2 4 4 4 3 5 5 3 3 3 3 3 3 3 3 3 5 2 5 2 5 2 5 2 5 2 4 4 3 5 5 2
0 39 3 5 3 3 3 0 4 6 4 4 0 2 0 2 0 2 0 2 0 2 0 6 5 5 5 2 5 2 5 2 5 2 3 5 2 5 2 5 2
0 161 0 5 3 3 3 3 3 3 3 3 6 3 3 1 3 1 1 3 1 1 5 3 3 3 3 6 3 3 1 1 3 1 3 1 1 0 2 0 2 0 2 0 2 3 0 0 0 0 2 0 2 0 6 6 5 5 5 5 5 6 6 6 5 6 6 6 6 5 6 5 0 2 0 2 0 2 0 2 0 2 6 6 6 6 5 3 6 6 5 5 5 3 3 3 3 3 3 0 2 0 2 6 6 5 5 5 6 6 6 6 3 3 5 5 5 3 5 6 3 3 3 5 5 2 5 2 5 2 5 2 5 2 4 4 3 5 2 5 2 5 2 5 2 3 2 5 0 3 5 1 4 6 4 6 4 4 2 5 0 3 0
0 24 5 2 4 3 5 5 2 5 2 5 2 5 2 5 2 4 4 4 3 5 5 2 5 2
0 11 5 2 5 2 5 2 5 2 5 2 4
0 47 0 3 3 3 3 3 3 3 3 3 3 3 6 3 3 1 3 1 3 1 1 4 6 6 3 6 3 4 6 6 3 5 1 1 4 6 6 3 5 2 5 0 3 0 1 5 2
0 30 5 2 4 3 5 5 2 5 2 5 2 5 2 5 2 4 4 4 3 5 5 2 5 2 5 2 5 2 5 2
0 15 5 2 5 2 5 2 3 5 2 4 3 5 2 5 2
0 38 6 3 3 1 1 3 1 3 1 3 1 1 3 1 1 1 1 6 5 2 5 2 5 2 5 2 5 2 4 4 4 4 4 3 5 2 5 2
0 30 0 3 3 3 3 3 3 3 3 3 6 3 3 1 3 1 3 1 3 3 3 5 5 2 5 2 4 4 4 4
0 65 0 1 4 4 6 0 2 0 2 0 2 0 2 5 6 5 3 5 6 6 5 6 0 4 4 6 6 6 0 2 0 2 0 2 0 2 0 2 3 3 5 5 6 5 3 3 3 4 1 4 1 6 0 1 1 6 5 4 4 4 3 5 2 4 4
0 23 0 5 3 3 3 3 6 3 3 1 3 1 1 3 1 1 1 1 2 5 0 3 0
0 26 0 1 1 6 5 5 2 5 2 5 2 3 5 2 5 2 3 5 2 3 5 2 5 2 5 2
0 26 0 3 3 3 5 2 5 2 5 2 5 2 4 4 4 3 4 4 4 4 4 3 5 2 5 2
0 47 0 3 3 3 3 3 3 3 3 3 6 3 3 1 3 1 3 1 3 3 3 5 5 2 5 2 4 4 4 4 3 1 1 6 5 5 5 5 1 1 1 1 2 5 0 3 0
0 29 6 3 3 1 4 6 4 6 6 3 6 3 4 4 6 4 6 4 6 4 6 6 3 4 2 5 0 3 0
0 17 0 3 3 3 3 3 5 2 5 2 5 2 3 5 2 5 2
0 48 6 3 3 1 1 3 1 3 1 3 1 1 3 1 1 1 1 6 5 2 5 2 5 2 5 2 5 2 4 4 4 4 4 3 5 2 5 2 5 2 3 5 2 5 2 5 2 5
0 70 6 3 3 1 1 3 1 3 1 3 1 1 3 1 1 1 1 6 5 2 5 2 5 2 5 2 5 2 4 4 4 4 4 3 5 2 5 2 5 2 3 5 2 5 2 5 2 5 2 3 5 2 5 2 5 2 5 2 5 2 3 5 2 5 2 5 2 4 4 4
0 44 6 3 3 1 1 3 1 3 1 1 3 1 3 3 3 3 3 3 3 3 3 1 1 6 5 3 3 3 3 3 3 3 3 3 3 5 5 2 5 2 5 2 5 2
0 28 6 3 3 1 1 3 1 1 3 1 1 3 1 1 3 1 1 1 1 6 5 2 5 2 5 2 5 2
0 28 6 3 3 1 4 6 4 6 6 3 6 3 4 4 6 4 6 4 6 4 6 6 3 4 2 5 0 3
0 35 0 1 0 2 0 2 0 2 0 0 0 0 2 0 2 0 2 0 2 0 2 0 1 4 0 1 1 6 5 2 5 2 5 2 4
0 6 5 2 5 2 5 2
0 75 0 6 3 6 3 4 6 6 3 4 6 4 6 3 4 6 4 6 6 3 6 3 4 4 6 4 6 4 2 5 0 3 5 1 4 0 3 0 1 6 3 3 1 1 3 1 1 3 1 3 1 3 1 1 1 6 6 3 3 1 6 3 3 1 3 1 3 1 3 1 1 2 5 0 3
0 23 6 3 5 3 3 3 3 3 3 3 3 5 5 5 2 5 2 5 2 3 5 2 4
0 10 5 2 3 5 2 5 2 5 2 5
0 32 5 2 5 2 5 2 4 3 4 4 4 3 5 2 5 2 5 2 3 5 2 5 2 5 2 5 2 4 4 4 4 4
0 18 5 2 4 4 4 4 3 1 1 6 5 2 5 2 3 5 2 5
0 26 6 3 5 3 3 3 3 3 3 3 3 5 5 5 2 5 2 5 2 3 5 2 4 4 4 4
0 46 6 3 3 1 3 1 1 3 1 3 1 3 1 3 3 3 3 3 0 4 4 4 4 4 4 4 6 0 6 6 3 4 6 4 6 6 3 6 3 4 4 6 4 6 4 2
0 40 0 5 0 3 3 3 3 3 6 3 3 1 3 1 3 1 1 3 1 1 0 2 0 2 0 2 0 2 5 2 3 5 2 5 2 5 2 5 2 4
0 4 5 2 5 2
0 15 6 3 3 1 1 3 1 1 3 1 2 5 0 3 5
0 56 6 3 3 1 1 3 1 3 1 3 1 1 3 1 1 1 1 6 5 2 5 2 5 2 5 2 5 2 4 4 4 4 4 3 5 2 5 2 5 2 3 5 2 5 2 5 2 5 2 3 5 2 5 2 5 2
0 70 6 3 0 2 0 0 3 5 6 5 6 6 0 2 0 2 0 3 5 3 3 0 2 0 2 0 2 0 2 3 6 6 5 0 3 3 5 6 3 4 1 6 4 4 5 2 5 2 5 2 5 2 3 5 2 5 2 5 2 5 2 4 4 3 5 5 2 5 2 5
0 149 0 5 3 3 3 3 3 3 3 3 6 3 3 1 3 1 1 3 1 1 5 3 3 3 3 6 3 3 1 1 3 1 3 1 1 0 2 0 2 0 2 0 2 3 0 0 0 0 2 0 2 0 6 6 5 5 5 5 5 6 6 6 5 6 6 6 6 5 6 5 0 2 0 2 0 2 0 2 0 2 6 6 6 6 5 3 6 6 5 5 5 3 3 3 3 3 3 0 2 0 2 6 6 5 5 5 6 6 6 6 3 3 5 5 5 3 5 6 3 3 3 5 5 2 5 2 5 2 5 2 5 2 4 4 3 5 2 5 2 5 2 5 2 3 2 5 0 3 5
0 13 5 2 5 2 5 2 5 2 3 5 5 5 2
0 9 0 1 1 6 5 2 5 2 5
0 26 5 5 2 5 2 5 2 5 2 4 4 4 3 5 2 5 2 3 5 5 2 5 2 5 2 4
0 8 5 2 4 3 5 5 2 5
0 41 3 5 3 3 3 0 4 6 4 4 0 2 0 2 0 2 0 2 0 2 0 6 5 5 5 2 5 2 5 2 5 2 3 5 2 5 2 5 2 5 2
0 36 5 5 2 5 2 5 2 5 2 5 2 4 4 4 3 5 5 3 3 3 3 3 3 3 3 3 5 2 5 2 5 2 5 2 5 2
0 19 0 3 3 3 3 3 5 2 5 2 5 2 3 5 2 5 2 5 2
0 27 0 1 1 6 5 5 2 5 2 5 2 3 5 2 5 2 3 5 2 3 5 2 5 2 5 2 4
0 17 5 2 5 2 5 2 5 2 3 5 2 5 2 5 2 5 2
0 15 5 2 5 0 3 0 1 1 1 1 1 1 2 5 0
0 27 0 0 2 0 0 2 0 2 4 4 4 4 1 4 6 6 6 4 4 5 2 5 2 5 2 5 2
0 67 0 6 4 6 6 4 1 0 2 0 2 0 2 3 3 5 6 6 6 6 5 3 5 2 5 2 5 2 5 2 5 2 3 5 3 3 3 3 0 5 3 3 3 3 3 3 3 3 3 3 5 1 1 6 5 5 2 5 2 5 2 5 2 3 5 2 5
0 32 0 1 1 6 5 5 2 5 2 5 2 3 5 2 5 2 3 5 2 3 5 2 5 2 5 2 4 4 3 5 2 5
0 14 0 1 1 6 5 5 2 5 2 5 2 3 5 2
0 25 5 2 5 2 5 2 4 4 4 3 5 2 5 2 5 2 5 2 5 2 3 5 5 5 2
0 14 5 2 5 2 5 2 4 4 4 3 5 2 4 4
0 19 0 1 1 6 0 5 2 5 2 4 4 4 4 3 5 2 5 2 5
0 37 5 5 2 5 2 5 2 5 2 5 2 4 4 4 3 5 5 3 3 3 3 3 3 3 3 3 5 2 5 2 5 2 5 2 5 2 4
0 60 6 3 3 1 1 3 1 3 1 3 1 1 3 1 1 1 1 6 5 2 5 2 5 2 5 2 5 2 4 4 4 4 4 3 5 2 5 2 5 2 3 5 2 5 2 5 2 5 2 3 5 2 5 2 5 2 5 2 5 2
0 43 0 3 3 3 3 3 3 3 3 3 6 3 3 1 3 1 3 1 3 3 3 5 5 2 5 2 4 4 4 4 3 1 1 6 5 5 5 5 1 1 1 1 2
0 30 0 6 3 6 3 4 6 6 3 4 6 4 6 3 4 6 4 6 6 3 6 3 4 4 6 4 6 4 2 5
0 26 5 2 4 3 5 5 2 5 2 5 2 5 2 5 2 4 4 4 3 5 5 2 5 2 5 2
0 12 5 2 5 2 5 2 5 2 3 5 5 2
0 12 0 3 3 3 5 2 5 2 5 2 5 2
0 17 6 3 5 3 3 3 3 3 3 3 3 5 5 5 2 5 2
0 111 0 3 3 3 3 3 3 5 2 5 2 5 2 5 2 5 2 3 6 3 3 1 3 1 1 1 1 6 0 0 2 0 2 0 2 0 2 0 2 0 2 0 2 0 2 5 5 5 5 0 3 3 3 3 0 0 2 0 2 0 2 0 2 6 6 6 5 5 3 3 3 5 3 3 6 5 6 5 3 5 6 3 0 2 0 2 0 2 4 4 4 4 4 3 5 5 2 5 2 5 2 3 5 2 5 2 4 4 4 4 4
0 132 0 5 3 3 3 3 3 3 3 3 6 3 3 1 3 1 1 3 1 1 5 3 3 3 3 6 3 3 1 1 3 1 3 1 1 0 2 0 2 0 2 0 2 3 0 0 0 0 2 0 2 0 6 6 5 5 5 5 5 6 6 6 5 6 6 6 6 5 6 5 0 2 0 2 0 2 0 2 0 2 6 6 6 6 5 3 6 6 5 5 5 3 3 3 3 3 3 0 2 0 2 6 6 5 5 5 6 6 6 6 3 3 5 5 5 3 5 6 3 3 3 5 5 2 5 2 5 2 5 2 5 2
0 36 0 5 3 3 3 3 3 3 3 3 6 3 3 1 3 1 1 3 1 3 1 1 1 6 5 5 2 5 2 3 5 2 5 2 5 2
0 36 5 5 5 2 5 2 4 3 5 5 6 4 6 1 4 1 4 6 4 1 0 0 0 5 6 5 5 5 3 5 2 5 2 5 2 5
0 18 5 2 5 2 5 2 4 4 4 3 5 2 5 2 5 2 5 2
0 12 5 5 2 5 2 3 5 2 5 2 5 2
0 26 3 5 3 3 3 0 4 6 4 4 0 2 0 2 0 2 0 2 0 2 0 6 5 5 5 2
0 50 0 3 3 3 3 3 3 3 3 3 3 3 6 3 3 1 3 1 3 1 1 4 6 6 3 6 3 4 6 6 3 5 1 1 4 6 6 3 5 2 5 0 3 0 1 5 2 5 2 5
0 25 5 5 2 5 2 5 2 5 2 4 4 4 3 5 2 5 2 3 5 5 2 5 2 5 2
0 9 5 2 5 2 5 2 3 5 2
0 88 6 3 3 1 1 3 1 3 1 3 1 1 3 1 1 1 1 6 5 2 5 2 5 2 5 2 5 2 4 4 4 4 4 3 5 2 5 2 5 2 3 5 2 5 2 5 2 5 2 3 5 2 5 2 5 2 5 2 5 2 3 5 2 5 2 5 2 4 4 4 4 3 3 3 3 3 3 0 3 3 3 3 3 5 2 5 2 5
0 12 5 2 5 2 5 2 5 2 3 5 2 5
0 38 0 1 1 6 5 5 2 5 2 5 2 3 5 2 5 2 3 5 2 3 5 2 5 2 5 2 4 4 3 5 2 5 2 5 2 5 2 5
0 3 5 5 2
0 8 5 2 5 2 5 2 5 2
0 64 0 3 3 3 3 3 3 3 3 3 3 3 6 3 3 1 3 1 3 1 1 4 6 6 3 6 3 4 6 6 3 5 1 1 4 6 6 3 5 2 5 0 3 0 1 5 2 5 2 5 2 5 2 5 2 3 5 2 5 2 5 2 5 2
0 13 5 2 5 2 5 2 5 2 3 5 2 5 2
0 40 0 5 3 3 3 3 3 3 3 3 6 3 3 1 3 1 1 3 1 3 1 1 1 6 5 5 2 5 2 3 5 2 5 2 5 2 5 2 5 2
0 22 0 3 3 3 3 3 0 6 3 4 4 4 4 4 5 2 5 2 4 4 4 4
0 16 0 3 3 3 3 3 0 6 3 4 4 4 4 4 5 2
0 35 0 5 0 3 3 3 3 3 6 3 3 1 3 1 3 1 1 3 1 1 0 2 0 2 0 2 0 2 5 2 3 5 2 5 2
0 45 5 5 2 5 2 5 2 5 2 5 2 4 4 4 3 5 5 3 3 3 3 3 3 3 3 3 5 2 5 2 5 2 5 2 5 2 4 4 3 5 5 2 5 2 5
0 34 5 5 2 5 2 3 5 1 1 6 0 3 3 3 3 3 3 3 3 3 3 3 5 5 5 1 1 1 1 1 2 5 0 3
0 29 5 2 4 3 5 5 2 5 2 5 2 5 2 5 2 4 4 4 3 5 5 2 5 2 5 2 5 2 5
0 14 5 2 4 3 5 5 2 5 2 5 2 5 2 5
0 12 5 2 3 5 2 5 2 5 2 5 2 5
0 43 6 3 3 1 1 3 1 3 3 3 3 3 6 3 3 1 1 1 1 6 0 0 2 0 2 0 6 5 6 6 3 3 3 0 6 4 6 4 6 4 5 2 5
0 23 6 3 3 1 3 1 1 3 1 1 5 1 1 6 5 2 3 5 5 5 2 5 2
0 14 5 5 2 5 2 3 5 2 5 2 5 2 4 4
0 70 0 1 4 4 6 0 2 0 2 0 2 0 2 5 6 5 3 5 6 6 5 6 0 4 4 6 6 6 0 2 0 2 0 2 0 2 0 2 3 3 5 5 6 5 3 3 3 4 1 4 1 6 0 1 1 6 5 4 4 4 3 5 2 4 4 3 5 2 5 2
0 52 6 3 3 1 5 0 0 2 0 2 0 2 0 2 0 2 0 1 4 6 5 2 5 2 5 2 5 2 5 2 3 5 2 5 2 5 2 4 4 4 4 4 3 5 2 5 2 5 2 5 2 4
0 10 5 5 2 5 2 5 2 3 5 2
0 18 0 3 3 3 3 3 5 2 5 2 5 2 3 5 2 5 2 5
0 27 5 5 2 5 2 5 2 5 2 4 4 4 3 5 2 5 2 3 5 5 2 5 2 5 2 4 4
0 35 5 2 5 0 3 0 1 1 1 1 1 1 2 5 0 3 0 1 6 3 4 6 4 6 6 3 4 6 4 3 5 2 3 5 2
0 11 0 3 3 3 3 3 5 2 5 2 5
0 11 0 3 3 3 3 3 3 5 2 5 2
0 30 0 5 0 3 3 3 3 3 6 3 3 1 3 1 3 1 1 3 1 1 0 2 0 2 0 2 0 2 5 2
0 60 0 3 3 3 3 3 3 3 3 3 3 3 6 3 3 1 3 1 3 1 1 4 6 6 3 6 3 4 6 6 3 5 1 1 4 6 6 3 5 2 5 0 3 0 1 5 2 5 2 5 2 5 2 5 2 3 5 2 5 2
0 14 5 2 5 2 5 2 4 4 4 3 5 2 5 2
0 20 6 3 3 1 1 4 6 5 2 5 0 3 0 1 5 2 5 2 5 2
0 73 0 1 4 4 6 0 2 0 2 0 2 0 2 5 6 5 3 5 6 6 5 6 0 4 4 6 6 6 0 2 0 2 0 2 0 2 0 2 3 3 5 5 6 5 3 3 3 4 1 4 1 6 0 1 1 6 5 4 4 4 3 5 2 4 4 3 5 2 5 2 5 2 5
0 43 5 5 5 2 5 2 4 3 5 5 6 4 6 1 4 1 4 6 4 1 0 0 0 5 6 5 5 5 3 5 2 5 2 5 2 5 2 5 2 4 4 4 4
0 36 5 5 2 5 2 5 2 3 5 2 5 2 4 4 3 0 2 0 2 0 2 0 2 0 5 5 2 4 4 3 5 2 5 2 5 2
0 41 5 5 5 2 5 2 4 3 5 5 6 4 6 1 4 1 4 6 4 1 0 0 0 5 6 5 5 5 3 5 2 5 2 5 2 5 2 5 2 4 4
0 26 5 2 5 2 5 2 5 2 4 4 3 5 2 3 5 5 2 5 2 5 2 5 2 5 2 4
0 36 0 1 0 2 0 2 0 2 0 0 0 0 2 0 2 0 2 0 2 0 2 0 1 4 0 1 1 6 5 2 5 2 5 2 4 4
0 26 6 3 3 1 5 0 0 2 0 2 0 2 0 2 0 2 0 1 4 6 5 2 5 2 5 2
0 62 6 3 0 2 0 0 3 5 6 5 6 6 0 2 0 2 0 3 5 3 3 0 2 0 2 0 2 0 2 3 6 6 5 0 3 3 5 6 3 4 1 6 4 4 5 2 5 2 5 2 5 2 3 5 2 5 2 5 2 5 2 4
0 47 0 3 3 3 3 3 0 0 2 0 6 0 2 0 2 0 2 0 2 0 2 6 5 6 5 0 2 0 2 0 2 0 0 0 3 3 3 3 3 3 5 2 5 2 5 2 4
0 5 5 2 5 2 5
0 43 5 5 2 5 2 5 2 5 2 5 2 4 4 4 3 5 5 3 3 3 3 3 3 3 3 3 5 2 5 2 5 2 5 2 5 2 4 4 3 5 5 2 5
0 57 6 3 0 2 0 0 3 5 6 5 6 6 0 2 0 2 0 3 5 3 3 0 2 0 2 0 2 0 2 3 6 6 5 0 3 3 5 6 3 4 1 6 4 4 5 2 5 2 5 2 5 2 3 5 2 5 2
0 16 5 2 5 2 5 2 4 4 4 3 5 2 5 2 5 2
0 29 0 6 4 6 6 4 1 0 2 0 2 0 2 3 3 5 6 6 6 6 5 3 5 2 5 2 5 2 5
0 39 6 3 3 1 1 3 1 3 1 3 1 1 3 1 1 1 1 6 5 2 5 2 5 2 5 2 5 2 4 4 4 4 4 3 5 2 5 2 5
0 98 0 0 2 0 2 0 0 2 0 2 0 2 0 2 0 2 0 2 0 0 0 0 2 0 0 6 3 3 1 1 3 1 1 4 4 6 4 4 4 4 6 0 2 0 2 0 2 0 2 0 2 5 6 6 5 6 5 6 5 0 0 3 5 5 6 3 5 6 5 6 3 6 3 3 1 3 1 3 1 1 3 1 1 3 1 3 6 3 3 1 1 3 1 5 5 2 5 2
0 24 6 3 3 1 1 3 1 1 3 1 1 3 1 1 3 1 1 1 1 6 5 2 5 2
0 9 5 5 2 5 2 3 5 2 5
0 13 5 5 2 5 2 5 2 5 2 5 2 4 4
0 10 5 5 2 5 2 3 3 5 2 5
0 96 5 2 5 2 5 2 4 4 4 3 5 2 5 2 5 2 5 2 5 2 3 5 5 5 2 5 2 3 0 2 0 2 0 2 0 2 0 2 6 3 3 0 0 2 0 2 0 2 0 2 0 2 0 0 5 6 5 5 6 6 5 5 6 6 0 4 6 6 3 3 1 3 1 3 1 3 1 1 3 1 5 3 3 3 3 5 2 5 2 5 2 5 2 4 4 4
0 55 6 3 3 1 1 3 1 3 1 3 1 1 3 1 1 1 1 6 5 2 5 2 5 2 5 2 5 2 4 4 4 4 4 3 5 2 5 2 5 2 3 5 2 5 2 5 2 5 2 3 5 2 5 2 5
0 24 0 3 3 3 5 2 5 2 5 2 5 2 4 4 4 3 4 4 4 4 4 3 5 2
0 32 0 6 3 6 3 4 6 6 3 4 6 4 6 3 4 6 4 6 6 3 6 3 4 4 6 4 6 4 2 5 0 3
0 8 5 2 5 2 5 2 4 4
0 15 5 5 2 5 2 3 5 2 5 2 5 2 4 4 4
0 11 5 2 5 2 5 2 5 2 3 5 2
0 35 5 5 2 5 2 3 5 1 1 6 0 3 3 3 3 3 3 3 3 3 3 3 5 5 5 1 1 1 1 1 2 5 0 3 5
0 8 0 1 1 6 5 2 5 2
0 25 5 5 5 5 5 5 3 3 3 3 3 3 0 1 1 1 1 1 4 6 4 2 5 0 3
0 25 6 3 5 3 3 3 3 3 3 3 3 5 5 5 2 5 2 5 2 3 5 2 4 4 4
0 7 0 1 1 6 0 5 2
0 22 6 3 3 1 5 0 0 2 0 2 0 2 0 2 0 2 0 1 4 6 5 2
0 51 0 3 3 3 3 3 3 3 3 3 3 3 6 3 3 1 3 1 3 1 1 4 6 6 3 6 3 4 6 6 3 5 1 1 4 6 6 3 5 2 5 0 3 0 1 5 2 5 2 5 2
0 12 5 5 5 2 5 2 5 2 5 2 5 2
0 65 6 3 3 1 1 3 1 3 3 3 3 3 6 3 3 1 1 1 1 6 0 0 2 0 2 0 6 5 6 6 3 3 3 0 6 4 6 4 6 4 5 2 5 2 5 2 5 2 4 4 3 5 2 5 2 3 4 4 4 4 3 5 2 5 2
0 124 0 5 3 3 3 3 3 3 3 3 6 3 3 1 3 1 1 3 1 1 5 3 3 3 3 6 3 3 1 1 3 1 3 1 1 0 2 0 2 0 2 0 2 3 0 0 0 0 2 0 2 0 6 6 5 5 5 5 5 6 6 6 5 6 6 6 6 5 6 5 0 2 0 2 0 2 0 2 0 2 6 6 6 6 5 3 6 6 5 5 5 3 3 3 3 3 3 0 2 0 2 6 6 5 5 5 6 6 6 6 3 3 5 5 5 3 5 6 3 3 3 5 5 2
0 8 5 5 5 2 5 2 5 2
0 15 0 5 3 3 3 3 5 2 5 2 5 2 5 2 5
0 54 6 3 3 1 1 3 1 3 3 3 3 3 6 3 3 1 1 1 1 6 0 0 2 0 2 0 6 5 6 6 3 3 3 0 6 4 6 4 6 4 5 2 5 2 5 2 5 2 4 4 3 5 2 5
0 40 3 5 3 3 3 0 4 6 4 4 0 2 0 2 0 2 0 2 0 2 0 6 5 5 5 2 5 2 5 2 5 2 3 5 2 5 2 5 2 5
0 12 5 2 5 2 5 2 5 2 5 2 4 4
0 46 5 5 2 5 2 5 2 5 2 5 2 4 4 4 3 5 5 3 3 3 3 3 3 3 3 3 5 2 5 2 5 2 5 2 5 2 4 4 3 5 5 2 5 2 5 2
0 53 0 3 3 3 3 3 3 3 3 3 3 3 6 3 3 1 3 1 3 1 1 4 6 6 3 6 3 4 6 6 3 5 1 1 4 6 6 3 5 2 5 0 3 0 1 5 2 5 2 5 2 5 2
0 16 5 2 5 2 5 2 5 2 3 5 5 5 2 5 2 5
0 39 0 1 1 6 5 5 2 5 2 5 2 3 5 2 5 2 3 5 2 3 5 2 5 2 5 2 4 4 3 5 2 5 2 5 2 5 2 5 2
0 27 6 3 3 1 4 6 4 6 6 3 6 3 4 4 6 4 6 4 6 4 6 6 3 4 2 5 0
0 12 0 3 3 3 3 3 5 2 5 2 5 2
0 55 5 5 2 5 2 5 2 5 2 5 2 4 4 4 3 5 5 3 3 3 3 3 3 3 3 3 5 2 5 2 5 2 5 2 5 2 4 4 3 5 5 2 5 2 5 2 3 5 2 5 2 5 2 5 2
0 50 6 3 3 1 3 1 1 3 1 3 1 3 1 3 3 3 3 3 0 4 4 4 4 4 4 4 6 0 6 6 3 4 6 4 6 6 3 6 3 4 4 6 4 6 4 2 5 0 3 0
0 16 0 1 1 6 0 5 2 5 2 4 4 4 4 3 5 2
0 16 0 5 3 3 3 3 5 2 5 2 5 2 5 2 5 2
0 148 0 5 3 3 3 3 3 3 3 3 6 3 3 1 3 1 1 3 1 1 5 3 3 3 3 6 3 3 1 1 3 1 3 1 1 0 2 0 2 0 2 0 2 3 0 0 0 0 2 0 2 0 6 6 5 5 5 5 5 6 6 6 5 6 6 6 6 5 6 5 0 2 0 2 0 2 0 2 0 2 6 6 6 6 5 3 6 6 5 5 5 3 3 3 3 3 3 0 2 0 2 6 6 5 5 5 6 6 6 6 3 3 5 5 5 3 5 6 3 3 3 5 5 2 5 2 5 2 5 2 5 2 4 4 3 5 2 5 2 5 2 5 2 3 2 5 0 3
0 32 0 5 3 3 3 3 3 3 3 3 6 3 3 1 3 1 1 3 1 3 1 1 1 6 5 5 2 5 2 3 5 2
0 30 0 6 4 6 6 4 1 0 2 0 2 0 2 3 3 5 6 6 6 6 5 3 5 2 5 2 5 2 5 2
0 35 6 3 3 1 5 0 0 2 0 2 0 2 0 2 0 2 0 1 4 6 5 2 5 2 5 2 5 2 5 2 3 5 2 5 2
0 133 0 5 3 3 3 3 3 3 3 3 6 3 3 1 3 1 1 3 1 1 5 3 3 3 3 6 3 3 1 1 3 1 3 1 1 0 2 0 2 0 2 0 2 3 0 0 0 0 2 0 2 0 6 6 5 5 5 5 5 6 6 6 5 6 6 6 6 5 6 5 0 2 0 2 0 2 0 2 0 2 6 6 6 6 5 3 6 6 5 5 5 3 3 3 3 3 3 0 2 0 2 6 6 5 5 5 6 6 6 6 3 3 5 5 5 3 5 6 3 3 3 5 5 2 5 2 5 2 5 2 5 2 4
0 16 0 3 3 3 3 3 5 2 5 2 5 2 3 5 2 5
0 70 0 6 4 6 6 4 1 0 2 0 2 0 2 3 3 5 6 6 6 6 5 3 5 2 5 2 5 2 5 2 5 2 3 5 3 3 3 3 0 5 3 3 3 3 3 3 3 3 3 3 5 1 1 6 5 5 2 5 2 5 2 5 2 3 5 2 5 2 5 2
0 45 6 3 3 1 1 3 1 3 1 3 1 1 3 1 1 1 1 6 5 2 5 2 5 2 5 2 5 2 4 4 4 4 4 3 5 2 5 2 5 2 3 5 2 5 2
0 32 5 2 5 0 3 0 1 1 1 1 1 1 2 5 0 3 0 1 6 3 4 6 4 6 6 3 4 6 4 3 5 2
0 10 0 4 6 6 3 6 3 4 2 5
0 63 6 3 3 1 1 3 1 3 3 3 3 3 6 3 3 1 1 1 1 6 0 0 2 0 2 0 6 5 6 6 3 3 3 0 6 4 6 4 6 4 5 2 5 2 5 2 5 2 4 4 3 5 2 5 2 3 4 4 4 4 3 5 2
0 11 5 2 5 2 5 2 5 2 4 4 4
0 9 0 1 1 6 0 5 2 5 2
0 11 5 2 5 2 5 2 4 4 4 4 4
0 20 5 2 5 2 5 2 4 4 4 3 5 2 5 2 5 2 5 2 5 2
0 33 0 5 3 3 3 3 3 3 3 3 6 3 3 1 3 1 1 3 1 3 1 1 1 6 5 5 2 5 2 3 5 2 5
0 15 5 2 5 2 5 2 4 4 4 3 5 2 5 2 5
0 45 0 0 2 0 2 0 2 0 0 0 2 0 0 0 2 0 1 4 6 3 3 1 1 3 1 1 3 1 3 1 5 3 3 3 3 3 3 5 2 5 2 5 2 4 4
0 24 5 5 5 5 5 5 3 3 3 3 3 3 0 1 1 1 1 1 4 6 4 2 5 0
0 27 6 3 3 1 5 0 0 2 0 2 0 2 0 2 0 2 0 1 4 6 5 2 5 2 5 2 5
0 69 6 3 0 2 0 0 3 5 6 5 6 6 0 2 0 2 0 3 5 3 3 0 2 0 2 0 2 0 2 3 6 6 5 0 3 3 5 6 3 4 1 6 4 4 5 2 5 2 5 2 5 2 3 5 2 5 2 5 2 5 2 4 4 3 5 5 2 5 2
0 41 6 3 3 1 5 0 0 2 0 2 0 2 0 2 0 2 0 1 4 6 5 2 5 2 5 2 5 2 5 2 3 5 2 5 2 5 2 4 4 4 4
0 11 5 5 2 5 2 5 2 3 5 2 5
0 138 0 5 3 3 3 3 3 3 3 3 6 3 3 1 3 1 1 3 1 1 5 3 3 3 3 6 3 3 1 1 3 1 3 1 1 0 2 0 2 0 2 0 2 3 0 0 0 0 2 0 2 0 6 6 5 5 5 5 5 6 6 6 5 6 6 6 6 5 6 5 0 2 0 2 0 2 0 2 0 2 6 6 6 6 5 3 6 6 5 5 5 3 3 3 3 3 3 0 2 0 2 6 6 5 5 5 6 6 6 6 3 3 5 5 5 3 5 6 3 3 3 5 5 2 5 2 5 2 5 2 5 2 4 4 3 5 2 5
0 12 5 5 2 5 2 5 2 5 2 5 2 4
0 26 5 5 5 5 5 5 3 3 3 3 3 3 0 1 1 1 1 1 4 6 4 2 5 0 3 5
0 38 5 5 5 2 5 2 4 3 5 5 6 4 6 1 4 1 4 6 4 1 0 0 0 5 6 5 5 5 3 5 2 5 2 5 2 5 2 5
0 83 5 5 5 5 5 5 3 3 3 3 3 3 0 1 1 1 1 1 4 6 4 2 5 0 3 5 1 6 3 4 6 4 6 4 6 4 6 6 6 3 5 0 4 6 4 6 4 6 4 4 6 4 6 4 4 4 6 6 3 6 3 6 3 6 3 5 4 6 4 6 5 0 6 3 6 3 4 6 4 6 6 2 5
0 96 0 0 2 0 2 0 0 2 0 2 0 2 0 2 0 2 0 2 0 0 0 0 2 0 0 6 3 3 1 1 3 1 1 4 4 6 4 4 4 4 6 0 2 0 2 0 2 0 2 0 2 5 6 6 5 6 5 6 5 0 0 3 5 5 6 3 5 6 5 6 3 6 3 3 1 3 1 3 1 1 3 1 1 3 1 3 6 3 3 1 1 3 1 5 5 2
0 5 5 2 4 4 4
0 62 5 5 2 5 2 5 2 5 2 5 2 4 4 4 3 5 5 3 3 3 3 3 3 3 3 3 5 2 5 2 5 2 5 2 5 2 4 4 3 5 5 2 5 2 5 2 3 5 2 5 2 5 2 5 2 4 4 4 4 3 5 2
0 57 5 5 2 5 2 5 2 5 2 5 2 4 4 4 3 5 5 3 3 3 3 3 3 3 3 3 5 2 5 2 5 2 5 2 5 2 4 4 3 5 5 2 5 2 5 2 3 5 2 5 2 5 2 5 2 4 4
0 54 6 3 3 1 1 3 1 3 1 3 1 1 3 1 1 1 1 6 5 2 5 2 5 2 5 2 5 2 4 4 4 4 4 3 5 2 5 2 5 2 3 5 2 5 2 5 2 5 2 3 5 2 5 2
0 43 6 3 3 1 1 3 1 3 1 1 3 1 3 3 3 3 3 3 3 3 3 1 1 6 5 3 3 3 3 3 3 3 3 3 3 5 5 2 5 2 5 2 5
0 35 0 1 1 6 5 5 2 5 2 5 2 3 5 2 5 2 3 5 2 3 5 2 5 2 5 2 4 4 3 5 2 5 2 5 2
0 33 5 5 2 5 2 3 5 1 1 6 0 3 3 3 3 3 3 3 3 3 3 3 5 5 5 1 1 1 1 1 2 5 0
0 41 0 0 2 0 2 0 2 0 0 0 2 0 0 0 2 0 1 4 6 3 3 1 1 3 1 1 3 1 3 1 5 3 3 3 3 3 3 5 2 5 2
0 51 6 3 3 1 5 0 0 2 0 2 0 2 0 2 0 2 0 1 4 6 5 2 5 2 5 2 5 2 5 2 3 5 2 5 2 5 2 4 4 4 4 4 3 5 2 5 2 5 2 5 2
0 19 5 2 5 2 5 2 3 5 2 4 3 5 2 5 2 5 2 5 2
0 76 0 6 4 6 6 4 1 0 2 0 2 0 2 3 3 5 6 6 6 6 5 3 5 2 5 2 5 2 5 2 5 2 3 5 3 3 3 3 0 5 3 3 3 3 3 3 3 3 3 3 5 1 1 6 5 5 2 5 2 5 2 5 2 3 5 2 5 2 5 2 5 2 5 2 4 4
0 38 6 3 3 1 1 3 1 3 1 1 3 1 3 3 3 3 3 3 3 3 3 1 1 6 5 3 3 3 3 3 3 3 3 3 3 5 5 2
0 22 5 2 4 3 5 5 2 5 2 5 2 5 2 5 2 4 4 4 3 5 5 2
0 24 6 3 3 1 1 3 1 3 1 3 1 1 3 1 1 1 1 6 5 2 5 2 5 2
0 28 5 2 5 2 5 2 4 3 4 4 4 3 5 2 5 2 5 2 3 5 2 5 2 5 2 5 2 4
0 9 5 5 5 2 5 2 5 2 5
0 110 0 3 3 3 3 3 3 5 2 5 2 5 2 5 2 5 2 3 6 3 3 1 3 1 1 1 1 6 0 0 2 0 2 0 2 0 2 0 2 0 2 0 2 0 2 5 5 5 5 0 3 3 3 3 0 0 2 0 2 0 2 0 2 6 6 6 5 5 3 3 3 5 3 3 6 5 6 5 3 5 6 3 0 2 0 2 0 2 4 4 4 4 4 3 5 5 2 5 2 5 2 3 5 2 5 2 4 4 4 4
0 105 0 0 2 0 0 2 0 2 4 4 4 4 1 4 6 6 6 4 4 5 2 5 2 5 2 5 2 5 2 3 5 5 0 2 0 2 0 2 0 2 0 2 0 3 0 2 0 2 0 2 0 2 3 0 0 6 3 6 3 3 0 4 6 4 6 6 3 6 6 3 5 6 3 4 6 4 6 6 3 5 1 1 5 5 5 1 1 1 1 1 1 1 6 3 4 6 4 6 4 6 4 2 5 0 3
0 9 0 3 3 3 5 5 2 5 2
0 82 5 5 5 5 5 5 3 3 3 3 3 3 0 1 1 1 1 1 4 6 4 2 5 0 3 5 1 6 3 4 6 4 6 4 6 4 6 6 6 3 5 0 4 6 4 6 4 6 4 4 6 4 6 4 4 4 6 6 3 6 3 6 3 6 3 5 4 6 4 6 5 0 6 3 6 3 4 6 4 6 6 2
0 43 0 5 0 3 3 3 3 3 6 3 3 1 3 1 3 1 1 3 1 1 0 2 0 2 0 2 0 2 5 2 3 5 2 5 2 5 2 5 2 4 4 4 4
0 27 0 3 3 3 5 2 5 2 5 2 5 2 4 4 4 3 4 4 4 4 4 3 5 2 5 2 5
0 17 0 1 1 6 0 5 2 5 2 4 4 4 4 3 5 2 5
0 25 5 2 5 2 5 2 5 2 4 4 3 5 2 3 5 5 2 5 2 5 2 5 2 5 2
0 29 0 6 3 6 3 4 6 6 3 4 6 4 6 3 4 6 4 6 6 3 6 3 4 4 6 4 6 4 2
0 49 6 3 3 1 3 1 1 3 1 3 1 3 1 3 3 3 3 3 0 4 4 4 4 4 4 4 6 0 6 6 3 4 6 4 6 6 3 6 3 4 4 6 4 6 4 2 5 0 3
0 33 5 5 2 5 2 5 2 3 5 2 5 2 4 4 3 0 2 0 2 0 2 0 2 0 5 5 2 4 4 3 5 2 5
0 49 6 3 3 1 5 0 0 2 0 2 0 2 0 2 0 2 0 1 4 6 5 2 5 2 5 2 5 2 5 2 3 5 2 5 2 5 2 4 4 4 4 4 3 5 2 5 2 5 2
0 42 0 5 0 3 3 3 3 3 6 3 3 1 3 1 3 1 1 3 1 1 0 2 0 2 0 2 0 2 5 2 3 5 2 5 2 5 2 5 2 4 4 4
0 11 5 5 5 2 5 2 5 2 5 2 5
0 17 5 2 5 2 5 2 3 5 2 4 3 5 2 5 2 5 2
0 97 0 3 3 3 3 3 3 5 2 5 2 5 2 5 2 5 2 3 6 3 3 1 3 1 1 1 1 6 0 0 2 0 2 0 2 0 2 0 2 0 2 0 2 0 2 5 5 5 5 0 3 3 3 3 0 0 2 0 2 0 2 0 2 6 6 6 5 5 3 3 3 5 3 3 6 5 6 5 3 5 6 3 0 2 0 2 0 2 4 4 4 4 4 3 5 5 2
0 6 5 5 2 4 4 4
0 24 5 2 5 2 5 2 5 2 4 4 3 5 2 3 5 5 2 5 2 5 2 5 2 5
0 68 6 3 0 2 0 0 3 5 6 5 6 6 0 2 0 2 0 3 5 3 3 0 2 0 2 0 2 0 2 3 6 6 5 0 3 3 5 6 3 4 1 6 4 4 5 2 5 2 5 2 5 2 3 5 2 5 2 5 2 5 2 4 4 3 5 5 2 5
0 32 5 5 2 5 2 5 2 5 2 5 2 4 4 4 3 5 5 3 3 3 3 3 3 3 3 3 5 2 5 2 5 2
0 5 3 5 2 5 2
0 16 5 5 2 5 2 3 3 5 2 5 2 5 2 5 2 5
0 23 6 3 3 1 5 0 0 2 0 2 0 2 0 2 0 2 0 1 4 6 5 2 5
0 17 0 3 3 3 3 3 3 5 2 5 2 5 2 5 2 5 2
0 56 6 3 0 2 0 0 3 5 6 5 6 6 0 2 0 2 0 3 5 3 3 0 2 0 2 0 2 0 2 3 6 6 5 0 3 3 5 6 3 4 1 6 4 4 5 2 5 2 5 2 5 2 3 5 2 5
0 55 0 3 3 3 3 3 3 3 3 3 3 3 6 3 3 1 3 1 3 1 1 4 6 6 3 6 3 4 6 6 3 5 1 1 4 6 6 3 5 2 5 0 3 0 1 5 2 5 2 5 2 5 2 5 2
0 24 5 5 2 5 2 5 2 5 2 4 4 4 3 5 2 5 2 3 5 5 2 5 2 5
0 43 0 3 3 3 3 3 3 3 3 3 3 3 6 3 3 1 3 1 3 1 1 4 6 6 3 6 3 4 6 6 3 5 1 1 4 6 6 3 5 2 5 0 3
0 12 5 2 5 2 5 2 4 4 4 3 5 2
0 72 0 6 4 6 6 4 1 0 2 0 2 0 2 3 3 5 6 6 6 6 5 3 5 2 5 2 5 2 5 2 5 2 3 5 3 3 3 3 0 5 3 3 3 3 3 3 3 3 3 3 5 1 1 6 5 5 2 5 2 5 2 5 2 3 5 2 5 2 5 2 5 2
0 12 0 3 3 3 3 3 3 5 2 5 2 5
0 25 5 5 2 5 2 3 0 2 6 6 6 5 5 6 3 3 5 5 5 1 1 6 5 5 2
0 27 0 3 3 3 3 3 6 3 3 1 3 1 5 3 3 3 3 3 3 3 3 3 3 5 2 5 2
0 53 5 5 2 5 2 5 2 5 2 5 2 4 4 4 3 5 5 3 3 3 3 3 3 3 3 3 5 2 5 2 5 2 5 2 5 2 4 4 3 5 5 2 5 2 5 2 3 5 2 5 2 5 2
0 86 5 5 5 5 5 5 3 3 3 3 3 3 0 1 1 1 1 1 4 6 4 2 5 0 3 5 1 6 3 4 6 4 6 4 6 4 6 6 6 3 5 0 4 6 4 6 4 6 4 4 6 4 6 4 4 4 6 6 3 6 3 6 3 6 3 5 4 6 4 6 5 0 6 3 6 3 4 6 4 6 6 2 5 0 3 0
0 39 5 5 5 2 5 2 4 3 5 5 6 4 6 1 4 1 4 6 4 1 0 0 0 5 6 5 5 5 3 5 2 5 2 5 2 5 2 5 2
0 37 0 1 0 2 0 2 0 2 0 0 0 0 2 0 2 0 2 0 2 0 2 0 1 4 0 1 1 6 5 2 5 2 5 2 4 4 4
0 35 5 5 5 2 5 2 4 3 5 5 6 4 6 1 4 1 4 6 4 1 0 0 0 5 6 5 5 5 3 5 2 5 2 5 2
0 106 0 3 3 3 3 3 3 5 2 5 2 5 2 5 2 5 2 3 6 3 3 1 3 1 1 1 1 6 0 0 2 0 2 0 2 0 2 0 2 0 2 0 2 0 2 5 5 5 5 0 3 3 3 3 0 0 2 0 2 0 2 0 2 6 6 6 5 5 3 3 3 5 3 3 6 5 6 5 3 5 6 3 0 2 0 2 0 2 4 4 4 4 4 3 5 5 2 5 2 5 2 3 5 2 5 2
0 55 6 3 3 1 1 3 1 3 3 3 3 3 6 3 3 1 1 1 1 6 0 0 2 0 2 0 6 5 6 6 3 3 3 0 6 4 6 4 6 4 5 2 5 2 5 2 5 2 4 4 3 5 2 5 2
0 7 0 3 3 3 5 2 5
0 34 5 5 5 2 5 2 4 3 5 5 6 4 6 1 4 1 4 6 4 1 0 0 0 5 6 5 5 5 3 5 2 5 2 5
0 25 0 0 2 0 0 2 0 2 4 4 4 4 1 4 6 6 6 4 4 5 2 5 2 5 2
0 13 5 5 2 5 2 3 3 5 2 5 2 5 2
0 50 5 5 2 5 2 5 2 5 2 5 2 4 4 4 3 5 5 3 3 3 3 3 3 3 3 3 5 2 5 2 5 2 5 2 5 2 4 4 3 5 5 2 5 2 5 2 3 5 2 5
0 9 0 3 3 3 3 3 3 5 2
0 25 6 3 3 1 4 6 4 6 6 3 6 3 4 4 6 4 6 4 6 4 6 6 3 4 2
0 22 0 1 1 6 5 5 2 5 2 5 2 3 5 2 5 2 3 5 2 3 5 2
0 27 5 5 2 5 2 5 2 5 2 3 4 6 4 0 5 3 3 3 3 3 3 5 5 5 5 2 5
0 3 5 2 5
0 29 6 3 3 1 5 0 0 2 0 2 0 2 0 2 0 2 0 1 4 6 5 2 5 2 5 2 5 2 5
0 44 0 0 2 0 2 0 2 0 0 0 2 0 0 0 2 0 1 4 6 3 3 1 1 3 1 1 3 1 3 1 5 3 3 3 3 3 3 5 2 5 2 5 2 4
0 15 0 3 3 3 5 2 5 2 5 2 5 2 4 4 4
0 6 5 3 5 5 5 2
0 23 0 1 1 6 0 5 2 5 2 4 4 4 4 3 5 2 5 2 5 2 5 2 5
0 19 6 3 3 1 1 4 6 5 2 5 0 3 0 1 5 2 5 2 5
0 7 0 1 1 6 5 2 5
0 55 6 3 0 2 0 0 3 5 6 5 6 6 0 2 0 2 0 3 5 3 3 0 2 0 2 0 2 0 2 3 6 6 5 0 3 3 5 6 3 4 1 6 4 4 5 2 5 2 5 2 5 2 3 5 2
0 36 6 3 3 1 1 3 1 3 1 3 1 1 3 1 1 1 1 6 5 2 5 2 5 2 5 2 5 2 4 4 4 4 4 3 5 2
0 35 5 2 5 2 5 2 4 3 4 4 4 3 5 2 5 2 5 2 3 5 2 5 2 5 2 5 2 4 4 4 4 4 3 5 2
0 86 6 3 3 1 1 3 1 3 1 3 1 1 3 1 1 1 1 6 5 2 5 2 5 2 5 2 5 2 4 4 4 4 4 3 5 2 5 2 5 2 3 5 2 5 2 5 2 5 2 3 5 2 5 2 5 2 5 2 5 2 3 5 2 5 2 5 2 4 4 4 4 3 3 3 3 3 3 0 3 3 3 3 3 5 2 5
0 29 3 5 3 3 3 0 4 6 4 4 0 2 0 2 0 2 0 2 0 2 0 6 5 5 5 2 5 2 5
0 14 5 2 5 2 5 2 5 2 3 5 5 2 5 2
0 23 0 0 2 0 0 2 0 2 4 4 4 4 1 4 6 6 6 4 4 5 2 5 2
0 46 6 3 3 1 5 0 0 2 0 2 0 2 0 2 0 2 0 1 4 6 5 2 5 2 5 2 5 2 5 2 3 5 2 5 2 5 2 4 4 4 4 4 3 5 2 5
0 21 6 3 3 1 3 1 3 1 3 1 1 1 1 6 5 5 5 2 5 2 5
0 105 0 3 3 3 3 3 3 5 2 5 2 5 2 5 2 5 2 3 6 3 3 1 3 1 1 1 1 6 0 0 2 0 2 0 2 0 2 0 2 0 2 0 2 0 2 5 5 5 5 0 3 3 3 3 0 0 2 0 2 0 2 0 2 6 6 6 5 5 3 3 3 5 3 3 6 5 6 5 3 5 6 3 0 2 0 2 0 2 4 4 4 4 4 3 5 5 2 5 2 5 2 3 5 2 5
0 11 3 5 2 5 2 5 2 5 2 4 4
0 40 0 1 1 6 5 5 2 5 2 5 2 3 5 2 5 2 3 5 2 3 5 2 5 2 5 2 4 4 3 5 2 5 2 5 2 5 2 5 2 4
0 11 5 5 2 5 2 3 3 5 2 5 2
0 13 6 3 3 1 1 3 1 1 3 1 2 5 0
0 139 0 5 3 3 3 3 3 3 3 3 6 3 3 1 3 1 1 3 1 1 5 3 3 3 3 6 3 3 1 1 3 1 3 1 1 0 2 0 2 0 2 0 2 3 0 0 0 0 2 0 2 0 6 6 5 5 5 5 5 6 6 6 5 6 6 6 6 5 6 5 0 2 0 2 0 2 0 2 0 2 6 6 6 6 5 3 6 6 5 5 5 3 3 3 3 3 3 0 2 0 2 6 6 5 5 5 6 6 6 6 3 3 5 5 5 3 5 6 3 3 3 5 5 2 5 2 5 2 5 2 5 2 4 4 3 5 2 5 2
0 21 5 2 5 2 5 2 4 3 4 4 4 3 5 2 5 2 5 2 3 5 2
0 41 6 3 3 1 1 3 1 3 1 1 3 1 3 3 3 3 3 3 3 3 3 1 1 6 5 3 3 3 3 3 3 3 3 3 3 5 5 2 5 2 5
0 15 0 3 3 3 3 3 3 5 2 5 2 5 2 5 2
0 26 5 2 5 2 5 2 3 5 2 4 3 5 2 5 2 5 2 5 2 4 4 4 3 5 2 5
0 9 5 5 2 5 2 3 3 5 2
0 40 5 2 5 2 5 2 4 3 4 4 4 3 5 2 5 2 5 2 3 5 2 5 2 5 2 5 2 4 4 4 4 4 3 5 2 5 2 5 2 5
0 32 3 5 3 3 3 0 4 6 4 4 0 2 0 2 0 2 0 2 0 2 0 6 5 5 5 2 5 2 5 2 5 2
0 34 0 5 3 3 3 3 3 3 3 3 6 3 3 1 3 1 1 3 1 3 1 1 1 6 5 5 2 5 2 3 5 2 5 2
0 89 5 2 5 2 5 2 4 4 4 3 5 2 5 2 5 2 5 2 5 2 3 5 5 5 2 5 2 3 0 2 0 2 0 2 0 2 0 2 6 3 3 0 0 2 0 2 0 2 0 2 0 2 0 0 5 6 5 5 6 6 5 5 6 6 0 4 6 6 3 3 1 3 1 3 1 3 1 1 3 1 5 3 3 3 3 5 2 5 2
0 50 6 3 0 2 0 0 3 5 6 5 6 6 0 2 0 2 0 3 5 3 3 0 2 0 2 0 2 0 2 3 6 6 5 0 3 3 5 6 3 4 1 6 4 4 5 2 5 2 5 2
0 9 3 5 2 5 2 5 2 5 2
0 7 0 3 3 3 5 5 2
0 28 6 3 3 1 5 0 0 2 0 2 0 2 0 2 0 2 0 1 4 6 5 2 5 2 5 2 5 2
0 160 0 5 3 3 3 3 3 3 3 3 6 3 3 1 3 1 1 3 1 1 5 3 3 3 3 6 3 3 1 1 3 1 3 1 1 0 2 0 2 0 2 0 2 3 0 0 0 0 2 0 2 0 6 6 5 5 5 5 5 6 6 6 5 6 6 6 6 5 6 5 0 2 0 2 0 2 0 2 0 2 6 6 6 6 5 3 6 6 5 5 5 3 3 3 3 3 3 0 2 0 2 6 6 5 5 5 6 6 6 6 3 3 5 5 5 3 5 6 3 3 3 5 5 2 5 2 5 2 5 2 5 2 4 4 3 5 2 5 2 5 2 5 2 3 2 5 0 3 5 1 4 6 4 6 4 4 2 5 0 3
0 19 5 2 5 2 5 2 4 4 4 3 5 2 5 2 5 2 5 2 5
0 6 5 2 4 4 4 4
0 31 6 3 3 1 1 3 1 3 1 3 1 1 3 1 1 1 1 6 5 2 5 2 5 2 5 2 5 2 4 4 4
0 92 6 3 3 1 1 3 1 3 1 3 1 1 3 1 1 1 1 6 5 2 5 2 5 2 5 2 5 2 4 4 4 4 4 3 5 2 5 2 5 2 3 5 2 5 2 5 2 5 2 3 5 2 5 2 5 2 5 2 5 2 3 5 2 5 2 5 2 4 4 4 4 3 3 3 3 3 3 0 3 3 3 3 3 5 2 5 2 5 2 5 2 5
0 21 0 0 2 0 0 2 0 2 4 4 4 4 1 4 6 6 6 4 4 5 2
0 13 5 2 4 4 4 4 3 1 1 6 5 2 5
0 17 5 2 4 4 4 4 3 1 1 6 5 2 5 2 3 5 2
0 21 5 5 2 5 2 5 2 5 2 4 4 4 3 5 2 5 2 3 5 5 2
0 16 6 3 3 1 1 3 1 1 3 1 3 1 3 1 5 2
0 97 5 2 5 2 5 2 4 4 4 3 5 2 5 2 5 2 5 2 5 2 3 5 5 5 2 5 2 3 0 2 0 2 0 2 0 2 0 2 6 3 3 0 0 2 0 2 0 2 0 2 0 2 0 0 5 6 5 5 6 6 5 5 6 6 0 4 6 6 3 3 1 3 1 3 1 3 1 1 3 1 5 3 3 3 3 5 2 5 2 5 2 5 2 4 4 4 4
0 48 0 3 3 3 3 3 3 3 3 3 3 3 6 3 3 1 3 1 3 1 1 4 6 6 3 6 3 4 6 6 3 5 1 1 4 6 6 3 5 2 5 0 3 0 1 5 2 5
0 104 0 3 3 3 3 3 3 5 2 5 2 5 2 5 2 5 2 3 6 3 3 1 3 1 1 1 1 6 0 0 2 0 2 0 2 0 2 0 2 0 2 0 2 0 2 5 5 5 5 0 3 3 3 3 0 0 2 0 2 0 2 0 2 6 6 6 5 5 3 3 3 5 3 3 6 5 6 5 3 5 6 3 0 2 0 2 0 2 4 4 4 4 4 3 5 5 2 5 2 5 2 3 5 2
0 107 0 3 3 3 3 3 3 5 2 5 2 5 2 5 2 5 2 3 6 3 3 1 3 1 1 1 1 6 0 0 2 0 2 0 2 0 2 0 2 0 2 0 2 0 2 5 5 5 5 0 3 3 3 3 0 0 2 0 2 0 2 0 2 6 6 6 5 5 3 3 3 5 3 3 6 5 6 5 3 5 6 3 0 2 0 2 0 2 4 4 4 4 4 3 5 5 2 5 2 5 2 3 5 2 5 2 4
0 48 6 3 3 1 1 3 1 3 3 3 3 3 6 3 3 1 1 1 1 6 0 0 2 0 2 0 6 5 6 6 3 3 3 0 6 4 6 4 6 4 5 2 5 2 5 2 5 2
0 62 0 6 4 6 6 4 1 0 2 0 2 0 2 3 3 5 6 6 6 6 5 3 5 2 5 2 5 2 5 2 5 2 3 5 3 3 3 3 0 5 3 3 3 3 3 3 3 3 3 3 5 1 1 6 5 5 2 5 2 5 2 5
0 26 6 3 3 1 3 1 1 3 1 1 5 1 1 6 5 2 3 5 5 5 2 5 2 5 2 5
0 10 5 5 5 2 5 2 5 2 5 2
0 38 6 3 3 1 1 1 1 6 6 3 3 1 3 1 3 3 3 3 3 3 3 4 3 5 2 5 2 5 2 4 4 4 3 2 5 0 3 0
0 134 0 5 3 3 3 3 3 3 3 3 6 3 3 1 3 1 1 3 1 1 5 3 3 3 3 6 3 3 1 1 3 1 3 1 1 0 2 0 2 0 2 0 2 3 0 0 0 0 2 0 2 0 6 6 5 5 5 5 5 6 6 6 5 6 6 6 6 5 6 5 0 2 0 2 0 2 0 2 0 2 6 6 6 6 5 3 6 6 5 5 5 3 3 3 3 3 3 0 2 0 2 6 6 5 5 5 6 6 6 6 3 3 5 5 5 3 5 6 3 3 3 5 5 2 5 2 5 2 5 2 5 2 4 4
0 13 5 2 5 2 5 2 5 2 4 4 4 4 4
0 13 5 2 5 2 5 2 4 4 4 3 5 2 5
0 21 0 5 3 3 3 3 6 3 3 1 3 1 1 3 1 1 1 1 2 5 0
0 60 6 3 0 2 0 0 3 5 6 5 6 6 0 2 0 2 0 3 5 3 3 0 2 0 2 0 2 0 2 3 6 6 5 0 3 3 5 6 3 4 1 6 4 4 5 2 5 2 5 2 5 2 3 5 2 5 2 5 2 5
0 24 5 2 4 4 4 4 3 1 1 6 5 2 5 2 3 5 2 5 2 3 5 2 5 2
0 20 5 2 5 2 5 2 5 2 4 4 3 5 2 3 5 5 2 5 2 5
0 22 0 5 3 3 3 3 6 3 3 1 3 1 1 3 1 1 1 1 2 5 0 3
0 12 5 5 2 5 2 3 3 5 2 5 2 5
0 64 0 1 4 4 6 0 2 0 2 0 2 0 2 5 6 5 3 5 6 6 5 6 0 4 4 6 6 6 0 2 0 2 0 2 0 2 0 2 3 3 5 5 6 5 3 3 3 4 1 4 1 6 0 1 1 6 5 4 4 4 3 5 2 4
0 85 6 3 3 1 1 3 1 3 1 3 1 1 3 1 1 1 1 6 5 2 5 2 5 2 5 2 5 2 4 4 4 4 4 3 5 2 5 2 5 2 3 5 2 5 2 5 2 5 2 3 5 2 5 2 5 2 5 2 5 2 3 5 2 5 2 5 2 4 4 4 4 3 3 3 3 3 3 0 3 3 3 3 3 5 2
0 23 6 3 3 1 1 3 1 3 1 3 1 1 3 1 1 1 1 6 5 2 5 2 5
0 25 5 2 5 2 5 2 3 5 2 4 3 5 2 5 2 5 2 5 2 4 4 4 3 5 2
0 79 0 3 3 3 5 2 5 2 5 2 5 2 4 4 4 3 4 4 4 4 4 3 5 2 5 2 5 2 3 5 0 2 0 2 0 2 4 0 5 3 3 3 3 3 3 3 3 3 3 0 6 3 6 3 6 3 6 3 5 6 3 4 6 4 6 5 2 5 0 3 5 1 1 1 1 5 2 5 2
0 35 3 5 3 3 3 0 4 6 4 4 0 2 0 2 0 2 0 2 0 2 0 6 5 5 5 2 5 2 5 2 5 2 3 5 2
0 21 5 2 5 2 5 2 5 2 4 4 3 5 2 3 5 5 2 5 2 5 2
0 47 6 3 3 1 3 1 1 3 1 3 1 3 1 3 3 3 3 3 0 4 4 4 4 4 4 4 6 0 6 6 3 4 6 4 6 6 3 6 3 4 4 6 4 6 4 2 5
0 98 5 2 5 2 5 2 4 4 4 3 5 2 5 2 5 2 5 2 5 2 3 5 5 5 2 5 2 3 0 2 0 2 0 2 0 2 0 2 6 3 3 0 0 2 0 2 0 2 0 2 0 2 0 0 5 6 5 5 6 6 5 5 6 6 0 4 6 6 3 3 1 3 1 3 1 3 1 1 3 1 5 3 3 3 3 5 2 5 2 5 2 5 2 4 4 4 4 4
0 13 5 5 5 2 5 2 5 2 5 2 5 2 4
0 72 0 6 3 6 3 4 6 6 3 4 6 4 6 3 4 6 4 6 6 3 6 3 4 4 6 4 6 4 2 5 0 3 5 1 4 0 3 0 1 6 3 3 1 1 3 1 1 3 1 3 1 3 1 1 1 6 6 3 3 1 6 3 3 1 3 1 3 1 3 1 1 2
0 14 0 5 3 3 3 3 5 2 5 2 5 2 5 2
0 81 0 3 3 3 5 2 5 2 5 2 5 2 4 4 4 3 4 4 4 4 4 3 5 2 5 2 5 2 3 5 0 2 0 2 0 2 4 0 5 3 3 3 3 3 3 3 3 3 3 0 6 3 6 3 6 3 6 3 5 6 3 4 6 4 6 5 2 5 0 3 5 1 1 1 1 5 2 5 2 5 2
0 65 6 3 3 1 1 3 1 3 1 3 1 1 3 1 1 1 1 6 5 2 5 2 5 2 5 2 5 2 4 4 4 4 4 3 5 2 5 2 5 2 3 5 2 5 2 5 2 5 2 3 5 2 5 2 5 2 5 2 5 2 3 5 2 5 2
0 15 5 2 5 2 5 2 4 4 4 3 5 2 4 4 4
0 7 5 2 4 3 5 5 2
0 46 6 3 3 1 1 3 1 3 3 3 3 3 6 3 3 1 1 1 1 6 0 0 2 0 2 0 6 5 6 6 3 3 3 0 6 4 6 4 6 4 5 2 5 2 5 2
0 13 5 2 3 5 2 5 2 5 2 5 2 5 2
0 104 0 0 2 0 0 2 0 2 4 4 4 4 1 4 6 6 6 4 4 5 2 5 2 5 2 5 2 5 2 3 5 5 0 2 0 2 0 2 0 2 0 2 0 3 0 2 0 2 0 2 0 2 3 0 0 6 3 6 3 3 0 4 6 4 6 6 3 6 6 3 5 6 3 4 6 4 6 6 3 5 1 1 5 5 5 1 1 1 1 1 1 1 6 3 4 6 4 6 4 6 4 2 5 0
0 103 0 0 2 0 0 2 0 2 4 4 4 4 1 4 6 6 6 4 4 5 2 5 2 5 2 5 2 5 2 3 5 5 0 2 0 2 0 2 0 2 0 2 0 3 0 2 0 2 0 2 0 2 3 0 0 6 3 6 3 3 0 4 6 4 6 6 3 6 6 3 5 6 3 4 6 4 6 6 3 5 1 1 5 5 5 1 1 1 1 1 1 1 6 3 4 6 4 6 4 6 4 2 5
0 69 0 1 4 4 6 0 2 0 2 0 2 0 2 5 6 5 3 5 6 6 5 6 0 4 4 6 6 6 0 2 0 2 0 2 0 2 0 2 3 3 5 5 6 5 3 3 3 4 1 4 1 6 0 1 1 6 5 4 4 4 3 5 2 4 4 3 5 2 5
0 5 5 5 2 4 4
0 15 5 2 4 3 5 5 2 5 2 5 2 5 2 5 2
0 31 5 5 5 2 5 2 4 3 5 5 6 4 6 1 4 1 4 6 4 1 0 0 0 5 6 5 5 5 3 5 2
0 99 0 3 3 3 3 3 3 5 2 5 2 5 2 5 2 5 2 3 6 3 3 1 3 1 1 1 1 6 0 0 2 0 2 0 2 0 2 0 2 0 2 0 2 0 2 5 5 5 5 0 3 3 3 3 0 0 2 0 2 0 2 0 2 6 6 6 5 5 3 3 3 5 3 3 6 5 6 5 3 5 6 3 0 2 0 2 0 2 4 4 4 4 4 3 5 5 2 5 2
0 18 5 2 5 2 5 2 3 5 2 4 3 5 2 5 2 5 2 5
0 28 0 3 3 3 5 2 5 2 5 2 5 2 4 4 4 3 4 4 4 4 4 3 5 2 5 2 5 2
0 10 3 5 2 5 2 5 2 5 2 4
0 73 0 6 3 6 3 4 6 6 3 4 6 4 6 3 4 6 4 6 6 3 6 3 4 4 6 4 6 4 2 5 0 3 5 1 4 0 3 0 1 6 3 3 1 1 3 1 1 3 1 3 1 3 1 1 1 6 6 3 3 1 6 3 3 1 3 1 3 1 3 1 1 2 5
0 36 6 3 3 1 1 1 1 6 6 3 3 1 3 1 3 3 3 3 3 3 3 4 3 5 2 5 2 5 2 4 4 4 3 2 5 0
0 78 0 3 3 3 5 2 5 2 5 2 5 2 4 4 4 3 4 4 4 4 4 3 5 2 5 2 5 2 3 5 0 2 0 2 0 2 4 0 5 3 3 3 3 3 3 3 3 3 3 0 6 3 6 3 6 3 6 3 5 6 3 4 6 4 6 5 2 5 0 3 5 1 1 1 1 5 2 5
0 17 5 2 5 2 5 2 5 2 3 5 5 5 2 5 2 5 2
0 32 6 3 3 1 1 1 1 6 6 3 3 1 3 1 3 3 3 3 3 3 3 4 3 5 2 5 2 5 2 4 4 4
0 54 0 3 3 3 3 3 3 3 3 3 3 3 6 3 3 1 3 1 3 1 1 4 6 6 3 6 3 4 6 6 3 5 1 1 4 6 6 3 5 2 5 0 3 0 1 5 2 5 2 5 2 5 2 5
0 28 0 6 4 6 6 4 1 0 2 0 2 0 2 3 3 5 6 6 6 6 5 3 5 2 5 2 5 2
0 16 5 2 5 2 5 2 4 4 4 3 5 2 4 4 4 4
0 46 0 5 3 3 3 3 3 3 3 3 6 3 3 1 3 1 1 3 1 3 1 1 1 6 5 5 2 5 2 3 5 2 5 2 5 2 5 2 5 2 3 5 2 5 2 5
0 12 0 5 3 3 3 3 5 2 5 2 5 2
0 10 5 2 4 3 5 5 2 5 2 5
0 7 5 2 5 2 5 2 4
0 48 6 3 0 2 0 0 3 5 6 5 6 6 0 2 0 2 0 3 5 3 3 0 2 0 2 0 2 0 2 3 6 6 5 0 3 3 5 6 3 4 1 6 4 4 5 2 5 2
0 26 6 3 3 1 1 3 1 1 3 1 1 3 1 1 3 1 1 1 1 6 5 2 5 2 5 2
0 68 6 3 3 1 1 3 1 3 1 3 1 1 3 1 1 1 1 6 5 2 5 2 5 2 5 2 5 2 4 4 4 4 4 3 5 2 5 2 5 2 3 5 2 5 2 5 2 5 2 3 5 2 5 2 5 2 5 2 5 2 3 5 2 5 2 5 2 4
0 90 5 2 5 2 5 2 4 4 4 3 5 2 5 2 5 2 5 2 5 2 3 5 5 5 2 5 2 3 0 2 0 2 0 2 0 2 0 2 6 3 3 0 0 2 0 2 0 2 0 2 0 2 0 0 5 6 5 5 6 6 5 5 6 6 0 4 6 6 3 3 1 3 1 3 1 3 1 1 3 1 5 3 3 3 3 5 2 5 2 5
0 7 5 2 5 2 5 2 5
0 98 0 3 3 3 3 3 3 5 2 5 2 5 2 5 2 5 2 3 6 3 3 1 3 1 1 1 1 6 0 0 2 0 2 0 2 0 2 0 2 0 2 0 2 0 2 5 5 5 5 0 3 3 3 3 0 0 2 0 2 0 2 0 2 6 6 6 5 5 3 3 3 5 3 3 6 5 6 5 3 5 6 3 0 2 0 2 0 2 4 4 4 4 4 3 5 5 2 5
0 10 0 3 3 3 3 3 5 2 5 2
0 63 0 1 4 4 6 0 2 0 2 0 2 0 2 5 6 5 3 5 6 6 5 6 0 4 4 6 6 6 0 2 0 2 0 2 0 2 0 2 3 3 5 5 6 5 3 3 3 4 1 4 1 6 0 1 1 6 5 4 4 4 3 5 2
0 89 6 3 3 1 1 3 1 3 1 3 1 1 3 1 1 1 1 6 5 2 5 2 5 2 5 2 5 2 4 4 4 4 4 3 5 2 5 2 5 2 3 5 2 5 2 5 2 5 2 3 5 2 5 2 5 2 5 2 5 2 3 5 2 5 2 5 2 4 4 4 4 3 3 3 3 3 3 0 3 3 3 3 3 5 2 5 2 5 2
