345 8
1 0 
1 129 1 0 5 7 2 1 2 1 2 1 2 1 2 1 2 7 5 3 6 6 6 1 7 6 6 6 6 6 6 6 6 7 1 2 1 2 1 2 1 0 0 0 0 0 0 0 0 0 0 0 0 0 0 0 0 0 0 0 0 0 0 0 0 0 0 0 0 0 0 1 2 0 0 0 0 0 0 0 0 0 0 0 0 3 3 0 0 0 0 0 0 0 0 1 2 1 2 1 2 3 7 6 6 6 0 0 0 0 0 0 0 0 3 1 1 1 1 1 1 3 1 1 1 1 3 1 1 1 1
1 9 4 3 3 3 3 0 0 0 0
1 62 3 3 3 3 5 7 4 1 2 1 2 0 0 1 2 1 2 1 2 1 2 0 0 6 6 6 6 6 7 7 3 0 0 0 0 0 0 0 0 1 2 1 2 1 2 3 1 1 3 1 0 0 0 0 0 0 0 0 0 0 0 0
1 175 4 3 3 3 3 1 2 1 2 1 2 0 0 0 0 0 0 0 0 0 0 3 3 3 1 1 1 1 1 1 3 1 1 1 1 2 1 2 1 2 7 6 6 6 0 6 7 6 6 6 6 6 6 3 1 1 1 3 3 3 1 1 1 1 1 7 3 5 1 2 1 2 1 2 1 2 1 2 1 2 1 3 1 1 1 1 3 1 1 0 0 0 0 0 0 1 2 1 2 1 2 1 2 3 1 3 1 1 0 0 0 0 0 0 0 0 6 6 6 6 6 7 3 6 7 4 3 3 3 3 1 2 1 2 1 2 1 2 0 0 0 0 0 0 0 0 0 0 0 0 0 0 1 2 1 2 1 2 1 2 0 0 0 0 0 0 0 0 3 3 3 3 3 5 7
1 355 4 1 0 0 0 0 0 0 2 0 7 1 2 1 2 1 2 6 6 6 7 7 6 6 7 6 6 6 6 6 7 1 7 7 6 6 6 6 6 6 5 6 6 1 2 1 2 1 2 1 2 1 0 0 0 0 0 0 0 0 0 0 1 2 1 2 1 2 1 2 3 1 1 1 1 3 1 1 3 3 1 1 1 2 1 2 1 2 1 2 0 0 0 0 0 0 0 0 0 0 0 0 6 6 6 6 6 6 3 0 3 0 0 0 4 1 2 1 2 1 2 1 2 0 0 0 0 0 0 0 0 1 2 1 2 1 2 1 2 1 2 0 0 0 0 3 1 1 1 1 3 3 1 1 0 0 0 0 0 0 0 0 0 0 0 0 1 6 5 1 4 1 4 4 4 0 2 0 2 0 2 0 2 0 2 1 5 1 2 0 0 0 0 0 0 0 0 0 0 0 0 1 2 0 0 0 0 0 0 0 0 0 0 0 0 0 0 0 0 0 0 3 1 1 1 1 3 1 1 1 0 0 0 0 0 0 0 0 0 0 0 0 0 0 0 0 0 0 0 0 0 0 1 2 1 2 1 2 1 2 1 2 3 3 3 3 3 2 0 7 1 2 1 2 0 0 3 0 0 0 0 0 0 1 2 1 2 1 2 3 1 1 1 1 1 3 1 1 1 3 0 0 0 0 0 0 0 0 0 0 0 0 1 2 1 2 1 2 1 2 0 0 0 0 1 2 1 2 1 2 1 2 1 2 0 0 0 0 3 6 6 6 6 6 6 0 6 6 6 6 6 7 7 7 7
1 15 1 1 4 4 0 5 7 0 0 0 0 3 0 0 0
1 100 0 0 1 6 5 1 4 4 1 4 4 4 1 4 4 4 4 4 1 4 4 4 0 2 0 2 0 2 0 2 0 2 1 5 1 2 1 2 4 0 0 0 0 0 0 0 0 0 0 1 2 1 2 0 0 0 1 6 5 1 4 4 4 4 4 1 4 4 4 4 4 1 4 4 4 1 4 4 0 2 0 2 0 2 0 2 0 2 1 5 0 0 0 0 0 0 0 0 0 0
1 53 4 3 3 3 3 5 7 3 3 3 3 5 7 3 3 3 3 1 6 5 4 0 2 0 2 0 2 0 2 0 2 1 5 1 2 1 2 1 2 1 2 6 6 6 6 0 3 6 6 6 6 6 7
1 199 0 0 0 0 1 6 5 1 4 4 4 1 4 4 4 1 5 1 2 1 2 1 2 1 2 1 2 0 0 0 0 1 2 1 2 1 2 1 2 1 2 3 3 3 1 2 1 2 1 2 1 2 3 5 5 5 1 3 3 3 1 1 1 0 0 0 0 3 3 3 3 1 3 1 3 7 1 2 1 2 1 2 6 6 7 7 3 3 1 1 1 1 3 1 0 0 0 0 0 0 0 0 0 0 3 3 1 0 0 3 1 1 1 1 1 1 2 1 2 1 2 1 2 0 0 0 0 0 0 0 0 0 0 0 0 0 0 0 0 0 0 0 0 0 0 1 2 1 2 1 2 0 0 0 0 0 0 0 0 0 0 0 0 0 0 0 0 0 0 0 0 3 1 1 1 1 3 3 3 3 3 3 2 0 7 1 2 1 2 1 2 1 2 1 2 4 0 5 7
1 72 4 3 3 3 3 1 2 1 2 1 2 1 2 0 0 0 0 0 0 1 2 3 3 6 6 6 6 0 1 2 1 2 0 0 0 0 0 0 0 0 0 0 1 2 1 2 1 2 1 2 0 0 0 0 0 0 0 0 3 1 1 3 5 0 0 0 0 7 3 3 3 7
1 83 4 3 1 2 0 0 0 0 0 0 0 0 0 0 3 3 3 1 1 0 0 3 3 3 3 1 1 1 1 1 3 1 3 3 3 3 1 1 1 0 0 0 0 0 0 6 7 5 6 6 6 6 6 6 0 4 3 0 0 0 0 3 1 1 3 3 1 1 1 1 1 1 3 1 1 1 1 1 2 1 2 1 2
1 12 1 1 1 1 0 0 1 1 4 0 5 7
1 7 3 3 3 3 3 5 7
1 133 3 3 1 6 5 1 4 4 4 4 4 4 1 4 4 4 4 4 1 4 4 4 4 4 4 4 0 2 0 2 0 2 0 2 1 5 0 0 0 0 0 0 0 0 0 0 7 7 1 2 1 2 1 2 1 2 1 2 1 2 3 1 1 1 1 1 3 1 1 1 1 0 0 0 0 0 0 0 0 0 0 1 1 2 1 2 1 2 1 2 1 2 3 3 3 2 1 2 0 0 0 0 0 0 0 0 0 0 0 0 0 0 1 2 1 2 1 2 1 2 1 2 6 6 6 6 7 0 0 0 0 0 0
1 181 4 3 0 0 0 0 0 0 3 6 6 6 6 6 7 1 3 1 1 1 1 1 1 3 3 1 1 1 1 1 3 3 3 3 3 1 3 1 3 7 5 3 3 3 1 6 5 1 4 1 4 1 4 4 4 4 4 4 0 2 0 2 0 2 1 5 2 0 7 1 2 1 2 1 2 1 2 1 2 1 3 3 3 1 1 3 1 1 1 1 1 3 1 3 1 1 1 1 3 1 1 1 1 1 3 1 1 1 1 1 0 0 0 0 0 0 1 2 1 2 1 2 1 2 1 2 1 2 1 2 1 2 1 2 1 2 1 2 5 3 3 0 0 0 0 0 0 0 0 0 0 0 0 0 0 6 6 6 6 6 6 6 6 0 5 6 0 1 2 1 2 0 0 0 0 0 0 0 0 0 0
1 108 0 0 0 3 3 3 3 3 3 1 3 3 3 7 1 2 1 2 1 2 6 6 6 6 6 0 0 0 0 0 0 0 0 0 0 0 0 1 2 1 2 1 2 1 2 1 2 0 0 0 0 0 0 0 0 0 0 1 2 1 2 1 2 1 2 1 2 6 7 7 7 1 6 6 6 6 7 6 6 6 0 7 6 6 6 7 3 1 1 1 1 1 1 0 3 3 3 3 3 2 1 2 1 2 1 2 1 2
1 21 1 4 4 0 0 0 0 0 4 1 4 1 0 5 7 0 7 1 2 1 2
1 105 3 3 0 0 0 0 0 2 1 2 1 2 1 2 1 2 1 2 3 3 1 1 1 1 3 1 3 3 1 1 0 0 0 0 3 0 0 0 0 3 0 0 0 0 1 0 0 0 0 0 0 0 0 0 0 0 0 0 0 0 0 0 0 1 2 6 1 1 7 1 0 0 0 0 0 0 7 6 6 6 6 6 7 1 2 0 0 5 7 1 4 1 1 1 0 5 7 1 4 1 1 1 0 5 7
1 77 1 4 4 1 1 0 5 7 0 2 1 2 1 2 1 2 1 2 1 2 0 0 0 0 0 0 3 3 3 1 3 1 1 6 7 7 1 7 1 7 3 3 1 3 1 1 1 1 1 2 0 0 0 0 0 0 0 0 7 6 6 6 7 1 0 0 0 0 0 0 1 1 4 4 0 5 7
1 140 3 3 3 3 3 1 3 3 3 7 3 1 1 0 0 0 0 0 0 0 0 0 0 0 0 0 0 0 0 0 0 1 2 1 2 1 2 0 0 0 0 0 0 0 0 0 0 0 0 0 0 0 0 0 0 0 0 3 1 2 1 2 1 2 1 2 0 0 1 3 1 1 1 1 3 6 6 6 3 5 6 6 6 1 7 7 0 0 0 0 0 0 0 0 4 1 2 1 2 3 3 3 3 0 0 3 3 2 0 7 1 2 1 2 0 0 0 0 3 1 1 1 1 3 1 3 5 3 1 3 1 3 3 3 3 3 0 0 0 0
1 46 0 0 0 0 0 3 7 3 2 0 7 1 2 1 2 1 2 1 2 1 2 1 2 1 2 3 1 1 1 3 1 3 3 1 3 3 1 1 1 1 3 3 3 0 5 7
1 31 4 3 1 2 3 5 5 1 2 1 2 1 2 1 2 3 1 1 1 1 3 0 0 0 0 3 3 3 3 0 0
1 71 0 0 0 3 7 1 2 1 2 1 2 1 2 0 0 0 0 1 2 1 2 1 2 1 2 3 1 3 3 1 1 1 3 1 2 1 2 1 2 1 2 6 0 6 6 6 6 6 7 6 6 6 6 6 7 5 0 0 0 0 0 0 0 0 0 0 3 3 3 3 3
1 80 4 0 0 0 0 0 0 0 0 0 1 6 5 1 4 4 4 0 2 0 2 0 2 0 2 0 2 1 5 1 2 1 2 1 2 3 3 1 1 1 3 6 0 7 6 6 6 6 6 6 0 1 2 1 2 1 2 1 2 1 2 3 1 1 1 1 1 1 3 3 3 1 1 1 3 3 3 1 1 1
1 168 3 3 5 7 1 3 3 3 7 1 2 1 2 1 2 1 2 1 2 1 2 1 2 3 1 1 1 1 3 1 1 1 1 1 1 3 1 1 1 1 1 0 0 0 0 0 0 0 0 0 0 0 0 0 0 0 0 0 0 0 0 0 0 0 0 0 0 0 0 1 2 1 2 1 2 1 2 0 0 0 0 0 0 1 2 1 2 1 2 6 0 7 7 5 0 0 0 0 1 6 5 4 0 2 0 2 0 2 1 5 1 2 0 0 0 0 0 0 0 0 0 0 1 2 1 2 1 2 1 2 6 6 6 6 7 6 6 6 6 6 6 6 6 6 1 1 3 3 1 6 5 1 4 4 1 4 4 4 1 4 4 4 0 2 0 2 1 5
1 227 0 0 7 1 2 1 2 1 2 0 0 0 0 0 0 1 3 1 1 6 6 6 6 1 7 1 1 1 6 6 6 6 6 7 5 0 0 0 0 0 0 0 0 0 1 2 1 2 1 2 1 2 3 1 1 1 1 0 0 6 6 6 6 6 6 6 0 6 6 6 6 0 0 0 0 1 2 1 2 1 2 1 2 0 0 0 0 0 0 0 0 0 0 1 2 1 2 1 2 1 2 1 2 3 1 1 1 3 3 0 0 0 0 0 0 0 0 0 0 0 0 1 2 1 2 4 3 3 1 2 1 2 0 0 0 0 0 0 0 0 0 0 1 6 6 6 6 6 7 6 6 6 6 6 1 7 7 1 7 3 3 1 2 1 2 1 2 1 2 0 0 3 1 2 7 6 6 6 6 7 7 6 6 6 6 7 6 6 6 6 3 3 1 1 1 1 1 2 1 2 1 2 1 2 1 2 0 0 0 0 0 0 1 4 4 0 5 7 1 4 1 0 0 0 0 0 0
1 7 3 0 0 0 0 5 7
1 2 0 0
1 69 4 0 0 0 0 0 0 0 0 0 0 1 2 1 2 1 2 1 2 1 2 6 6 6 6 6 6 7 1 7 1 7 3 1 1 3 7 1 3 1 1 1 1 1 3 0 0 0 0 0 0 1 2 1 2 1 2 1 2 1 2 3 1 0 5 7 3 5 7
0 15 3 3 3 3 3 1 6 5 1 4 4 4 4 4 4
0 37 1 1 1 0 5 7 0 0 1 6 5 1 4 4 4 4 4 1 4 4 4 4 4 1 4 4 4 4 4 4 0 2 0 2 0 2 1
0 13 0 0 0 0 0 3 3 3 3 1 3 3 3
0 28 1 1 1 0 5 7 0 0 1 6 5 1 4 4 4 4 4 1 4 4 4 4 4 1 4 4 4 4
0 18 0 0 1 6 5 1 4 4 1 4 4 4 4 1 4 4 4 4
0 28 0 0 0 0 0 1 6 5 1 4 4 4 4 1 4 4 4 1 4 4 4 4 4 1 4 4 1 4
0 6 3 1 3 3 3 3
0 15 1 6 5 1 4 4 4 4 4 4 4 0 2 0 2
0 20 0 0 1 6 5 1 4 4 1 4 4 4 4 1 4 4 4 4 4 1
0 14 1 1 4 0 0 5 7 3 3 3 3 1 6 5
0 7 3 3 5 7 0 1 6
0 13 0 0 0 0 1 6 5 1 4 1 4 4 0
0 20 1 1 1 0 5 7 0 0 1 6 5 1 4 4 4 4 4 1 4 4
0 14 0 1 6 5 1 4 4 4 4 4 4 4 0 2
0 6 3 3 5 7 0 1
0 11 3 3 5 7 0 1 6 5 1 4 1
0 6 3 3 3 3 3 5
0 1 5
0 2 0 1
0 9 1 4 0 5 7 3 5 7 1
0 13 0 5 7 3 3 3 3 3 1 3 3 3 3
0 28 3 3 3 3 3 1 6 5 1 4 4 4 4 4 4 1 4 4 4 4 4 1 4 4 4 1 4 4
0 11 0 0 0 0 0 1 6 5 1 4 4
0 12 0 5 7 3 3 3 3 3 1 3 3 3
0 11 0 0 0 0 0 3 3 3 3 1 3
0 12 3 3 3 3 3 5 7 1 4 4 0 5
0 10 1 4 0 5 7 3 5 7 1 4
0 17 3 3 3 3 3 1 6 5 1 4 4 4 4 4 4 1 4
0 32 3 3 3 3 3 1 6 5 1 4 4 4 4 4 4 1 4 4 4 4 4 4 1 4 4 4 4 4 0 2 0 2
0 9 3 3 3 3 3 1 6 5 1
0 23 1 1 1 0 5 7 0 0 1 6 5 1 4 4 4 4 4 1 4 4 4 4 4
0 17 0 1 6 5 1 4 4 4 4 4 4 4 0 2 0 2 1
0 23 3 3 0 0 0 0 0 3 5 7 0 0 0 1 6 5 1 4 4 4 0 2 1
0 31 1 1 4 0 0 5 7 3 3 3 3 1 6 5 1 4 4 4 4 4 4 1 4 4 4 4 4 4 4 0 2
0 31 3 3 3 3 3 1 6 5 1 4 4 4 4 4 4 1 4 4 4 4 4 1 4 4 4 1 4 4 4 4 4
0 12 0 0 0 0 1 6 5 1 4 1 4 4
0 22 0 0 0 0 0 1 6 5 1 4 4 4 4 1 4 4 4 1 4 4 4 4
0 19 0 0 1 6 5 1 4 4 1 4 4 4 4 1 4 4 4 4 4
0 5 0 0 0 0 1
0 11 0 0 0 0 1 6 5 1 4 1 4
0 17 1 1 4 0 0 5 7 3 3 3 3 1 6 5 1 4 4
0 6 0 1 6 5 1 4
0 7 0 0 0 0 0 1 6
0 34 1 1 4 0 0 5 7 3 3 3 3 1 6 5 1 4 4 4 4 4 4 1 4 4 4 4 4 4 4 0 2 0 2 0
0 6 3 3 1 3 1 3
0 16 1 1 4 0 0 5 7 3 3 3 3 1 6 5 1 4
0 6 0 0 0 0 0 1
0 9 0 1 6 5 1 4 4 4 4
0 20 1 6 5 1 4 4 4 4 4 4 4 0 2 0 2 0 2 0 2 0
0 39 3 3 3 3 3 1 6 5 1 4 4 4 4 4 4 1 4 4 4 4 4 4 1 4 4 4 4 4 0 2 0 2 0 2 0 2 0 2 1
0 14 3 3 5 7 0 1 6 5 1 4 1 4 4 4
0 15 0 0 0 0 0 3 3 3 3 1 3 3 3 1 3
0 26 1 1 1 0 5 7 0 0 1 6 5 1 4 4 4 4 4 1 4 4 4 4 4 1 4 4
0 18 1 6 5 1 4 4 4 4 4 4 4 0 2 0 2 0 2 0
0 38 3 3 3 3 3 1 6 5 1 4 4 4 4 4 4 1 4 4 4 4 4 4 1 4 4 4 4 4 0 2 0 2 0 2 0 2 0 2
0 17 0 5 7 3 3 3 3 3 1 3 3 3 3 3 1 3 1
0 37 1 1 4 0 0 5 7 3 3 3 3 1 6 5 1 4 4 4 4 4 4 1 4 4 4 4 4 4 4 0 2 0 2 0 2 0 2
0 13 1 1 4 0 0 5 7 3 3 3 3 1 6
0 15 0 0 0 0 0 1 6 5 1 4 4 4 4 1 4
0 34 3 3 3 3 3 1 6 5 1 4 4 4 4 4 4 1 4 4 4 4 4 4 1 4 4 4 4 4 0 2 0 2 0 2
0 19 3 3 3 3 3 1 6 5 1 4 4 4 4 4 4 1 4 4 4
0 12 3 3 3 3 3 1 6 5 1 4 4 4
0 31 1 1 1 0 5 7 0 0 1 6 5 1 4 4 4 4 4 1 4 4 4 4 4 1 4 4 4 4 4 4 0
0 4 3 3 1 3
0 17 1 6 5 1 4 4 4 4 4 4 4 0 2 0 2 0 2
0 38 1 1 4 0 0 5 7 3 3 3 3 1 6 5 1 4 4 4 4 4 4 1 4 4 4 4 4 4 4 0 2 0 2 0 2 0 2 1
0 18 5 7 3 0 0 3 3 3 3 3 1 6 5 4 0 2 0 2
0 26 1 1 4 0 0 5 7 3 3 3 3 1 6 5 1 4 4 4 4 4 4 1 4 4 4 4
0 21 1 1 1 0 5 7 0 0 1 6 5 1 4 4 4 4 4 1 4 4 4
0 6 3 3 5 7 3 5
0 10 0 1 6 5 1 4 4 4 4 4
0 30 1 1 4 0 0 5 7 3 3 3 3 1 6 5 1 4 4 4 4 4 4 1 4 4 4 4 4 4 4 0
0 11 1 4 0 5 7 3 5 7 1 4 4
0 9 3 3 1 3 1 3 3 3 1
0 3 1 1 1
0 24 1 1 4 0 0 5 7 3 3 3 3 1 6 5 1 4 4 4 4 4 4 1 4 4
0 27 3 3 5 7 0 1 6 5 1 4 1 4 4 4 4 1 4 4 4 4 4 4 4 0 2 0 2
0 2 1 3
0 32 3 3 3 3 3 1 6 5 1 4 4 4 4 4 4 1 4 4 4 4 4 1 4 4 4 1 4 4 4 4 4 4
0 28 1 1 4 0 0 5 7 3 3 3 3 1 6 5 1 4 4 4 4 4 4 1 4 4 4 4 4 4
0 3 1 6 5
0 18 0 5 7 3 3 3 3 3 1 3 3 3 3 3 1 3 1 3
0 7 3 3 1 3 1 3 3
0 4 0 1 6 5
0 18 0 0 0 0 0 1 6 5 1 4 4 4 4 1 4 4 4 1
0 5 1 1 1 1 4
0 13 0 1 6 5 1 4 4 4 4 4 4 4 0
0 28 3 3 3 3 3 1 6 5 1 4 4 4 4 4 4 1 4 4 4 4 4 4 1 4 4 4 4 4
0 4 1 3 1 3
0 7 3 1 3 3 3 3 3
0 8 0 0 0 0 0 1 6 5
0 12 1 1 4 0 0 5 7 3 3 3 3 1
0 9 0 5 7 3 3 3 3 3 1
0 26 3 3 3 3 3 1 6 5 1 4 4 4 4 4 4 1 4 4 4 4 4 4 1 4 4 4
0 21 3 3 5 7 0 1 6 5 1 4 1 4 4 4 4 1 4 4 4 4 4
0 27 1 1 4 0 0 5 7 3 3 3 3 1 6 5 1 4 4 4 4 4 4 1 4 4 4 4 4
0 13 1 6 5 1 4 4 4 4 4 4 4 0 2
0 15 0 0 1 6 5 1 4 4 1 4 4 4 4 1 4
0 21 3 3 0 0 0 0 0 3 5 7 0 0 0 1 6 5 1 4 4 4 0
0 5 1 6 5 1 4
0 5 1 1 1 4 1
0 4 1 4 1 1
0 14 0 5 7 3 3 3 3 3 1 3 3 3 3 3
0 15 1 1 1 0 5 7 0 0 1 6 5 1 4 4 4
0 20 3 3 3 3 3 1 6 5 1 4 4 4 4 4 4 1 4 4 4 4
0 3 0 1 4
0 5 1 3 1 3 3
0 3 0 1 6
0 19 1 6 5 1 4 4 4 4 4 4 4 0 2 0 2 0 2 0 2
0 5 3 1 3 3 3
0 6 0 0 0 0 1 6
0 30 1 1 1 0 5 7 0 0 1 6 5 1 4 4 4 4 4 1 4 4 4 4 4 1 4 4 4 4 4 4
0 6 1 1 4 0 0 5
0 33 1 1 1 0 5 7 0 0 1 6 5 1 4 4 4 4 4 1 4 4 4 4 4 1 4 4 4 4 4 4 0 2 0
0 9 3 3 0 0 0 0 0 3 5
0 3 1 3 1
0 17 0 0 1 6 5 1 4 4 1 4 4 4 4 1 4 4 4
0 4 1 1 1 1
0 15 3 3 5 7 0 1 6 5 1 4 1 4 4 4 4
0 8 0 1 4 4 0 5 7 1
0 27 3 3 3 3 3 1 6 5 1 4 4 4 4 4 4 1 4 4 4 4 4 4 1 4 4 4 4
0 6 3 3 3 3 3 1
0 9 1 6 5 1 4 4 4 4 4
0 22 3 3 3 3 3 1 6 5 1 4 4 4 4 4 4 1 4 4 4 4 4 4
0 27 1 1 1 0 5 7 0 0 1 6 5 1 4 4 4 4 4 1 4 4 4 4 4 1 4 4 4
0 9 3 1 3 3 3 3 3 3 3
0 14 0 0 1 6 5 1 4 4 1 4 4 4 4 1
0 7 0 1 6 5 1 4 4
0 16 3 3 5 7 0 1 6 5 1 4 1 4 4 4 4 1
0 5 3 5 7 0 5
0 25 0 0 0 0 0 1 6 5 1 4 4 4 4 1 4 4 4 1 4 4 4 4 4 1 4
0 23 0 0 0 0 0 1 6 5 1 4 4 4 4 1 4 4 4 1 4 4 4 4 4
0 18 3 3 5 7 0 1 6 5 1 4 1 4 4 4 4 1 4 4
0 12 5 7 3 0 0 3 3 3 3 3 1 6
0 13 3 3 3 3 3 1 6 5 1 4 4 4 4
0 4 3 5 7 5
0 12 1 1 1 0 5 7 0 0 1 6 5 1
0 10 3 3 5 7 0 1 6 5 1 4
0 7 0 0 1 6 5 1 4
0 18 3 3 3 3 3 1 6 5 1 4 4 4 4 4 4 1 4 4
0 36 1 1 1 0 5 7 0 0 1 6 5 1 4 4 4 4 4 1 4 4 4 4 4 1 4 4 4 4 4 4 0 2 0 2 0 2
0 13 1 1 1 0 5 7 0 0 1 6 5 1 4
0 31 0 0 0 0 0 1 6 5 1 4 4 4 4 1 4 4 4 1 4 4 4 4 4 1 4 4 1 4 4 4 1
0 10 1 6 5 1 4 4 4 4 4 4
0 12 0 1 6 5 1 4 4 4 4 4 4 4
0 17 1 1 1 0 5 7 0 0 1 6 5 1 4 4 4 4 4
0 30 3 3 3 3 3 1 6 5 1 4 4 4 4 4 4 1 4 4 4 4 4 4 1 4 4 4 4 4 0 2
0 5 1 1 1 0 5
0 8 1 6 5 1 4 4 4 4
0 18 3 3 0 0 0 0 0 3 5 7 0 0 0 1 6 5 1 4
0 23 3 3 3 3 3 1 6 5 1 4 4 4 4 4 4 1 4 4 4 4 4 1 4
0 25 1 1 4 0 0 5 7 3 3 3 3 1 6 5 1 4 4 4 4 4 4 1 4 4 4
0 7 1 4 0 5 7 3 5
0 33 1 1 4 0 0 5 7 3 3 3 3 1 6 5 1 4 4 4 4 4 4 1 4 4 4 4 4 4 4 0 2 0 2
0 2 0 5
0 6 1 4 0 3 3 5
0 14 1 1 1 0 5 7 0 0 1 6 5 1 4 4
0 19 5 7 3 0 0 3 3 3 3 3 1 6 5 4 0 2 0 2 1
0 2 1 6
0 28 3 3 5 7 0 1 6 5 1 4 1 4 4 4 4 1 4 4 4 4 4 4 4 0 2 0 2 1
0 13 0 0 0 0 0 1 6 5 1 4 4 4 4
0 11 1 6 5 1 4 4 4 4 4 4 4
0 6 0 0 1 6 5 1
0 9 0 0 1 6 5 1 4 4 1
0 19 3 3 0 0 0 0 0 3 5 7 0 0 0 1 6 5 1 4 4
0 26 0 0 0 0 0 1 6 5 1 4 4 4 4 1 4 4 4 1 4 4 4 4 4 1 4 4
0 10 0 5 7 3 3 3 3 3 1 3
0 4 3 1 3 3
0 9 1 1 1 0 5 7 0 0 1
0 15 5 7 3 0 0 3 3 3 3 3 1 6 5 4 0
0 18 1 1 1 0 5 7 0 0 1 6 5 1 4 4 4 4 4 1
0 6 1 6 5 1 4 4
0 22 3 3 3 3 3 1 6 5 1 4 4 4 4 4 4 1 4 4 4 4 4 1
0 3 1 1 4
0 33 3 3 3 3 3 1 6 5 1 4 4 4 4 4 4 1 4 4 4 4 4 4 1 4 4 4 4 4 0 2 0 2 0
0 8 3 3 5 7 0 1 6 5
0 25 3 3 3 3 3 1 6 5 1 4 4 4 4 4 4 1 4 4 4 4 4 1 4 4 4
0 14 5 7 3 0 0 3 3 3 3 3 1 6 5 4
0 13 0 0 1 6 5 1 4 4 1 4 4 4 4
0 12 3 3 5 7 0 1 6 5 1 4 1 4
0 22 1 6 5 1 4 4 4 4 4 4 4 0 2 0 2 0 2 0 2 0 2 1
0 27 0 0 0 0 0 1 6 5 1 4 4 4 4 1 4 4 4 1 4 4 4 4 4 1 4 4 1
0 10 0 0 0 0 0 3 3 3 3 1
0 36 3 3 3 3 3 1 6 5 1 4 4 4 4 4 4 1 4 4 4 4 4 4 1 4 4 4 4 4 0 2 0 2 0 2 0 2
0 29 3 3 3 3 3 1 6 5 1 4 4 4 4 4 4 1 4 4 4 4 4 1 4 4 4 1 4 4 4
0 13 5 7 3 0 0 3 3 3 3 3 1 6 5
0 24 3 3 5 7 0 1 6 5 1 4 1 4 4 4 4 1 4 4 4 4 4 4 4 0
0 12 0 0 0 0 0 1 6 5 1 4 4 4
0 22 1 1 4 0 0 5 7 3 3 3 3 1 6 5 1 4 4 4 4 4 4 1
0 3 3 1 3
0 16 3 3 3 3 3 1 6 5 1 4 4 4 4 4 4 1
0 7 1 1 1 1 4 0 5
0 17 3 3 5 7 0 1 6 5 1 4 1 4 4 4 4 1 4
0 14 0 0 0 0 0 3 3 3 3 1 3 3 3 1
0 15 0 1 6 5 1 4 4 4 4 4 4 4 0 2 0
0 29 0 0 0 0 0 1 6 5 1 4 4 4 4 1 4 4 4 1 4 4 4 4 4 1 4 4 1 4 4
0 19 1 1 4 0 0 5 7 3 3 3 3 1 6 5 1 4 4 4 4
0 15 0 0 0 0 1 6 5 1 4 1 4 4 0 2 1
0 24 0 0 0 0 0 1 6 5 1 4 4 4 4 1 4 4 4 1 4 4 4 4 4 1
0 4 1 4 0 5
0 11 3 3 3 3 3 1 6 5 1 4 4
0 16 1 1 1 0 5 7 0 0 1 6 5 1 4 4 4 4
0 3 1 4 1
0 16 0 5 7 3 3 3 3 3 1 3 3 3 3 3 1 3
0 18 1 1 4 0 0 5 7 3 3 3 3 1 6 5 1 4 4 4
0 16 0 0 0 0 0 1 6 5 1 4 4 4 4 1 4 4
0 16 0 0 1 6 5 1 4 4 1 4 4 4 4 1 4 4
0 21 1 6 5 1 4 4 4 4 4 4 4 0 2 0 2 0 2 0 2 0 2
0 31 3 3 3 3 3 1 6 5 1 4 4 4 4 4 4 1 4 4 4 4 4 4 1 4 4 4 4 4 0 2 0
0 10 0 0 0 0 0 1 6 5 1 4
0 2 3 5
0 16 0 1 6 5 1 4 4 4 4 4 4 4 0 2 0 2
0 3 1 0 5
0 8 3 3 3 3 3 1 6 5
0 24 3 3 3 3 3 1 6 5 1 4 4 4 4 4 4 1 4 4 4 4 4 1 4 4
0 11 0 1 6 5 1 4 4 4 4 4 4
0 30 3 3 3 3 3 1 6 5 1 4 4 4 4 4 4 1 4 4 4 4 4 1 4 4 4 1 4 4 4 4
0 8 0 0 1 6 5 1 4 4
0 14 3 3 3 3 3 1 6 5 1 4 4 4 4 4
0 5 3 3 1 3 1
0 3 0 0 1
0 23 3 3 3 3 3 1 6 5 1 4 4 4 4 4 4 1 4 4 4 4 4 4 1
0 24 3 3 3 3 3 1 6 5 1 4 4 4 4 4 4 1 4 4 4 4 4 4 1 4
0 8 3 3 3 3 3 5 7 1
0 17 3 3 0 0 0 0 0 3 5 7 0 0 0 1 6 5 1
0 16 3 3 0 0 0 0 0 3 5 7 0 0 0 1 6 5
0 33 3 3 3 3 3 1 6 5 1 4 4 4 4 4 4 1 4 4 4 4 4 1 4 4 4 1 4 4 4 4 4 4 1
0 22 3 3 5 7 0 1 6 5 1 4 1 4 4 4 4 1 4 4 4 4 4 4
0 15 0 5 7 3 3 3 3 3 1 3 3 3 3 3 1
0 20 3 3 5 7 0 1 6 5 1 4 1 4 4 4 4 1 4 4 4 4
0 27 3 3 3 3 3 1 6 5 1 4 4 4 4 4 4 1 4 4 4 4 4 1 4 4 4 1 4
0 25 3 3 3 3 3 1 6 5 1 4 4 4 4 4 4 1 4 4 4 4 4 4 1 4 4
0 5 0 1 6 5 1
0 21 1 1 4 0 0 5 7 3 3 3 3 1 6 5 1 4 4 4 4 4 4
0 3 3 3 1
0 5 3 3 3 3 5
0 17 0 0 0 0 0 1 6 5 1 4 4 4 4 1 4 4 4
0 21 3 3 3 3 3 1 6 5 1 4 4 4 4 4 4 1 4 4 4 4 4
0 14 1 6 5 1 4 4 4 4 4 4 4 0 2 0
0 25 3 3 5 7 0 1 6 5 1 4 1 4 4 4 4 1 4 4 4 4 4 4 4 0 2
0 22 1 1 1 0 5 7 0 0 1 6 5 1 4 4 4 4 4 1 4 4 4 4
0 12 0 0 0 0 0 3 3 3 3 1 3 3
0 19 3 3 5 7 0 1 6 5 1 4 1 4 4 4 4 1 4 4 4
0 9 3 3 3 3 3 5 7 1 4
0 32 1 1 1 0 5 7 0 0 1 6 5 1 4 4 4 4 4 1 4 4 4 4 4 1 4 4 4 4 4 4 0 2
0 35 1 1 4 0 0 5 7 3 3 3 3 1 6 5 1 4 4 4 4 4 4 1 4 4 4 4 4 4 4 0 2 0 2 0 2
0 7 3 3 3 3 3 1 6
0 29 1 1 4 0 0 5 7 3 3 3 3 1 6 5 1 4 4 4 4 4 4 1 4 4 4 4 4 4 4
0 34 1 1 1 0 5 7 0 0 1 6 5 1 4 4 4 4 4 1 4 4 4 4 4 1 4 4 4 4 4 4 0 2 0 2
0 10 1 1 1 0 5 7 0 0 1 6
0 10 3 3 1 3 1 3 3 3 1 3
0 11 0 5 7 3 3 3 3 3 1 3 3
0 7 1 6 5 1 4 4 4
0 16 5 7 3 0 0 3 3 3 3 3 1 6 5 4 0 2
0 26 3 3 5 7 0 1 6 5 1 4 1 4 4 4 4 1 4 4 4 4 4 4 4 0 2 0
0 29 3 3 3 3 3 1 6 5 1 4 4 4 4 4 4 1 4 4 4 4 4 4 1 4 4 4 4 4 0
0 6 1 3 1 3 3 3
0 5 1 4 1 1 4
0 35 3 3 3 3 3 1 6 5 1 4 4 4 4 4 4 1 4 4 4 4 4 4 1 4 4 4 4 4 0 2 0 2 0 2 0
0 4 1 4 1 4
0 11 1 1 1 0 5 7 0 0 1 6 5
0 4 0 0 1 6
0 21 0 0 0 0 0 1 6 5 1 4 4 4 4 1 4 4 4 1 4 4 4
0 8 0 1 6 5 1 4 4 4
0 5 0 0 1 6 5
0 15 3 3 0 0 0 0 0 3 5 7 0 0 0 1 6
0 29 1 1 1 0 5 7 0 0 1 6 5 1 4 4 4 4 4 1 4 4 4 4 4 1 4 4 4 4 4
0 11 0 0 1 6 5 1 4 4 1 4 4
0 9 3 3 5 7 0 1 6 5 1
0 22 3 3 0 0 0 0 0 3 5 7 0 0 0 1 6 5 1 4 4 4 0 2
0 14 0 0 0 0 1 6 5 1 4 1 4 4 0 2
0 20 1 1 4 0 0 5 7 3 3 3 3 1 6 5 1 4 4 4 4 4
0 17 5 7 3 0 0 3 3 3 3 3 1 6 5 4 0 2 0
0 23 3 3 5 7 0 1 6 5 1 4 1 4 4 4 4 1 4 4 4 4 4 4 4
0 26 3 3 3 3 3 1 6 5 1 4 4 4 4 4 4 1 4 4 4 4 4 1 4 4 4 1
0 4 1 1 1 4
0 11 5 7 3 0 0 3 3 3 3 3 1
0 10 0 0 1 6 5 1 4 4 1 4
0 1 1
0 25 1 1 1 0 5 7 0 0 1 6 5 1 4 4 4 4 4 1 4 4 4 4 4 1 4
0 37 3 3 3 3 3 1 6 5 1 4 4 4 4 4 4 1 4 4 4 4 4 4 1 4 4 4 4 4 0 2 0 2 0 2 0 2 0
0 13 3 3 5 7 0 1 6 5 1 4 1 4 4
0 3 3 3 5
0 20 3 3 0 0 0 0 0 3 5 7 0 0 0 1 6 5 1 4 4 4
0 14 3 3 0 0 0 0 0 3 5 7 0 0 0 1
0 15 1 1 4 0 0 5 7 3 3 3 3 1 6 5 1
0 6 0 1 4 4 0 5
0 4 1 6 5 1
0 8 3 3 1 3 1 3 3 3
0 14 0 0 0 0 0 1 6 5 1 4 4 4 4 1
0 7 0 0 0 0 1 6 5
0 30 0 0 0 0 0 1 6 5 1 4 4 4 4 1 4 4 4 1 4 4 4 4 4 1 4 4 1 4 4 4
0 16 1 6 5 1 4 4 4 4 4 4 4 0 2 0 2 0
0 4 0 1 4 4
0 2 1 1
0 10 0 0 0 0 1 6 5 1 4 1
0 9 0 0 0 0 1 6 5 1 4
0 10 3 3 3 3 3 5 7 1 4 4
0 12 0 0 1 6 5 1 4 4 1 4 4 4
0 12 1 6 5 1 4 4 4 4 4 4 4 0
0 6 1 1 1 4 0 5
0 10 3 3 3 3 3 1 6 5 1 4
0 24 1 1 1 0 5 7 0 0 1 6 5 1 4 4 4 4 4 1 4 4 4 4 4 1
0 8 0 0 0 0 1 6 5 1
0 32 1 1 4 0 0 5 7 3 3 3 3 1 6 5 1 4 4 4 4 4 4 1 4 4 4 4 4 4 4 0 2 0
0 9 0 0 0 0 0 1 6 5 1
0 8 3 1 3 3 3 3 3 3
0 23 1 1 4 0 0 5 7 3 3 3 3 1 6 5 1 4 4 4 4 4 4 1 4
0 20 0 0 0 0 0 1 6 5 1 4 4 4 4 1 4 4 4 1 4 4
0 35 1 1 1 0 5 7 0 0 1 6 5 1 4 4 4 4 4 1 4 4 4 4 4 1 4 4 4 4 4 4 0 2 0 2 0
0 36 1 1 4 0 0 5 7 3 3 3 3 1 6 5 1 4 4 4 4 4 4 1 4 4 4 4 4 4 4 0 2 0 2 0 2 0
0 19 0 0 0 0 0 1 6 5 1 4 4 4 4 1 4 4 4 1 4
0 2 3 1
0 19 1 1 1 0 5 7 0 0 1 6 5 1 4 4 4 4 4 1 4
0 2 1 4
